0.006714
0.009940
0.015142
0.021096
0.021093
0.022525
0.027004
0.028443
0.044600
0.051736
0.066940
0.079891
0.068255
0.114146
0.119853
0.126032
0.144706
0.295510
0.369396
0.518635
0.512650
0.338206
0.637959
0.406521
0.807353
1.065409
0.516676
0.830202
0.969198
1.114306
0.837094
0.615735
0.805461
0.563357
0.528529
0.602331
0.698592
0.771186
0.591745
0.609543
0.654332
0.653116
0.556443
0.618645
0.879074
0.636227
0.337444
0.471539
0.666213
0.638167
0.742411
0.481929
0.569778
0.514007
0.536776
0.566570
0.525034
0.418347
0.710647
0.670772
0.587815
1.168049
0.652757
0.629400
0.884027
0.636252
0.622938
0.932735
0.740830
0.377497
0.661754
0.607084
1.001731
0.494848
0.861514
0.637366
0.518972
0.461699
0.812711
0.308169
0.476541
0.584331
0.789717
0.697052
0.678594
0.711229
0.561208
0.541545
0.558676
0.720030
0.779634
1.158672
1.001111
0.981843
0.984943
0.969970
0.758991
0.629792
0.732187
0.928853
1.176160
0.970419
0.683168
0.935754
0.976881
0.552611
0.493654
0.559577
0.918079
0.594131
0.422476
0.468099
0.859710
0.540618
0.505624
0.583872
0.580293
0.568012
0.671179
0.415167
0.700724
0.756199
1.002150
0.530922
0.725468
0.823530
0.697120
0.592668
0.923738
0.675763
0.755941
0.666087
0.768093
0.684584
0.629847
0.737136
0.991540
0.886290
0.637946
0.763666
0.745155
0.917019
0.828910
1.572709
0.891388
1.394950
0.978740
1.295693
0.621406
0.811315
0.673381
0.558868
0.664087
0.667737
1.022849
0.822450
0.406558
0.806765
0.687167
0.857188
0.715235
0.727426
0.624910
0.991849
0.637407
1.049365
1.179303
1.338632
0.620795
1.162261
1.511751
0.900667
0.513877
1.052536
1.410217
1.008949
1.016469
0.979374
1.299098
0.829816
0.747331
0.867500
0.903312
1.137040
0.581485
1.086981
1.011116
0.838601
0.797372
0.832673
0.968259
0.561938
0.943255
0.434709
1.031637
1.035980
0.678641
0.946066
0.911059
0.765998
0.698372
1.066496
1.363599
0.634607
0.892671
1.577917
1.144800
0.938571
1.579847
0.732148
0.764298
0.952265
1.192858
0.724384
0.677004
0.560964
1.059826
0.872938
1.063409
0.893341
0.513412
0.945050
0.968737
1.095381
0.872525
1.079853
1.349122
1.124851
0.766914
0.772675
0.649397
0.736029
0.931385
0.939276
1.033148
0.720424
0.925985
1.116973
0.838206
1.600911
1.190364
1.064293
1.341585
0.966128
1.639549
0.797108
1.224792
1.311609
0.859951
1.520176
0.945035
0.768519
0.696529
0.928587
0.810717
0.683513
0.645033
0.844021
0.736003
0.835854
0.975097
0.729100
0.670248
1.116666
1.077947
1.638918
1.030994
1.267814
1.211731
0.915688
0.724031
0.539671
1.440174
0.924642
0.970951
0.869415
1.114678
0.773123
1.289311
1.424269
1.159778
0.860857
1.338801
1.300928
0.882690
0.917344
0.924311
0.479680
0.736939
0.622120
0.820396
0.823857
0.756876
0.927982
0.883751
0.470686
0.972496
1.160974
1.149310
1.232500
1.313811
0.940380
1.006674
1.340204
0.636885
1.221650
1.054387
1.318064
1.301242
1.282388
0.535388
0.584380
0.867961
0.942690
0.542737
0.979523
0.795530
0.805434
1.201603
1.446262
0.819062
0.550233
0.706115
0.900120
0.731166
1.036302
1.122108
0.932482
0.687469
0.829556
0.994779
0.651408
1.065679
1.062313
1.272669
1.075253
0.748105
1.163293
1.209577
0.954262
0.769415
0.913456
0.606406
0.599422
0.871709
0.577740
1.041947
0.706827
0.962792
0.906040
0.906958
1.124327
0.852314
0.979797
0.751635
1.408060
0.998160
1.213235
1.123001
0.849697
1.164821
1.153738
1.513297
0.971377
0.676639
0.757459
0.866452
0.606099
0.726742
0.813499
0.633796
0.851730
0.886094
1.233917
0.829963
0.859682
1.595327
1.550338
0.882746
1.089586
0.895361
0.705979
0.657928
1.015300
1.171651
1.237836
1.560681
1.117217
1.394412
1.392475
1.025078
1.476459
1.462848
0.963011
1.282674
1.217991
0.820595
0.957494
0.932155
0.873644
0.665650
1.070449
1.203985
1.025825
1.300263
1.362144
1.245851
1.102797
1.464159
1.277955
0.669047
1.128443
1.105120
1.054086
0.888388
0.798509
0.967821
0.961339
0.750081
1.034052
1.357749
1.028091
1.185833
1.413725
1.045167
1.062869
0.714614
0.852176
1.185784
1.153377
1.209828
1.409919
0.952782
0.714510
0.927777
0.397747
0.656349
0.815503
0.887752
0.546552
1.080004
1.113143
1.474841
1.205974
1.106727
0.918966
1.088672
0.841894
0.913572
0.946396
1.317574
0.947781
0.846365
1.041986
0.863177
1.280245
0.606349
1.157798
1.181735
0.856464
1.355406
0.903999
1.166029
0.576948
0.815052
1.080068
0.501064
0.976873
0.800899
0.824153
1.191485
0.945935
0.821854
0.785537
1.131244
0.991640
1.291142
1.538750
1.565675
0.912385
1.006080
1.235656
0.974436
0.915709
0.894372
0.954359
0.841313
0.869025
0.713654
0.834752
0.973526
1.675808
1.208819
0.582974
0.860157
1.377457
0.864325
0.966456
1.212855
0.630951
0.875855
0.753438
1.088273
1.499511
1.080726
1.427948
1.260337
1.229078
1.146030
0.900316
1.028825
0.671394
0.989317
1.413277
0.941187
0.503015
0.828357
1.581335
0.857296
0.515016
0.834752
1.032900
0.855985
0.854889
1.260400
1.025693
0.876375
1.014723
1.186536
0.966263
0.727159
0.809467
0.743224
0.867831
0.719584
1.011165
0.734826
0.705707
0.791904
1.020517
0.800385
0.767535
1.034140
0.909996
0.761318
0.968335
1.068325
0.801867
0.885783
0.923732
1.705282
0.731208
0.961843
1.014049
1.331832
1.059162
0.977710
0.843484
1.240189
1.346594
0.922673
1.330023
0.760683
1.071163
1.117916
1.421387
1.218135
0.872474
0.727818
1.148376
0.878551
0.684631
0.967611
0.893887
0.592767
0.787574
0.936476
1.100571
0.636612
1.017232
0.965966
0.636625
1.119736
0.785075
1.410246
0.792654
0.873989
1.182451
1.142445
1.198382
0.677502
1.089063
1.535842
1.376000
1.224619
0.998250
1.301404
1.149794
1.370290
1.292294
0.688171
1.211645
0.977656
0.727135
1.046345
0.759956
0.692132
0.720872
0.740557
0.545187
1.148487
0.939640
1.027533
0.917929
1.392236
1.048800
1.211959
0.958796
1.100657
1.026256
0.958662
0.718602
0.932196
1.170627
1.663054
0.981800
0.778571
1.073955
0.976850
0.684356
0.614809
1.363728
1.034996
1.248431
0.900052
1.129318
0.706929
1.250402
1.482139
1.054933
0.578402
0.840707
0.699646
0.720547
1.686195
1.299167
1.242296
1.150345
1.311113
0.938606
0.871192
0.736370
0.974117
0.800976
0.804872
1.205814
0.882071
0.403893
0.893478
1.252006
1.065130
0.831211
0.954578
1.205642
1.123555
0.808166
0.622126
0.761852
0.957651
0.867767
0.949029
0.806335
0.805657
1.080104
1.276679
0.731232
0.940831
1.061955
0.651491
1.009018
0.861933
0.898315
1.130150
0.997387
1.494512
0.961281
1.204912
1.343477
1.179577
1.283343
1.669193
1.165249
1.192383
1.004418
1.129986
0.690617
0.801936
0.867293
0.906999
0.610353
1.410198
0.927078
0.911129
1.243544
1.430194
0.818246
0.934112
1.527061
1.146036
0.587661
1.130753
1.350151
1.185476
0.802753
0.968300
1.667305
1.436795
0.705979
0.977295
1.384264
1.194959
0.806160
1.103275
0.775040
0.766661
1.055972
0.786041
0.765046
0.955234
0.905432
1.403172
1.215518
0.709875
0.860693
1.061071
0.845645
1.051209
1.352125
1.059224
0.768732
1.463059
1.312484
0.785513
0.816938
1.377129
1.027798
0.625451
0.539778
0.716327
0.974339
1.151795
0.643488
0.649358
0.834818
1.073773
0.939372
1.200049
1.214340
0.550638
1.139148
1.000636
0.933527
0.872899
1.211669
1.127646
0.808107
0.944833
0.990126
0.861294
0.687129
1.064244
1.193663
0.782298
0.735086
1.332800
0.876404
1.376611
0.926567
1.225338
1.414715
1.216484
1.097096
0.896813
1.056828
0.771510
1.018914
1.353226
1.157025
0.726866
0.786279
0.824882
0.975059
1.006267
1.580721
1.110084
1.046772
1.434305
1.090583
0.965280
0.655668
1.226258
1.033327
0.553951
0.904379
0.928404
0.898530
1.254935
0.790492
1.337446
1.202993
0.838970
0.987322
0.962536
0.928671
1.128726
0.749323
1.313041
1.292232
1.233129
1.157946
0.857509
0.687173
0.962070
0.718260
0.790996
1.403576
1.560903
1.524365
0.939153
0.844902
1.216711
0.974180
0.938079
0.936992
1.087772
1.079689
1.201721
1.234390
1.056177
1.090541
1.011130
1.070868
0.936471
1.100847
1.203212
1.325941
1.480372
0.879901
1.384852
0.866811
0.867418
0.875622
0.964617
1.000052
0.901937
1.355998
1.091902
0.966234
0.907590
0.887944
1.081829
0.988083
0.686337
1.053766
1.130258
0.784379
1.109279
0.927116
1.150634
1.266423
1.328964
1.131551
0.688089
1.104595
1.334826
0.963750
1.124533
1.789999
0.919045
1.070493
1.021940
1.047222
1.268524
1.022018
0.871503
0.958367
0.920491
0.904963
1.463472
1.180573
1.174781
0.719225
0.681530
0.863909
0.610761
0.791759
0.785056
0.980222
0.670816
1.047989
0.834392
0.500309
0.942132
1.346810
1.385226
0.520499
0.839724
1.107918
0.894205
1.155704
0.941746
1.014718
1.118598
0.960728
1.001125
0.755416
0.739558
1.031622
0.915572
0.618730
0.549751
1.532306
0.806952
0.547836
0.639617
0.745404
0.886440
0.652669
1.162788
1.144219
0.926252
1.183831
1.248305
1.004553
1.258054
0.917050
0.950538
0.491122
1.145378
1.104620
1.287905
0.988330
0.762985
0.650510
1.115827
1.152846
0.885695
1.164118
1.092252
1.001790
1.213318
1.152431
1.048139
0.892637
0.824846
1.257913
1.245551
0.782613
0.784609
0.895287
1.300658
1.316860
1.201365
0.882151
1.102545
1.046764
0.960431
1.143016
1.041532
0.950248
0.819505
0.759069
0.814505
0.777719
0.871456
0.815947
0.907202
1.285305
0.968838
0.932170
0.794563
0.673273
0.717646
1.044477
1.128650
1.137779
1.017405
0.738905
0.677701
0.930450
1.451742
0.884772
0.971933
0.927481
0.992653
0.529559
0.956952
0.807695
1.210433
0.776034
1.109370
1.152762
0.864468
1.011239
0.971573
1.134346
0.646257
0.700855
0.704466
1.070726
0.827984
0.652991
0.766896
1.381047
1.318058
1.284141
0.904776
0.858037
1.453728
1.677141
0.828430
1.181067
1.210151
0.877527
0.952549
0.961025
1.388574
0.811811
0.685864
0.830724
1.074247
0.778250
1.027537
0.935847
0.736862
1.030661
0.878373
0.900062
0.899131
0.504282
0.596323
0.830033
1.133621
0.812014
1.110015
0.895994
1.295261
0.577177
0.772645
0.568595
1.176428
0.684365
1.144296
1.195171
0.667372
0.902503
0.943462
0.989621
1.135035
1.121492
0.761138
0.850561
0.798063
1.142150
1.019884
1.109048
0.965598
0.907725
1.056118
1.187168
1.453387
0.949030
0.957917
0.935232
0.817436
1.044318
0.910440
0.868372
1.004160
0.862038
1.000126
1.264652
0.984634
0.708988
1.492088
1.003697
0.998619
1.023065
0.799057
0.961174
1.306879
1.135656
1.167178
0.938273
0.902040
1.014741
1.013051
1.166843
1.110738
0.502212
0.973728
1.059034
0.847866
1.202959
0.648508
0.752141
0.773452
0.816454
1.143442
0.893916
1.085716
0.971605
1.035309
0.990564
0.898968
0.841612
0.911868
1.207147
1.237340
1.221690
0.784219
0.886189
0.743211
0.928257
0.593740
0.909671
0.912223
0.872497
1.166796
1.051987
0.901000
0.856157
1.070397
1.059347
0.546196
0.752938
0.886456
1.008555
1.021932
0.780627
1.196045
0.789193
1.058649
0.888866
0.689814
0.823195
0.938601
1.143784
0.986159
0.514567
0.722403
0.676110
0.939995
0.847223
0.983446
0.710043
0.703559
0.879344
0.814661
0.911866
0.911320
0.837928
0.613798
0.701396
0.880688
0.630124
0.863042
0.617683
1.081140
0.596293
0.909712
1.313264
1.592849
0.538557
0.914784
1.204925
1.096202
1.012860
0.788469
1.296702
1.066787
0.901746
1.253921
0.768085
0.669120
0.977953
0.683160
1.148595
0.863532
1.368728
0.906071
1.282243
0.952502
0.815133
0.859372
1.125666
1.366426
0.933726
1.139331
0.924830
0.672506
0.818320
1.073258
1.101923
0.970572
0.723985
1.297145
1.546262
0.879099
0.701815
0.885872
0.960078
1.155666
0.668567
0.682781
1.037780
0.621007
0.814000
0.850822
0.711351
0.921613
0.939536
0.709521
0.662500
0.748877
0.770233
0.889090
0.950422
0.615301
0.737390
0.587354
0.961766
0.874178
0.702087
1.533955
1.298382
1.055596
1.268040
1.273388
1.028765
1.181451
0.743836
0.537862
0.873090
1.088145
0.906333
1.214935
0.998341
0.615075
1.083103
0.832505
0.963066
0.907892
0.578745
0.587869
0.645442
0.895022
1.094926
0.885835
0.737730
0.639131
1.333632
1.673240
0.743981
0.927382
1.375982
1.094261
0.935201
0.688431
1.312406
0.730082
1.218752
0.817319
1.117550
0.782501
0.729318
0.972222
0.767980
0.880180
1.247050
0.547284
1.411727
0.753121
0.842000
0.984367
1.013407
0.869418
0.806423
0.904056
0.925818
0.815839
0.835033
1.038925
0.881175
0.886436
1.128039
1.031211
0.883873
1.234999
0.820102
0.743171
0.976259
1.162128
1.290913
0.812574
0.918563
2.012840
1.052960
0.792401
0.860689
0.912170
1.302453
1.036408
1.557835
1.271915
0.871803
0.969132
1.246872
1.153457
1.050684
1.068972
1.091839
1.204882
1.723495
0.869507
0.728252
0.908849
0.847788
1.043314
0.534367
0.719307
1.073589
0.737805
1.072211
0.917917
0.620258
0.900005
0.562850
0.900279
0.968152
0.884315
0.796347
1.173028
0.465247
1.146086
1.187359
0.797706
0.910775
1.288923
0.791937
0.757969
1.035943
0.764244
0.541525
0.868642
0.653693
0.790479
0.681059
0.908511
1.061896
0.977765
0.668373
1.076233
0.796847
0.544389
0.758852
0.460453
0.880982
0.907636
0.747170
1.297507
1.254329
0.655425
0.942050
0.881715
1.191949
1.199229
0.792975
0.725079
0.769263
1.119586
1.026050
1.200789
1.216734
0.626992
1.461767
0.750091
0.713852
0.852721
0.986491
0.762422
0.825232
0.784965
0.635532
0.701319
0.710172
1.458693
0.969899
0.540161
1.162625
1.444921
0.971388
0.794194
1.208562
1.129146
0.708451
0.841837
0.825218
1.229994
1.015085
0.976043
1.007353
1.166687
0.994989
1.142656
0.901340
0.840553
1.382159
1.209363
0.744283
1.067021
1.076537
0.965247
0.755844
1.152005
1.038819
0.930485
0.668893
0.760449
0.674796
1.249696
1.313668
1.390621
1.153456
0.788240
0.714110
0.985033
1.011840
1.461610
0.919484
1.409130
0.916473
0.835777
0.680790
0.980019
1.211877
1.057573
0.695757
1.015787
0.403895
1.498444
1.090104
1.393617
0.822275
1.027603
1.268894
0.779807
0.690510
0.947223
1.169096
1.068024
0.760146
0.876974
1.020740
1.718634
1.343898
1.219555
0.972214
0.984724
1.095168
1.222274
0.922913
0.849865
0.813493
0.937168
0.604201
0.789746
0.859127
0.800009
0.926177
0.970182
1.107688
0.655448
0.837051
0.583555
0.828339
0.565986
1.206217
0.781348
1.093076
1.177601
1.091287
0.912048
0.729707
1.100872
1.020330
1.021566
1.017514
0.767160
0.710980
0.965222
1.257023
1.095945
0.969625
0.956484
1.214960
0.814334
0.805314
0.848526
0.553239
0.948553
1.400642
1.293966
1.022355
0.800590
0.876852
0.829089
0.892522
1.344676
0.777521
1.349120
0.982706
0.745824
0.854482
0.807440
1.031557
0.554386
0.836010
0.865024
1.117509
0.738500
1.097254
0.834384
0.903626
1.581908
1.474203
1.277096
0.564400
0.984740
1.439717
0.920498
0.766130
1.233864
0.857090
1.233214
0.692965
1.321352
0.612879
1.112607
1.242245
0.730671
0.761614
0.918525
0.599989
0.788368
0.749483
0.760295
0.552558
0.800463
0.984810
0.776157
0.626982
0.671669
1.316583
1.174798
0.940354
1.166390
0.939926
0.820608
0.881611
0.699486
0.929931
1.042607
0.931812
1.178970
1.044076
1.046759
0.767871
0.827144
1.121820
0.832364
0.637375
1.147298
0.977089
0.958696
0.727558
0.955580
1.135056
0.860854
1.035970
0.980874
1.337801
1.104129
1.031675
1.018714
0.588595
0.572859
1.014200
1.014217
0.849382
0.890063
0.894091
0.790401
1.211902
0.651711
0.910487
1.361570
0.953080
1.028386
0.758442
1.005795
1.364717
0.741718
0.935551
1.096136
0.779697
1.455190
0.963528
1.013676
0.838359
0.960500
0.527534
0.933728
0.796653
1.034147
0.947815
0.833446
1.020036
1.069527
1.123016
1.517826
0.874129
0.995377
1.479571
1.132895
0.670650
0.748138
1.241005
1.113068
1.124379
1.244332
1.101393
1.238929
0.874771
0.737661
0.993644
1.104550
1.180099
1.217624
1.345287
1.040417
1.227500
1.345439
1.172621
1.257452
1.044354
0.842740
0.919250
0.632229
0.670098
0.798116
0.781878
1.131376
0.973143
1.298857
1.005579
1.070745
1.031397
1.478410
0.865463
1.059521
0.862801
0.643572
0.971682
0.636200
0.744450
0.618344
0.723014
1.061944
1.424510
1.101846
0.600203
0.688872
0.569394
0.782827
1.374796
1.331063
0.622168
1.542265
0.947645
1.022462
1.161718
1.256637
1.152970
0.823529
0.492920
1.360158
1.303657
0.733975
1.228366
0.537050
0.545792
1.035294
0.557826
0.441436
0.966592
0.645654
0.923056
0.643783
0.906390
0.732017
0.664758
1.278680
0.876653
0.982451
0.528967
0.635260
1.128575
1.090051
0.623320
1.298887
1.092535
0.704886
0.778126
1.112715
1.181975
1.000114
0.782640
1.085702
0.836966
1.238257
1.085662
1.067705
1.242541
0.706369
0.715476
0.914498
0.731490
0.633068
0.993497
0.896802
1.145908
0.609761
0.705523
0.806968
1.267480
1.215974
0.901490
1.339549
0.588885
0.694098
1.147936
0.864292
0.964249
1.046887
0.686390
0.844446
0.920464
0.627357
1.026978
0.926828
1.045005
0.682027
1.015699
1.392966
0.550901
0.884418
1.291596
1.239163
1.135206
1.092716
0.786524
0.935012
0.874039
0.884436
0.881493
1.197437
1.564742
0.640237
1.410533
1.088805
0.943060
0.892340
0.730982
1.056222
0.983301
1.007967
1.371974
0.661695
1.125966
0.590563
0.966210
0.571513
0.989583
1.314690
1.142670
0.891380
0.958344
1.289066
1.154722
1.113918
0.712373
0.656142
1.075176
1.076005
0.989015
0.981596
0.670610
1.188630
1.309018
0.650561
0.950408
0.895322
0.680768
1.221533
0.929652
0.784595
1.024830
0.748131
1.155110
0.793494
0.815544
0.714207
0.910104
1.245605
1.017804
0.794637
0.895104
0.969457
1.088948
1.383853
1.137729
0.682934
1.098272
1.114217
1.112465
0.666653
0.816475
0.735258
0.626642
1.179822
0.748553
1.126425
0.714020
0.814012
0.749385
0.391620
0.401664
0.696921
0.697834
0.689023
0.447622
1.018864
0.841856
0.825245
0.631073
0.762020
1.024906
1.212543
0.719518
1.204715
1.007412
1.282143
0.756540
0.758527
1.010577
1.164744
0.942030
0.777138
0.622793
0.664577
0.720669
1.081030
0.831954
1.075641
1.111020
0.928513
1.067021
0.679613
1.333175
0.699661
0.702302
0.596613
0.759401
0.774948
0.793298
0.646584
0.516467
0.843158
0.764862
1.018284
0.884554
1.115478
0.720856
0.943422
0.709320
0.848347
0.865666
0.678880
0.974454
0.819408
1.127009
0.877896
0.855328
1.010574
0.867178
0.750882
1.329039
0.656403
1.031243
1.274526
0.891155
0.706079
0.843958
1.020746
0.722588
0.729503
0.654359
0.649837
0.839879
1.207658
0.692314
0.948606
0.693387
0.951427
1.490282
0.808093
1.108965
0.696375
1.045087
0.719611
0.906398
1.154330
1.059238
0.852689
0.889454
0.688559
0.773230
1.038605
0.865512
0.776183
0.954300
1.307208
1.083223
0.914443
0.904564
1.116404
0.816592
0.980642
0.641134
0.773183
0.626399
1.098240
0.946531
0.624405
0.930169
1.002894
1.513791
0.933192
0.934359
0.708027
0.820409
0.548969
0.761941
0.862014
0.442947
0.757069
0.751788
0.694391
0.711009
0.827107
1.273635
0.779638
0.701119
0.996028
1.011408
1.186603
0.505220
0.825594
0.388804
1.128559
1.272264
0.653419
0.763855
1.171454
0.906507
0.853655
1.007459
0.866525
0.996394
0.889844
0.893848
0.754153
0.891911
1.045567
1.435624
1.648367
1.207041
0.640841
0.712877
0.804585
1.191009
0.925816
1.005913
0.840037
0.539792
1.018133
1.076891
0.837843
0.904466
0.860606
0.685976
1.003348
0.742280
0.853291
0.596736
0.758358
0.744295
1.006890
1.123204
1.103226
1.215797
0.825000
0.807621
0.737132
1.246936
1.193268
0.926445
0.847069
0.694341
0.687999
0.534355
0.768276
1.107601
0.979295
1.268096
1.011007
1.236518
1.144624
0.801839
1.453077
1.397465
1.005013
1.111538
0.603771
0.564077
0.647691
0.509203
0.832117
1.096055
0.511027
0.843892
0.643263
0.490035
0.821713
1.253860
0.521694
0.407523
0.649418
0.902790
0.728450
0.687421
0.699572
0.980289
1.099784
1.123117
0.648979
0.994721
0.554203
1.158863
0.493740
0.813130
0.934112
0.858037
0.656399
0.816250
0.933918
0.565623
1.091672
1.571477
0.558326
0.728004
0.810189
0.947205
1.159001
1.247495
1.222274
0.806459
1.059575
0.588790
1.165583
0.755550
0.878253
0.717972
0.834656
1.401652
1.119427
1.103273
0.752174
0.949104
0.768685
0.829811
1.472972
0.828312
1.435741
1.213573
0.609267
0.702176
1.045334
0.810733
1.186480
0.524701
0.792641
1.106522
1.339092
0.711801
1.067860
1.185371
0.597708
1.121930
0.722095
0.799930
0.568124
0.734304
0.892491
1.085064
0.876381
0.785920
0.724713
0.997425
1.175887
0.972988
0.598952
0.797835
0.774110
0.831516
1.042582
0.760664
0.991499
1.567632
0.847304
0.947711
0.856483
1.320649
1.271908
1.015513
0.722238
0.869504
1.374402
0.749291
0.740545
1.112274
0.625083
0.941841
1.015586
0.746049
0.871260
0.763731
0.674330
0.977747
0.511714
0.910299
0.832519
0.941245
1.168733
0.899040
0.771042
0.832449
1.210498
0.829277
0.592442
1.006321
0.619359
1.062878
1.055588
0.901511
0.860052
0.946938
0.731100
0.869530
0.974543
0.711454
0.702899
0.657772
0.749281
0.700748
0.751225
1.004385
0.708702
0.811500
0.793402
0.514795
0.787581
0.812859
0.629451
0.579491
0.789560
0.720882
1.033735
0.972036
0.465521
0.846338
0.937597
0.531154
0.620655
1.566072
1.139689
0.904465
0.510310
0.828223
0.922159
0.629856
1.076499
0.802448
1.029180
0.841838
0.747362
0.739630
0.811962
0.542903
0.888936
0.624554
1.036986
1.085198
0.521040
0.641476
1.197731
0.935880
0.930423
0.770253
1.123147
0.678643
0.508113
0.868468
1.108617
0.801388
0.700373
0.743577
0.680121
0.942014
0.748039
0.826807
0.757867
0.745939
1.076501
0.582674
1.427003
0.773055
0.542883
0.846551
0.998914
0.752146
0.912363
1.106599
0.913925
1.278223
1.384834
1.010618
0.798831
0.718339
1.110114
0.970218
0.796916
0.556832
0.675793
0.888490
0.801572
0.698859
0.782414
0.625717
0.901760
0.706799
1.045666
1.131780
0.965195
1.001558
0.732385
0.934717
0.881646
1.338353
0.887324
1.397418
0.703088
0.628528
0.790342
0.674537
1.023177
0.897264
0.635078
1.180980
0.802023
0.825336
0.758981
1.081615
0.743239
1.270149
0.765388
0.866542
1.036894
1.144110
0.600007
0.489622
0.692561
0.932304
1.008799
1.006536
0.672581
0.945915
1.231079
0.628882
0.809815
0.793152
0.997088
0.860593
1.308738
0.660323
0.728043
0.678495
0.954888
0.895813
0.688432
0.923657
0.849111
1.159720
0.901660
0.721570
0.952635
1.559234
0.772401
0.834935
0.829353
0.889884
0.836230
1.460790
0.680733
0.379344
0.471046
0.800166
0.820656
0.606064
0.740311
0.903430
0.993898
0.663549
0.553420
0.740867
0.768460
0.661506
0.934178
0.632530
0.844868
1.414877
0.760083
0.748483
1.030314
0.877531
0.554296
0.351743
0.620532
1.117055
0.532285
0.755973
1.203383
0.728060
0.932886
0.518166
0.735537
0.688448
0.915631
0.841126
0.708616
0.879997
0.669045
0.538357
0.478697
0.996672
1.452624
0.888425
0.873450
0.698468
0.908329
0.792185
0.729299
0.610871
1.054474
0.728337
0.932537
1.048152
0.689678
0.917830
1.125222
0.576997
0.843797
0.551935
1.112469
0.582663
0.942252
0.941249
0.710995
0.805489
1.102217
0.849990
0.695718
1.011276
0.977871
0.990304
0.710536
0.840033
0.565054
0.757645
0.809644
1.120909
0.700956
0.736246
0.661568
0.863750
0.789822
0.805923
0.639874
0.741108
0.994400
0.776507
0.936626
1.238271
0.923372
1.037271
1.078646
0.979111
1.111793
0.936255
1.121131
0.701429
0.943061
1.107220
1.276772
0.840030
0.912867
0.720967
0.932706
1.010402
0.591228
0.950115
0.547063
0.971858
0.639119
0.944904
0.822857
1.348363
0.935635
0.743123
1.531306
1.613219
0.853794
0.878969
0.859417
0.986721
1.099599
1.022028
1.388346
0.798268
0.795455
0.421714
0.558159
1.067017
0.714138
0.772640
0.909748
0.979452
1.088516
1.125600
0.531415
1.002330
0.574039
0.660792
0.832697
0.777981
0.896998
0.553206
0.806428
0.654403
0.862681
0.577426
0.823329
0.656864
1.148299
0.900713
0.718719
0.857289
0.744349
0.613272
0.787072
0.888358
0.599332
0.888410
0.818214
1.054438
0.492041
0.685120
0.444080
1.038465
1.087770
0.529042
0.739114
0.540707
0.779330
0.649538
0.595726
0.816487
1.039716
0.681331
1.175083
0.740782
0.773517
1.248412
1.715909
0.942027
0.554001
0.926467
1.227961
0.901632
1.148101
0.869554
0.745434
1.079658
0.628357
1.094966
1.226038
0.928623
0.622293
0.710775
0.981101
0.573339
0.679431
1.040278
0.779726
0.804156
0.669241
0.986254
0.810796
0.765646
1.002755
0.679084
0.767760
0.700788
0.686767
1.252982
1.320637
0.599355
1.034135
1.216274
1.006605
0.852478
0.968628
0.865242
0.998020
0.764707
0.945782
0.818956
0.783652
0.949655
0.544439
0.416647
1.042526
0.696766
1.052876
0.884524
0.930555
1.016604
1.022918
0.585939
0.837469
0.938641
0.908936
0.708627
0.863642
0.699699
0.683826
0.699013
0.433881
0.473756
0.769255
0.798932
0.496128
0.599381
0.490422
0.696492
0.531033
0.738552
0.704161
0.622112
1.261924
0.949676
0.780835
1.105686
0.932065
0.827991
0.805387
0.796222
0.881475
1.109531
0.812136
0.595391
0.612385
0.728545
0.917446
0.936603
0.779466
0.419506
0.702792
0.916387
0.621120
1.071098
0.941184
1.019271
0.592420
0.867389
0.915347
0.995876
0.849524
1.072558
0.875615
0.645061
1.344169
0.902394
0.756504
0.774829
0.605955
0.764694
0.755291
0.657059
0.682403
0.659564
0.648851
0.729568
0.940430
0.715851
1.055966
0.768748
1.605714
0.879118
0.979290
1.218149
1.036108
1.182511
1.081736
1.057625
1.017289
0.521388
0.933015
0.883778
0.679879
0.701538
0.433907
0.808753
0.681555
0.736826
0.859601
0.823595
0.849394
0.878965
0.919620
0.640113
0.605993
1.002883
1.136223
0.541392
0.712532
0.705115
0.670531
1.014307
1.033192
1.290404
1.281008
1.027785
1.031648
0.857848
0.779284
0.744514
1.016688
0.814141
0.785060
0.715692
1.127100
0.841681
0.745422
1.072329
0.948664
0.717409
0.853451
1.112244
0.843445
0.996104
0.831246
0.731323
0.736245
0.835929
0.954347
0.765269
0.998949
0.751005
0.878299
0.670884
0.815296
0.455012
0.878523
0.791054
1.192587
1.253357
1.474627
0.565970
0.992799
0.661986
0.824505
1.212610
1.031642
1.106815
1.312691
1.258619
0.558064
0.700602
0.892723
0.641300
1.136901
0.904173
0.777378
0.660399
0.695383
1.312199
0.624862
0.605294
0.669982
0.678974
0.507334
0.720298
0.549349
0.651320
0.815069
0.485731
0.645345
0.553322
0.538283
0.705164
0.509671
0.572572
0.596924
0.709931
0.469629
0.540011
0.422882
0.667925
0.458197
0.624220
0.815417
0.867645
0.762708
1.176685
0.710385
0.514678
0.925066
1.004204
0.923835
0.736936
0.782080
0.608920
0.837855
0.754702
0.838359
0.872168
0.721693
1.007602
0.717797
0.635930
0.645028
0.784549
0.703610
0.891026
0.750988
0.824743
0.737356
0.597873
0.618832
0.950859
0.934275
0.720523
0.858805
0.617959
0.618464
0.567748
0.537483
0.520788
0.563402
0.655039
0.810045
0.909038
0.688834
0.888639
0.788319
0.534803
0.992881
0.792059
1.007452
0.776186
1.276201
0.773117
0.711342
0.653230
0.933752
1.229925
0.969606
0.619486
0.676907
0.951871
0.831999
0.525188
0.838224
0.547672
0.839171
0.727465
0.805771
0.846048
0.724593
0.732018
0.764592
0.606358
0.558893
0.450367
0.491170
0.744827
0.643680
1.015684
0.712016
0.874742
0.547172
0.821422
0.700585
1.287763
1.310920
0.442483
1.046791
1.281705
0.943577
0.597219
1.005405
1.243946
0.694434
0.720413
0.982722
1.224450
1.102311
0.704054
1.097140
0.980719
1.181636
0.780172
0.429736
0.536765
0.968310
0.760460
0.714856
0.800559
0.541676
1.069918
0.793303
0.782513
0.875937
0.939242
0.742169
0.687085
0.885457
0.857889
0.950983
0.647474
0.584744
0.744156
0.754088
0.493813
0.729036
0.792166
0.732553
0.947305
0.455110
0.878105
1.118649
0.759033
0.997128
0.912127
0.783332
0.670593
1.355554
0.816154
0.627435
0.519014
0.771889
0.547060
0.653410
0.730839
0.597234
0.397913
0.890028
1.027433
0.884944
0.592980
0.974710
0.902170
0.967841
1.155568
0.939251
0.784916
0.966612
1.108258
0.519048
0.540966
0.736347
0.594399
0.647273
0.727025
0.922943
1.193274
0.464393
0.559027
1.096998
0.812063
0.541478
0.980196
0.850698
1.500657
0.530593
0.755572
1.675295
1.044148
0.484439
1.013456
1.007004
1.170501
0.813177
0.701108
0.568127
0.683658
0.555131
0.641559
0.735569
0.748904
0.455792
0.491957
0.838116
1.039813
0.531455
0.553185
0.472484
0.664191
0.689127
0.754474
0.514190
0.503462
1.193469
1.291720
1.019501
0.831442
0.657877
1.090014
0.656504
0.849715
1.176811
0.622677
0.394012
0.929745
0.687633
0.696895
0.839374
0.986882
0.919921
0.881532
0.855173
0.842767
0.832284
0.921442
1.239836
0.569511
1.055423
0.675486
0.811541
1.197050
1.475763
0.476500
0.714555
1.125519
0.881573
1.262111
0.974749
0.626410
0.912539
0.873276
0.941594
0.814677
0.721861
0.531170
0.625918
0.989145
0.859356
1.012803
0.738733
0.815506
1.012408
0.420928
0.509173
0.892594
0.862869
1.006722
0.869912
0.779844
0.926783
1.160129
0.574719
0.578867
0.801128
0.886105
0.736119
0.464770
0.950036
0.494902
0.746049
0.773324
0.540567
1.034955
0.847935
0.635687
0.911202
0.987153
0.713109
1.157757
0.765212
0.879341
0.845136
1.089970
0.933346
1.094570
0.757150
0.858077
1.015939
0.679290
0.891957
0.541560
0.587893
0.579121
0.785595
1.332158
0.917765
1.146824
0.891769
0.889774
0.646129
1.230262
1.105971
0.850246
1.016181
0.710300
0.850833
0.996449
0.756802
0.613244
0.930035
0.742921
0.615927
0.705301
0.921786
0.412079
0.683527
0.864839
0.527638
0.837093
0.777581
0.767113
0.796994
0.763445
0.739986
0.729907
0.678341
0.872895
1.068961
0.916632
0.655097
0.761868
1.344547
1.075729
0.683851
0.696667
0.400051
0.762371
0.909451
0.655788
1.161814
1.313638
1.044578
0.534910
0.750192
0.740856
0.670069
0.559112
0.845589
0.596584
1.140142
0.323395
0.572035
0.854445
0.888901
1.165291
0.944623
1.004148
0.748080
0.354230
0.552719
0.843540
0.715442
0.702662
0.347117
0.495636
0.641901
0.616046
0.924349
0.434537
0.453506
0.531844
0.695673
0.662998
0.717394
0.413672
0.523812
0.934611
0.833990
0.652108
0.769984
0.809958
0.985992
0.744371
0.914764
0.567434
0.654093
1.161662
0.615862
0.947777
0.841197
0.777487
0.954568
0.932838
0.616924
0.665489
0.613729
1.268843
0.548703
0.472307
0.405653
0.558940
0.942906
1.019599
0.601926
0.568462
0.488172
0.856962
0.641096
0.812611
0.850074
0.759239
0.823608
0.869532
0.599024
0.905565
1.143013
0.862567
0.780210
0.701394
0.834438
1.245947
0.618580
1.002856
1.015522
0.763765
0.803110
0.864767
0.805418
0.651796
1.044349
0.850402
0.452387
0.666342
0.935095
0.873293
0.629427
0.931465
0.533343
0.878568
0.786259
0.830558
0.600283
1.087184
0.487664
0.699284
0.631403
0.662171
1.040852
0.491160
0.838281
0.958111
0.881543
0.551897
0.741948
0.671171
0.780602
0.630129
0.817701
0.807972
0.857746
0.760278
0.684577
0.803921
0.942081
0.669200
0.768148
0.584590
0.838417
0.762393
0.495144
0.417236
0.425401
0.527143
0.574149
0.668472
0.755443
0.951503
1.126932
0.533503
0.865432
0.432752
0.882731
0.390877
1.195149
0.705007
0.771124
0.713558
0.550720
0.932108
0.801471
0.686077
0.794571
0.807157
0.959510
0.462954
0.751337
0.621213
0.470581
0.751571
0.369427
0.714644
0.954724
0.710167
0.936214
0.575514
0.732084
0.724207
0.555271
0.890909
1.127799
0.556391
0.529543
0.539850
0.549354
0.620222
0.863757
0.724672
0.754219
0.597798
0.628959
0.508391
0.735131
0.650663
0.634740
0.465890
0.692942
0.598280
1.162371
0.498447
0.645872
1.069814
0.631783
0.545018
0.302790
0.862654
0.700835
0.850926
1.062389
0.660928
0.540619
0.848008
1.112821
0.978426
0.514522
0.388527
0.932873
0.494148
0.609386
1.096001
0.874903
0.544630
0.784314
0.700396
0.786963
0.441665
0.717001
0.601336
1.033809
0.934366
1.042180
0.861861
0.422304
0.980947
0.819269
1.102819
0.733363
1.098207
0.506009
0.791836
1.380490
0.845702
0.824195
0.800100
0.812267
0.987749
1.264174
1.042143
0.865569
0.452030
0.960131
0.731213
0.733676
0.917375
0.577876
0.373592
0.735258
0.718959
0.775819
0.911321
0.908319
0.686861
0.524168
0.728371
0.988929
1.203509
0.609367
0.443357
0.517249
0.565866
0.783110
1.228604
0.697827
0.576337
0.910207
1.057949
0.980475
0.766115
0.775959
0.484172
0.660442
0.957766
0.777341
0.518050
1.139803
0.758795
0.728124
0.797715
1.235006
0.695498
0.425546
0.755836
0.994624
0.666371
0.677423
0.429041
0.695877
0.627190
0.423325
0.606311
0.657157
0.599660
0.730010
0.616441
0.615336
0.660167
0.497113
0.464507
0.587707
0.907032
0.518557
0.495090
0.847134
0.777124
0.425754
0.769438
0.834900
0.359408
0.648078
0.744707
0.545066
0.508514
0.586230
0.701499
0.578179
0.698660
0.552026
0.698094
0.675436
0.470337
1.026218
0.716307
1.065104
0.449629
0.926242
0.578231
0.961804
0.978749
0.744176
0.780788
0.664490
0.741063
0.668448
1.300801
0.913330
0.652809
0.961061
0.942905
0.640823
0.881357
0.666295
0.516635
0.556895
0.701056
0.784640
1.045093
0.465896
0.606636
0.760426
0.469412
0.749013
0.761836
0.646622
0.568124
0.684753
0.388170
0.650372
0.625805
0.544259
0.698377
0.832559
0.956833
1.157972
0.748478
0.849319
0.943565
0.681485
0.596502
0.734622
0.782880
0.749891
0.465934
0.525439
0.625579
0.653964
1.083240
0.570397
0.406836
0.564213
0.593565
0.890873
0.940894
0.724615
0.937951
0.540023
0.745644
1.212058
0.288816
0.641089
0.978369
0.900725
0.856665
1.395582
0.943845
0.835125
1.026645
0.983778
0.581350
0.819083
1.074202
1.129748
0.788767
0.806033
0.589902
1.398222
1.445902
0.829233
0.697883
0.609464
0.798527
0.918854
0.586294
0.612169
0.857728
0.615006
1.118801
0.843719
0.764715
0.774668
0.762628
0.646922
0.843866
1.118629
1.017305
0.665289
0.759547
1.149729
0.968974
0.794879
0.626844
0.815953
0.580801
0.809569
0.501359
0.717986
0.392880
0.470072
0.418334
0.741761
0.594650
0.609868
0.488441
0.420341
0.752163
0.543653
0.686949
0.634753
0.695983
0.733365
0.476570
0.522436
0.473652
0.489698
0.643414
0.712699
0.686376
0.645476
0.729627
0.667244
0.760132
0.962957
0.542721
0.636653
0.939648
1.026636
0.916194
0.763154
0.379563
0.620702
0.606947
1.279275
0.738992
0.435829
0.668134
0.614703
0.857392
0.561874
0.687768
0.941780
0.828052
1.350522
0.566809
0.769742
0.533010
0.335975
1.068545
0.466570
0.703296
0.704050
0.474556
0.680312
0.608607
0.481806
0.630257
0.519112
0.565899
0.675671
0.731586
0.698675
0.477094
0.868974
0.494157
0.650074
0.438439
0.877175
0.839354
0.348958
0.459992
0.742750
0.519794
0.748508
0.731078
0.403773
0.561650
0.771380
0.597686
0.663968
0.486642
0.786024
0.610131
0.352226
0.834701
0.637303
0.741989
0.890404
0.527279
0.846199
0.590664
0.793671
0.929970
0.789714
0.757975
0.662768
0.736356
1.188855
0.807373
0.498089
0.816457
0.707631
0.693075
0.753066
0.416713
0.409894
1.134502
0.853062
0.559431
0.590120
0.846840
0.484863
0.589070
0.512047
0.913582
0.408777
0.882299
0.618748
0.654100
0.535600
0.749709
0.681411
0.532883
0.812065
0.465436
0.914851
0.863471
0.795348
0.454108
0.721976
0.752050
1.044984
0.523403
0.514430
0.590560
0.408293
0.423600
0.874839
0.762577
1.065851
0.756561
0.531349
0.985332
0.635293
0.809286
0.505052
0.617217
1.162210
1.009188
0.802568
1.147777
0.843978
0.443287
0.824932
0.816414
1.132557
1.207279
0.846403
0.592302
0.574465
0.716033
0.591062
0.490171
0.684430
1.367690
0.761809
0.474242
0.884496
0.849608
0.616347
0.429551
0.737889
0.481163
0.770612
0.642902
1.142900
0.840966
0.626626
0.417754
0.680713
0.968091
0.790598
0.886836
0.697813
0.658621
1.059422
0.905774
1.145114
1.146897
0.823988
0.502835
0.757530
0.300678
0.810942
0.939793
0.597592
0.694402
0.681031
0.708505
0.766575
0.535880
0.789192
1.858992
0.438658
0.586458
0.639951
1.059021
0.577067
0.774328
0.933150
0.547083
0.885793
0.854420
0.879287
0.439846
0.505511
0.637693
0.464638
0.608935
0.819041
0.318441
0.382638
0.471592
0.725040
0.726716
0.549502
0.938518
0.686224
0.660147
0.553805
0.854757
0.664594
0.484493
0.840677
0.483811
1.054125
0.449685
0.294478
0.468592
0.626010
0.899777
0.532049
0.821801
0.700026
0.575223
0.419784
0.927715
0.804378
1.142195
0.732700
0.734559
0.955503
1.311249
0.957969
0.607273
0.854116
0.528818
0.421075
0.565532
0.517715
0.725449
1.223887
0.822998
0.545077
0.662603
0.780958
0.843744
0.577356
0.658222
1.110235
0.492950
0.748482
1.025470
0.769670
1.305405
0.836336
0.692672
0.872276
0.929923
0.825174
0.869242
0.571973
1.278799
0.730514
0.451757
0.487782
1.008149
0.862925
0.795027
0.480940
0.497782
0.690602
0.852149
0.618908
0.486839
0.510548
0.821600
0.481444
0.467283
0.448762
0.716587
0.447657
0.517451
0.654721
0.623731
0.390163
0.620900
0.704431
0.811019
0.548028
0.645989
0.504801
0.927361
0.573139
0.442594
0.798218
0.835443
0.654590
0.522178
0.798314
0.797383
0.492752
0.461423
0.637761
0.900508
0.898383
0.597132
0.706969
0.973997
0.799095
0.745745
0.649555
0.529802
0.690567
0.890436
0.929697
0.550407
0.779823
0.582355
0.928482
0.841106
1.306374
0.444955
0.811426
0.713050
0.821606
0.862282
0.733156
0.355399
0.774217
0.658673
0.837330
0.840335
0.440219
0.568439
0.583264
0.875347
0.714361
0.341923
0.821403
0.781569
0.753974
0.506385
0.555069
0.681657
0.591809
0.749567
0.330912
0.778913
1.038723
0.575041
0.665861
0.838977
0.559546
0.814811
0.574826
0.837348
0.767453
0.467623
0.501331
0.580911
0.814598
0.504537
0.642110
0.588417
0.621311
0.622804
0.576973
0.521035
0.362382
0.718500
0.556561
0.559722
0.699601
0.712249
0.787473
0.642669
0.468369
0.383787
0.778861
0.746250
0.885031
0.726182
0.534127
0.617156
0.453266
0.444296
0.895755
0.696086
0.550829
0.580027
0.282819
0.450916
0.714662
0.404648
0.483980
0.501422
0.374398
0.807118
0.519449
0.642629
0.611922
0.889453
0.650741
0.265516
0.490058
0.984730
0.664538
0.541754
1.365162
0.793959
0.314425
0.644851
0.369322
0.508098
0.762012
0.648084
0.408016
0.721175
0.499451
0.488301
1.062907
1.526250
0.307059
0.799978
0.750319
0.577030
0.587732
0.674494
0.987247
0.394801
0.523545
0.683212
0.612861
0.725424
0.369533
0.521946
0.999725
0.805667
0.480081
0.654927
0.425631
0.674188
0.847187
0.445904
0.641678
0.693207
0.862348
0.319029
0.431002
0.524730
0.402307
0.436441
0.275263
0.727238
0.681957
0.616063
0.257444
0.665891
0.562318
0.599530
0.920495
0.419194
0.532014
0.652864
0.882946
0.784912
0.499081
0.690654
1.069925
0.590941
0.912520
0.649552
0.456873
0.531779
0.450466
0.524131
0.364966
0.639011
0.822384
0.481577
0.620269
0.418477
0.774984
0.826878
1.075981
0.607274
0.868102
0.947971
0.785046
0.626172
0.613703
0.571224
0.980417
0.690290
0.783899
0.816325
0.620296
0.694038
0.609321
1.107706
1.069528
0.505720
0.996724
0.665668
1.033116
0.660270
0.532494
0.536769
0.390598
0.521423
0.613365
0.434209
0.437882
0.594141
0.520201
0.475398
0.483465
0.490915
0.540261
0.681412
0.699632
0.704961
0.400217
0.693788
0.442926
0.642877
0.678382
0.403306
0.621136
0.497097
0.564489
0.798187
0.803564
0.445846
0.497622
0.630309
0.724232
0.553068
0.538490
0.685067
0.737218
0.563455
0.592510
0.387953
0.807927
0.521290
0.621545
0.457552
0.587791
0.749265
0.731141
0.542976
1.007277
0.829172
0.936587
0.315653
0.975617
0.830124
0.343065
0.755950
0.475252
0.533106
0.692286
1.025199
0.730027
0.775616
0.511243
0.876879
0.778281
0.405361
0.479396
0.715852
0.358956
0.654679
0.365761
0.655438
0.648012
0.434144
0.749185
0.737351
0.677814
0.681535
0.613381
0.521723
0.593680
0.343849
0.647861
0.350590
0.942692
0.824327
0.852344
0.712220
0.584547
0.761289
0.383214
0.431448
0.691148
0.643475
0.789653
0.739695
0.575656
0.674510
0.376659
0.919231
0.907818
0.501053
1.040391
1.064291
0.929573
0.661494
0.476297
0.496953
1.328358
0.530724
0.719222
0.661167
0.555262
1.546239
0.456132
0.267428
0.646282
1.288986
0.795766
0.700452
0.791301
0.647634
0.929503
0.791847
0.551905
0.600029
1.090744
0.689459
0.804974
0.706467
1.023757
0.953868
0.389224
0.973749
0.502828
0.382716
0.550188
0.769493
0.758908
0.526300
0.841807
0.644546
0.985215
0.492585
0.612096
0.461520
0.627379
0.618616
0.923208
0.540556
0.623237
0.420306
0.596350
0.924192
0.829681
0.394982
0.677630
0.635908
1.054212
0.835119
0.640683
0.607800
0.984322
0.802250
0.503683
0.854203
0.762860
0.960396
1.324229
0.470844
0.677828
0.706618
0.418223
0.451938
0.494425
0.432917
0.470238
0.778363
0.583597
0.585643
0.768056
0.655828
0.473005
0.437826
0.666885
0.563227
0.622033
0.431037
0.323063
1.212625
0.490144
0.769279
0.448401
0.364864
0.528232
0.600504
1.073461
0.422269
0.879641
0.896755
0.790848
0.466048
0.387807
0.753330
0.625573
0.678208
0.865917
0.960626
0.380671
0.611096
0.959338
1.020348
0.446941
0.620858
0.851883
0.635458
0.605111
0.770856
0.658307
0.597418
0.724639
0.482737
0.637595
0.946565
1.108313
0.600614
0.698895
0.879818
0.619120
0.474410
0.511064
0.634287
0.341618
0.335901
0.357069
0.398239
0.702913
0.571323
0.851797
1.015480
0.375283
0.598526
0.942993
0.783029
0.500106
0.676104
0.567303
0.819766
0.694731
0.395710
0.612709
0.585890
0.301964
0.434481
0.604656
0.551737
0.331889
0.389819
1.051090
0.800689
0.576438
0.518022
0.857346
1.084402
0.350803
0.910833
0.220460
0.524516
0.759128
0.887493
0.602259
0.464687
0.884400
1.008914
0.370528
1.059859
0.818346
0.964612
0.380704
0.508880
0.812136
0.824379
0.785577
0.397894
0.575054
0.464569
0.747343
0.895940
0.978219
0.822791
0.716113
0.861152
1.141545
0.953749
0.843668
0.671371
0.946854
0.592103
0.247411
0.416413
0.364487
0.508385
0.406058
0.257929
0.492467
0.559581
0.636292
0.316219
0.786624
0.449602
0.522482
0.420402
0.394839
0.679937
0.270414
0.708364
0.813506
0.449392
0.671282
0.460626
0.755728
0.342795
0.250846
0.390871
0.382714
0.645853
0.283878
0.298855
0.386320
0.358249
0.727652
0.975996
0.177695
0.519922
0.590406
0.216886
0.708383
0.761433
0.611248
0.197293
0.775734
0.958580
0.499293
0.257182
0.538894
0.284596
0.630472
0.447959
1.002609
0.463245
0.570718
0.810404
0.526724
0.433715
0.418500
0.357735
0.629241
0.266422
0.355733
0.594611
0.416929
0.438262
0.731694
0.461013
0.357087
0.341507
0.307642
0.560549
0.297388
0.718816
0.735620
0.446324
0.368308
0.399590
0.527188
0.508461
0.305239
0.504214
0.282190
0.314532
0.553449
0.499809
0.309972
0.318112
0.470226
0.534677
0.299295
0.944020
0.154793
0.529802
0.525159
1.020624
0.379264
0.434481
0.618314
0.363885
0.289765
0.383570
0.605849
0.487184
0.475454
1.071125
0.663211
0.506199
0.523676
0.585985
0.810220
0.377611
1.106795
0.578269
0.739015
0.584065
0.641048
0.369486
0.395186
0.562142
1.004804
0.444146
0.466399
0.576194
0.684873
1.570876
0.516709
0.399372
0.671107
0.617195
1.076583
0.310382
1.122015
0.407357
0.308316
0.563869
0.307563
0.663181
0.525685
0.259055
0.476133
1.139145
0.392005
0.741762
0.849847
0.344238
0.874393
0.603018
1.324942
1.039349
0.772092
0.315481
0.426159
0.736137
0.737385
0.866346
0.679210
0.505967
1.327202
0.722839
0.566895
0.647615
0.896686
0.827433
0.925921
0.870741
0.638063
1.112771
0.518185
0.587481
0.929869
0.206876
0.485757
0.427743
0.403593
0.816243
0.649977
0.595716
0.722542
0.915278
0.836112
0.564376
0.320828
0.580690
0.395049
0.441480
0.426972
0.486141
0.678889
0.556339
0.526269
0.627451
0.523513
0.381981
0.393081
0.453681
0.518058
0.494669
0.570064
0.740109
0.469578
0.628454
0.551575
0.795938
0.175404
0.557984
0.646650
0.291850
0.532954
0.371230
0.500937
0.570729
0.520038
0.737757
0.379752
0.410514
0.398433
0.159717
0.498016
0.556316
0.272266
0.556668
0.561809
0.414859
0.692753
0.734426
0.552819
0.729960
0.300737
0.741940
0.550594
0.522545
0.480728
0.506556
0.767436
0.302642
0.802501
0.875706
0.298429
0.738944
0.827282
0.353954
0.535287
0.670143
0.671450
0.985562
0.774305
0.573760
0.400795
0.872987
0.649482
0.575177
0.608720
0.458916
0.753239
0.918597
0.332441
0.284419
0.573100
0.724155
0.567719
0.487247
0.564664
0.947160
0.558925
0.363534
0.841866
0.405362
0.352712
0.509793
0.925129
0.598099
0.611131
0.885578
0.353978
0.611274
0.722294
0.638038
0.782788
0.840421
0.655820
0.747519
0.532161
0.248575
0.594469
0.559004
0.508699
0.647504
0.727022
0.871995
0.622966
0.465598
0.770565
0.846640
0.432296
0.917107
0.412191
0.597160
0.679350
0.589023
0.310615
0.354124
0.838912
0.427063
0.677047
0.606924
0.608101
0.572706
0.543997
0.804759
0.499928
0.513170
1.110923
0.742825
0.455492
0.637682
0.906199
0.515117
0.494935
0.788997
1.332349
0.876478
0.701185
0.532223
0.839748
0.746028
1.110777
0.571868
0.588861
0.986107
0.995757
0.913785
0.924190
0.851735
0.669118
0.489476
0.681329
0.770998
0.485135
0.589766
0.723979
0.479402
0.661453
0.735025
0.233191
0.290579
0.266731
0.462380
0.528186
0.307201
0.441866
0.330569
0.403002
0.537827
0.350327
0.671004
0.576318
0.536907
0.510342
0.305141
0.402279
0.905906
0.438515
0.474132
0.555513
0.537599
0.412680
0.303537
0.345863
0.781186
0.192591
0.600149
0.174142
0.755373
0.416683
0.636876
0.349747
0.806901
0.453010
0.455354
0.733206
0.394746
0.352383
0.433924
0.792234
0.936513
0.951031
0.525621
0.368924
0.850051
0.891790
0.602055
0.436522
0.333399
0.267079
0.656583
0.543330
0.605209
0.343046
0.406149
0.836390
0.822133
0.601034
0.602443
0.592366
0.663814
0.259443
0.303649
1.413232
0.412519
0.188520
0.216983
0.351795
0.508261
0.470349
0.255771
0.616469
0.312698
0.506486
0.532765
0.338184
0.296878
0.574895
0.344813
0.476343
0.458058
0.289303
0.446226
0.752327
0.219974
0.235117
0.301540
0.487264
0.413918
0.549418
0.407099
0.778689
0.430837
0.118997
0.572556
0.502504
0.501982
0.448369
0.572821
0.767539
0.512379
0.471242
0.786153
0.739820
0.601820
0.592129
0.645235
0.618326
0.474067
0.563813
0.399356
0.447504
0.330643
0.397564
0.354998
0.585436
0.385398
0.705428
0.717611
0.724766
0.471343
0.501813
0.312275
0.357229
0.432633
0.480064
0.334954
0.423759
0.633417
0.560362
0.513868
0.473623
0.506967
0.598124
0.845150
0.192692
0.415538
0.549605
0.685799
0.463941
0.772947
0.299649
0.477675
0.492994
0.573788
0.618368
0.543393
0.778622
0.386223
0.414545
0.574870
0.549644
0.758456
0.355080
0.356400
0.766275
0.656081
0.722412
0.651240
0.569053
0.750446
0.398337
0.652472
0.447793
0.203144
0.323226
1.275032
0.346195
0.827185
0.409271
0.903829
0.894362
0.443491
0.449930
0.541268
0.742864
0.606832
0.306935
0.703738
1.939701
0.860791
0.877127
0.382143
0.822391
1.228766
0.319551
0.518861
0.487008
0.588353
0.527401
1.010954
0.857509
0.678810
0.296298
1.086794
1.096933
1.176247
0.812842
0.226861
0.867201
0.718558
0.759537
0.506475
0.571877
0.772566
0.660852
0.414288
0.527816
0.535240
0.659188
0.484175
0.423031
0.524435
0.460278
0.427117
0.528632
0.306162
0.389894
0.530566
0.251898
0.290418
0.425743
0.512144
0.297678
0.395906
0.599316
0.493359
0.444982
0.227575
0.422140
0.531253
0.467432
0.524267
0.257712
0.381276
0.403213
0.673308
0.333663
0.496829
0.484950
0.697654
0.562487
0.680555
0.222557
0.381328
0.310678
0.381512
0.408762
0.391570
0.114716
0.127008
0.373744
0.508695
0.484309
0.426973
0.286720
0.345885
0.547557
0.362966
0.361293
0.245276
0.414211
0.408944
0.457912
0.365106
0.552282
0.385959
0.451746
0.837974
0.517036
0.322640
0.546425
0.812138
0.458297
0.704027
0.502335
0.357328
0.613320
0.699248
0.590001
0.351784
1.048155
0.605122
0.445888
0.340192
0.489705
0.220450
0.676418
0.954552
0.245137
0.371467
0.423841
0.232103
0.665273
0.600341
0.346982
0.325211
0.420976
0.691517
0.923520
0.563345
0.466279
0.311225
0.444297
0.745731
0.213245
0.617876
0.582823
0.709187
0.521355
0.796386
0.836397
0.417563
0.692988
0.240729
0.565609
0.617150
0.386148
0.624554
0.655126
0.523374
0.691139
0.941471
0.674476
0.824395
0.475941
0.448374
0.710222
0.285478
0.760881
0.721027
0.350385
0.728839
0.490687
0.607448
0.776580
0.952803
0.993694
0.613945
0.386785
1.043674
1.289033
0.916609
0.278678
0.449044
0.569731
1.069384
1.151339
0.729574
0.457911
0.828403
0.742721
0.364916
0.700723
0.680394
0.691513
0.428823
0.282113
0.754191
0.754185
0.872398
0.651900
0.316655
0.339250
0.761744
0.616938
1.290127
0.553905
0.394942
0.246181
0.632609
0.853570
0.669802
0.722461
0.317657
0.464816
0.641214
0.640777
0.416573
0.743604
0.390996
0.650334
1.074459
0.419400
0.439448
0.664868
0.685031
1.330169
0.483673
0.547246
0.515119
0.294099
0.556586
0.391920
0.335538
0.306358
0.231464
0.177580
0.515413
0.319124
0.543064
0.464347
0.296055
0.131515
0.747610
0.420087
0.305962
0.355796
0.231764
0.314182
0.363313
0.351090
0.465019
0.134207
0.378201
0.310539
0.353054
0.441129
0.097554
0.222597
0.310424
0.390682
0.626937
0.278859
0.347703
0.250040
0.211961
0.702497
0.271348
0.457761
0.331940
0.459381
0.149821
0.511342
0.227779
0.403868
0.266215
0.567022
0.254615
0.162693
0.346824
0.334129
0.437216
0.750889
0.435849
0.280389
0.366629
0.261306
1.033759
0.764484
0.265969
0.386146
0.972317
0.288377
0.856983
0.531859
0.240286
0.434672
0.611119
0.407296
0.577620
0.308901
0.621216
0.717314
0.479303
0.249364
0.900077
0.580936
0.387177
0.427380
0.261400
0.572628
0.329149
0.347810
0.394985
0.444440
0.466383
0.261315
0.457484
0.254154
0.164914
0.307114
0.537180
0.338914
0.650933
0.451756
0.327257
0.566337
0.467127
0.460503
0.656809
0.598580
0.315912
0.695902
0.600569
0.267197
0.229175
0.250783
0.522430
0.504059
0.994121
0.337396
0.490750
0.432566
0.730209
0.713905
0.597815
0.631040
0.582562
0.607624
0.444299
0.452546
0.928606
0.596214
0.585955
0.548081
0.700338
0.282289
0.695083
0.673639
0.496067
0.531165
0.435460
0.994139
0.486659
0.828079
0.349035
0.815011
1.266405
0.539118
0.517660
1.096684
0.502681
1.026576
0.866896
0.237120
0.587071
0.837904
0.617632
0.598282
0.367182
0.545357
0.409573
0.381187
0.427709
0.563476
0.506650
0.465743
0.312676
0.645885
0.278846
0.524845
0.443377
0.511226
0.299641
0.488477
0.405416
0.310667
0.646475
0.337713
0.402717
0.915859
0.391260
0.587966
0.523137
0.252179
0.194312
0.327351
0.552756
0.245605
0.774576
0.322667
0.517602
0.455209
0.223069
0.373709
0.179022
0.493289
0.550553
0.497533
0.327342
0.488622
0.259345
0.315412
0.788498
0.547868
0.516522
0.448094
0.182433
0.867255
0.251346
0.487137
0.216666
0.610619
0.311466
0.461737
0.708057
0.598056
0.326155
0.532874
0.827994
0.756959
0.483401
0.524159
0.361101
0.553043
0.707239
0.400243
0.218423
0.447265
0.358366
0.429641
0.606240
0.404878
0.746898
0.889485
0.373154
0.217601
0.217910
0.665751
0.364853
0.487807
0.303100
0.569057
0.589092
0.283505
0.648227
0.771822
0.752576
0.402308
0.442111
0.542875
0.668572
0.342881
0.312972
0.651514
0.554137
0.429010
0.450393
0.932195
0.542572
0.697874
1.129300
0.632886
0.401779
0.506625
0.368794
1.333050
0.548993
0.485102
0.676150
1.268973
0.442820
0.542626
0.291073
0.438093
0.338286
0.919620
0.336691
0.569735
0.483701
0.545760
0.341571
0.605024
0.280025
0.259432
0.741140
0.386160
0.441077
0.565256
0.366596
0.567277
0.520690
0.623721
0.436209
0.586299
0.378076
0.377613
0.201239
0.389293
0.599440
0.320521
0.577566
0.562796
0.343059
0.618128
0.423649
0.818057
0.538218
0.408641
0.551438
0.836923
0.540235
0.317824
0.601282
0.640539
0.546053
0.993824
0.420337
0.641410
0.522993
0.431750
0.574084
0.410651
0.582720
0.571540
0.508936
0.414902
0.536096
0.620968
0.596251
0.521778
0.572695
0.577196
0.188230
0.320132
0.832593
0.311073
0.463564
0.555199
0.650285
0.622699
0.539975
0.683171
0.612861
0.516462
0.519346
0.781166
0.609147
0.519894
0.513222
0.508161
0.694157
0.658025
0.381874
0.525154
0.288807
0.234354
0.791752
0.569462
0.502869
0.323629
0.548607
0.425420
0.338903
0.306200
0.299880
0.435862
0.496926
0.232512
0.246849
0.508529
0.600523
0.309332
0.132185
0.609789
0.827633
0.580676
0.403615
0.816424
0.582909
0.499403
0.446152
0.585921
0.274052
0.607899
0.388135
0.343671
0.456962
0.550303
0.690485
0.481676
0.390677
0.182206
0.680694
0.382894
0.392579
0.852940
0.160355
0.609569
0.811042
0.426922
0.281819
0.295690
0.547361
0.507885
0.326703
0.554570
0.329638
0.600631
0.302818
0.257111
0.251124
0.439891
0.432314
0.285567
0.557408
0.530345
0.627076
0.386814
0.296177
0.392321
0.687675
0.522077
0.375136
0.213967
0.758979
0.555526
0.310662
0.170932
0.453489
0.650704
0.446066
0.318233
0.468204
0.261154
0.418262
0.643901
0.238350
0.147732
0.601453
0.281399
0.300844
0.571972
0.291553
0.417360
0.880725
0.620909
0.350671
0.383314
0.321576
0.373199
0.504329
0.467995
0.417554
0.687344
0.279978
0.325112
0.151988
0.664472
0.776552
0.333099
0.179006
0.195722
0.366136
0.361540
0.782370
0.344863
0.259169
0.130420
0.292541
0.393924
0.349065
0.446080
0.392466
0.520288
0.261733
0.320171
0.391681
0.111485
0.465532
0.318472
0.605728
0.276871
0.210217
0.350958
0.181350
0.261046
0.363566
0.219477
0.395649
0.310914
0.296202
0.504011
0.727991
0.403092
0.499687
0.388008
0.861978
0.533769
0.634804
0.637996
0.985698
1.042041
0.342679
0.155315
0.341495
0.719716
0.453425
0.756000
0.750420
0.528553
0.211557
0.706517
0.811202
0.347375
0.282152
0.393434
0.515256
0.395358
0.540185
0.485078
0.170419
0.279067
0.257265
0.582430
0.334122
0.762098
0.191938
0.531158
0.487333
0.400588
0.358485
0.238923
0.429955
0.388795
0.578905
0.454838
0.520294
0.343354
0.435642
0.436611
0.752899
1.127956
0.262622
0.374243
0.230415
0.424767
0.515972
0.456138
0.896472
0.249018
0.588526
0.696222
0.361463
0.744988
0.241402
0.575761
0.442688
0.332627
0.266973
0.884760
0.232258
0.330118
0.229714
0.185661
0.729617
0.330874
0.447925
0.321899
1.155389
0.235258
0.914525
0.276840
0.861344
0.492925
0.604349
0.389148
0.335382
0.898152
0.430935
0.245958
0.406835
0.819811
0.431626
1.127846
0.522166
0.303788
0.383286
0.494315
0.498433
0.744000
0.448582
0.434773
0.370786
0.414631
0.264484
0.408279
0.466791
0.284987
1.035718
0.288787
0.460451
0.861838
0.305464
0.587437
0.530393
0.642843
0.237387
0.229524
0.392651
0.392951
0.474853
0.457693
0.522773
0.392813
0.252290
0.476556
0.629421
0.337550
0.326806
0.595110
0.457960
0.339754
0.979421
0.594604
0.233491
0.453822
0.268086
0.586575
0.570283
0.375362
0.412526
0.291169
0.474356
0.322703
0.401221
0.384823
0.437154
0.299245
0.178291
0.702575
0.467007
0.318433
0.741792
0.250722
0.250554
0.591857
0.559981
0.369447
0.205473
0.678454
0.388713
0.492461
0.402543
0.554359
0.135628
0.243536
0.583857
0.464148
0.419786
0.219785
1.041670
0.286723
0.387841
0.900811
0.976311
0.737499
0.261241
0.657367
0.757804
0.705487
0.722275
0.228698
0.209556
0.692003
0.238316
0.556484
0.639315
0.282210
0.472947
0.574059
0.581034
0.282879
0.344716
0.267273
0.483291
0.284575
1.017836
0.521412
0.626374
0.382227
0.441278
0.934543
0.435848
0.294225
0.419998
0.281972
0.679956
0.517875
0.667371
0.499708
0.445252
0.311028
0.366219
0.723480
0.649139
0.246032
0.325605
0.393201
0.335236
0.976507
0.317470
0.653890
0.632585
0.386198
0.697494
0.523598
0.510756
0.194246
0.105798
0.687460
0.319978
0.398959
0.220170
0.400877
0.429904
0.460412
0.445272
0.303694
0.771498
0.606588
0.522223
0.349391
0.418472
0.177370
0.524229
0.598264
0.360649
0.616348
0.498562
1.055124
0.359719
0.559790
0.223201
0.816027
1.081623
0.296021
0.318571
0.411689
0.416719
0.353663
0.340570
0.628876
0.301731
0.307360
0.237611
0.416282
0.664012
0.496354
0.364330
0.870240
0.383937
0.235841
0.558150
0.519654
0.588551
0.665141
0.502905
0.511017
0.396295
0.559960
0.459320
0.208951
0.668762
0.348523
0.645749
0.636371
0.653785
0.384804
0.364795
0.327151
0.739623
0.542734
0.506182
0.209090
0.290025
0.356415
0.189946
0.441427
0.667156
0.270159
0.136524
0.373682
0.426958
0.330378
0.785322
0.408240
0.172208
0.361973
0.364396
0.334296
0.298316
0.429202
0.440356
0.126470
0.346793
0.594603
0.585289
0.486542
0.236628
0.264163
0.200179
0.339990
0.253876
0.349419
0.262946
0.249277
0.140041
0.161513
0.249215
0.206949
0.521291
0.667966
0.157837
0.225096
0.649358
0.852074
0.501471
0.298410
0.165445
0.352611
0.326680
0.471290
0.602623
0.476195
0.394962
0.378653
0.332143
0.500743
0.361068
0.489820
0.260627
0.430986
0.215523
0.747381
0.268435
0.165011
0.059404
0.473492
0.260451
0.362307
0.149061
0.248290
0.420624
0.285852
0.107802
0.445551
0.132697
0.265882
0.128660
0.194549
0.320712
0.351328
0.512592
0.196609
0.254193
0.250201
0.276777
0.390472
0.267917
0.247428
0.353153
0.492759
0.469548
0.276566
0.367903
0.359935
0.510890
0.281906
0.845955
0.384291
0.335648
0.130594
0.316068
0.580944
0.443994
0.538098
0.428096
0.215763
0.314306
0.377910
0.483674
0.366031
0.525932
0.296335
0.438472
0.259046
0.455893
0.438951
0.455003
0.553304
0.751239
0.419167
0.339585
0.290998
0.577167
0.514940
0.524108
0.412234
0.168705
0.217075
0.333825
0.482373
0.402677
0.350186
0.432404
0.271848
0.287492
0.188665
0.358143
0.436933
0.267678
0.475367
0.391215
0.162838
0.223642
0.225361
0.261691
0.181437
0.272497
0.979044
0.236388
0.174260
0.528604
0.298579
0.430600
0.179914
0.533181
0.505821
0.384099
0.439778
0.498330
0.838776
0.432011
0.373820
0.579942
0.530561
0.588011
0.407086
0.427245
0.476236
0.586255
0.662660
0.211348
0.380035
0.407319
0.105550
0.302627
0.315292
0.190868
0.319284
0.546186
0.394929
0.504532
0.396979
0.605961
0.769162
0.964551
0.719016
0.124749
0.474160
0.635231
0.580187
0.246973
0.571812
0.241033
0.269804
0.241957
0.671874
0.652894
0.677402
0.463984
0.611702
0.353378
1.135870
0.443337
0.131904
0.328102
0.152615
0.327605
0.808424
0.269269
0.570709
0.215378
0.491789
0.413927
0.246551
0.482684
0.279038
0.267290
0.139295
0.408753
0.341920
0.838279
0.509560
0.542624
0.459287
0.419383
0.426094
0.173047
0.205394
0.323396
0.547219
0.290445
0.538441
1.164239
0.201215
0.457385
0.583748
0.559243
0.621250
0.509441
0.334096
0.339878
0.150554
0.215587
0.187525
0.393849
0.347136
0.751684
0.211741
0.478369
0.557537
0.081540
0.234838
0.540136
0.436044
0.599440
0.315270
0.367102
0.351876
0.681182
0.352104
0.730143
0.535587
0.233969
0.297396
0.206069
0.342646
0.287725
0.391102
0.744510
0.502438
0.201590
0.288826
0.412872
0.623431
0.599655
0.428742
0.837682
0.341875
0.555457
0.338324
0.314916
0.655495
0.776946
0.391697
0.654139
0.446106
0.408090
0.363622
0.896487
0.244965
0.241754
0.284268
0.158935
0.222216
0.291674
0.200089
0.272274
0.372445
0.366169
0.305256
0.459282
0.550859
0.270199
0.227751
0.683210
0.536813
0.494014
0.752893
0.361930
0.287964
0.398435
0.426762
0.500162
0.494610
0.728195
0.251728
0.326831
0.263586
0.779539
0.258147
0.534890
0.323823
0.115022
0.585792
0.341981
0.306500
0.431686
0.227057
0.642716
0.222645
0.277372
0.345482
0.333440
0.583287
0.558342
0.346246
0.408731
0.307224
0.256158
0.678058
0.441574
0.412119
0.466498
0.379508
0.259522
0.341590
0.235731
0.437248
0.564822
0.609243
0.313716
0.265337
0.405963
0.333642
0.231301
0.503361
0.425622
0.308394
0.245186
0.432711
0.794621
0.343208
0.235088
0.475148
0.472251
0.508837
0.525560
0.526887
0.396879
0.367883
1.076879
0.349404
0.415899
0.332838
0.231600
0.137428
0.438896
0.421747
0.231586
0.390205
0.294757
0.306633
0.428497
0.250011
0.183902
0.196439
0.191535
0.358075
0.291666
0.313772
0.527897
0.236113
0.372128
0.680942
0.651957
0.218515
0.415399
0.332994
0.599842
0.255362
0.421721
0.748286
0.409087
0.346580
0.119073
0.326619
0.870475
0.067772
0.300795
0.327679
0.558329
0.177406
0.098771
0.359456
0.528761
0.493221
0.344491
0.223977
0.559803
0.428743
0.363392
0.143702
0.486907
0.268073
0.313492
0.244353
0.167294
0.157708
0.305198
0.659016
0.223884
0.194705
0.298661
0.399386
0.262188
0.469097
0.819287
0.334619
0.213087
0.118809
0.482783
1.094817
0.345192
0.312981
0.240418
0.352438
0.234966
0.509174
0.303646
0.266413
0.422592
0.252957
0.425567
0.341409
0.364686
0.145206
0.335785
0.377034
0.107207
0.254859
0.236184
0.261583
0.478426
0.519559
0.334726
0.319135
0.238245
0.541533
0.558268
0.478538
0.410261
0.356759
0.314219
0.312898
0.427523
0.363880
0.143548
0.199751
0.291033
0.626539
0.222530
0.247862
0.515767
0.590591
0.461794
0.441209
0.411594
0.426623
0.322136
0.262524
0.428205
0.574108
0.380528
0.359527
0.221742
0.368768
0.334525
0.367608
0.349065
0.208028
0.457429
0.293931
0.299090
0.368377
0.426989
0.311474
0.398051
0.366363
0.643241
0.143774
0.267577
0.402916
0.439179
0.372510
0.089872
0.687578
0.351383
0.270168
0.549572
0.283288
0.134888
0.266222
0.363850
0.367211
0.320351
0.403162
0.561523
0.598917
0.659931
0.338636
0.379264
0.271656
0.535136
0.232115
0.540529
0.377287
0.368931
0.563688
0.211489
0.339601
0.353951
0.213490
0.253784
0.033934
0.349612
0.249277
0.588995
0.145686
0.306419
0.126695
0.073847
0.451141
0.298364
0.372528
0.307266
0.226049
0.365555
0.238233
0.079421
0.284223
0.425242
0.417894
0.442881
0.314942
0.246447
0.315060
0.386523
0.262323
0.226369
0.166479
0.403426
0.210329
0.104207
0.181280
0.142681
0.391416
0.267584
0.658474
0.303514
0.511389
0.464719
0.637393
0.200751
0.309989
0.346224
0.808244
0.261727
0.209731
0.352223
0.630427
0.725690
0.137646
0.597078
0.284325
0.409897
0.278862
0.639012
0.309212
0.410134
0.241628
0.652589
0.355418
0.440118
0.338556
0.471376
0.177943
0.570350
0.663945
0.181518
0.468326
0.248357
1.124042
0.500182
0.240273
0.754941
0.270443
0.440414
0.456170
0.996850
0.639625
0.512576
0.291580
0.469937
0.493469
0.744250
0.739386
0.429676
0.421936
0.409359
1.013475
0.442200
0.300014
0.463712
0.426168
0.619542
1.479928
0.370882
0.450367
0.429309
0.603907
0.656490
0.746563
0.990766
0.570923
0.958110
0.475523
0.281272
0.210918
0.561001
0.483583
0.353325
1.191123
0.570226
0.619279
0.324402
0.581263
0.535534
0.597561
0.506160
0.555575
0.320548
0.530938
0.561858
0.359102
0.825987
0.277810
0.248789
0.244071
0.665545
0.569367
0.575170
0.641308
0.202653
0.487046
0.254776
0.400986
0.654438
0.229538
0.312857
0.367637
0.292372
0.462577
0.516784
0.401470
0.299090
0.665595
0.363599
0.454584
0.347578
0.300152
0.546088
0.305075
0.820913
0.296625
0.495333
0.307116
0.574728
0.402295
0.527231
0.336033
0.194166
0.582354
0.459713
0.598500
0.780077
0.434881
0.567584
0.221054
0.650815
1.175055
0.404943
0.358824
0.393752
0.191885
0.770281
0.606330
0.356338
0.576234
0.759550
0.412008
0.724408
0.272681
0.368909
0.513101
0.259370
0.498880
0.280276
0.359750
0.330423
0.279731
0.731972
0.128766
0.305410
0.443904
0.340678
0.258547
0.390949
0.241705
0.315043
0.329990
0.383703
0.336018
0.253774
0.335064
0.120688
0.329539
0.394274
0.191088
0.215826
0.402312
0.473787
0.461242
0.489772
0.376170
0.454419
0.389025
0.161101
0.437816
0.755833
0.111951
0.312041
0.459766
0.306338
0.238706
0.422930
0.212877
0.336399
0.206841
0.322481
0.263640
0.285445
0.442288
0.368567
0.385921
0.204177
0.190057
0.235825
0.204930
0.295156
0.520894
0.312438
0.322254
0.400589
0.192591
0.467510
0.236117
0.556917
0.476642
0.397348
0.171440
0.127658
0.150971
0.292497
0.502061
0.317324
0.212541
0.287868
0.087608
0.608247
0.224473
0.185222
0.224870
0.262807
0.105758
0.274568
0.236714
0.271308
0.197076
0.284138
0.293663
0.183518
0.345234
0.206026
0.197211
0.300389
0.176500
0.187598
0.110880
0.496705
0.185914
0.319128
0.130385
0.263838
0.031805
0.191432
0.183692
0.279166
0.420335
0.290212
0.471911
0.298621
0.325856
0.312363
0.274962
0.261770
0.108422
0.516285
0.387910
0.082921
0.677010
0.116286
0.097226
0.265296
0.311561
0.149884
0.401338
0.326559
0.256864
0.641517
0.322805
0.437637
0.282791
0.317557
0.307522
0.443283
0.320399
0.218718
0.154253
0.346190
0.117334
0.383126
0.414125
0.466949
0.245080
0.136809
0.051711
0.535826
0.377689
0.319120
0.219191
0.047965
0.167391
0.305265
0.099919
0.128899
0.184584
0.178562
0.277897
0.113324
0.148893
0.331706
0.140921
0.460496
0.122419
0.252645
0.283540
0.173279
0.261033
0.342248
0.250542
0.434163
0.314737
0.161658
0.161284
0.690204
0.513351
0.208216
0.165305
0.185800
0.183508
0.374106
0.472042
0.269472
0.618875
0.518043
0.283674
0.272559
0.322678
0.315640
0.592589
0.299681
0.228485
0.228245
0.370471
0.532418
0.395956
0.115950
0.503638
0.252040
0.441036
0.174612
0.411041
0.142856
0.541779
0.327015
0.357988
0.280599
0.272022
0.512195
0.161073
0.328320
0.324222
0.554068
0.263771
0.311715
0.112835
0.134365
0.672524
0.579940
0.476995
0.232060
0.099801
0.469328
0.202055
0.377961
0.126887
0.330364
0.224907
0.243030
0.639905
0.411482
0.226229
0.288842
0.166536
0.419032
0.276445
0.662508
0.698689
0.314802
0.495234
0.236363
0.351971
0.484863
0.242523
0.526709
0.457319
0.241978
0.449766
1.148838
0.256524
0.626264
0.536443
1.027091
0.377648
0.276026
0.434376
0.353351
0.506197
0.442262
0.344390
0.280047
0.245183
0.301704
0.267048
0.298976
0.366619
0.803780
0.600141
0.242324
0.378666
0.299017
0.345644
0.412032
0.353031
0.565884
0.399846
0.594442
0.325950
0.135230
0.367317
0.338025
0.443083
0.150894
0.953988
0.623681
0.166853
0.353812
0.492281
0.541010
0.453318
0.270630
0.430264
0.321401
0.456226
0.251887
0.557295
0.129512
0.319547
0.271556
0.070908
0.396046
0.343158
0.736679
0.365706
0.363247
0.256925
0.527890
0.423108
1.656772
0.206804
0.197508
0.434132
1.060741
0.900834
0.198672
0.203092
0.207122
0.517583
0.437271
0.657443
0.210622
0.601610
0.622476
0.562215
0.410430
0.364124
0.255294
0.504602
0.438637
0.439484
0.607767
0.288031
0.518245
0.227595
0.774356
0.097870
0.382675
0.129069
0.234684
0.311518
0.815324
0.631729
0.418202
0.296174
0.107932
0.102252
0.325853
0.615790
0.215782
0.399361
0.370593
0.306157
0.195545
0.288348
0.437757
0.203110
0.636504
0.290936
0.427085
0.335307
0.837602
0.439377
0.326717
0.279095
0.353381
0.228483
0.529664
0.555362
0.941458
0.175203
0.172062
0.397270
0.290199
0.313243
0.374356
0.446514
0.599172
0.482430
0.440995
0.549736
0.316843
0.329846
0.437448
0.391850
0.494221
0.218243
0.192282
0.397295
0.168403
0.313524
0.234146
0.163632
0.534339
0.653124
0.397550
0.310828
0.209107
0.805056
0.721015
0.512441
0.323369
0.225689
0.213915
0.568419
0.486151
0.476911
0.308115
0.656613
0.490151
0.370044
0.587569
0.471695
0.131747
0.227673
0.549148
0.465114
0.398655
0.160119
0.353677
0.498805
0.453027
0.277834
0.594154
0.429252
0.323300
1.024650
0.568509
0.394537
0.586374
0.369299
0.155598
0.498670
0.553643
0.246489
0.618148
0.514374
0.378479
0.477771
0.560979
0.504999
0.308106
0.246025
0.483674
0.355114
0.304972
0.362637
0.253785
0.495075
0.591269
0.442798
0.507104
0.624470
0.364960
0.172090
0.331392
0.759415
0.440695
0.278506
0.446520
0.298355
0.343541
0.420289
0.588347
0.743960
0.702314
0.693606
0.486549
0.282820
0.536811
0.342086
0.152112
0.410774
0.326471
0.202874
0.155020
0.436459
0.150922
0.345950
0.260645
0.447471
0.587001
0.413260
0.275571
0.519395
0.262611
0.572447
0.252787
0.265980
0.247102
0.398947
0.354249
0.326955
0.360410
0.541622
0.346275
0.268757
0.229078
0.288478
0.426613
0.392288
0.372112
0.252263
0.077025
0.417687
0.350487
0.182654
0.277286
0.299655
0.162561
0.266491
0.362360
0.099789
0.344341
0.056750
0.236097
0.104409
0.183453
0.333850
0.108991
0.126159
0.234688
0.448099
0.090562
0.318488
0.301793
0.467448
0.314049
0.363243
0.283194
0.234968
0.172856
0.367855
0.219917
0.467158
0.039021
0.202987
0.403631
0.296986
0.222118
0.835016
0.213466
0.544458
0.166617
0.597786
0.252578
0.241415
0.402580
0.085731
0.357019
0.103398
0.406922
0.335710
0.553855
0.211373
0.285326
0.122682
0.116764
0.278180
0.310967
0.434539
0.206816
0.556334
0.299644
0.188790
0.125823
0.368141
0.304571
0.506288
0.464952
0.291515
0.488971
0.569019
0.316633
0.369669
0.292108
0.157773
0.204943
0.180256
0.254723
0.130922
0.520867
0.178431
0.307106
0.166561
0.248208
0.503658
0.131328
0.200607
0.398926
0.196263
0.185971
0.643624
0.200338
0.159620
0.217570
0.267300
0.185733
0.218825
0.426613
0.386707
0.303974
0.420569
0.610266
0.438205
0.122126
0.377260
0.289733
0.214288
0.265824
0.355825
0.357619
0.249006
0.402648
0.228537
0.453616
0.165894
0.194405
0.301012
0.232116
0.185974
0.299276
0.366535
0.464656
0.490349
0.214683
0.166551
0.120879
0.409386
0.441417
0.559816
0.219356
0.345039
0.254235
0.321870
0.612238
0.368205
0.279715
0.058705
0.469245
0.341534
0.185547
0.554903
0.569979
0.242074
0.343812
0.321069
0.373709
0.303315
0.320488
0.299362
0.158303
0.233155
0.150189
0.235373
0.422728
0.167448
0.196043
0.217396
0.395927
0.222177
0.202654
0.481095
0.386723
0.284724
0.172138
0.180302
0.546970
0.236868
0.305566
0.438985
0.145852
0.331326
0.188766
0.049394
0.472300
0.256995
0.217623
0.058535
0.128441
0.244866
0.185457
0.212442
0.287383
0.215413
0.122196
0.234083
0.300635
0.280519
0.518073
0.269123
0.386710
0.086162
0.122535
0.300040
0.304302
0.282989
0.543308
0.206405
0.108935
0.432552
0.111127
0.054549
0.258005
0.400950
0.593681
0.085717
0.313055
0.319235
0.802018
0.611448
0.386464
0.338592
0.458022
0.528284
0.236526
0.452774
0.384496
0.330366
0.307930
0.340963
0.259067
0.197987
0.319187
0.306652
0.675111
0.269773
0.837400
0.243088
0.893554
0.300963
0.219506
0.440555
0.267106
0.139574
0.583113
0.599128
0.505536
0.443697
0.421252
0.335132
0.589394
0.692901
0.257767
0.143562
0.411301
0.417580
0.114333
0.300055
0.268920
0.282020
0.401971
0.256755
0.306809
0.613098
0.311346
0.138051
0.346800
0.212951
0.331049
0.127227
0.477202
0.344832
0.422971
0.209759
0.370505
0.274033
0.361734
0.278990
0.213041
0.616224
0.368733
0.301237
0.384389
0.343806
0.294466
0.342400
0.631058
0.215298
0.360245
0.388523
0.158293
0.447147
0.235393
0.285241
0.321836
0.319058
0.206003
0.209845
0.361315
0.316080
0.766862
0.582728
0.762457
0.343112
0.249935
0.272577
0.440316
0.523288
0.281437
0.316401
0.580339
0.259990
0.324547
0.294351
0.497030
0.396466
0.309167
0.545672
0.217515
0.584814
0.330694
0.368527
0.343206
0.311847
0.344148
0.780104
0.521445
0.402424
0.355748
0.526262
0.364151
0.391101
0.190185
0.411680
0.634972
0.467881
0.516168
0.329564
0.480727
0.428038
0.593154
0.684493
0.362581
0.288982
0.416092
0.477334
0.492782
0.161821
0.946896
0.641438
0.454127
0.342080
0.237663
0.207887
0.098955
0.295787
0.311378
0.228122
0.647556
0.314033
0.538089
0.349547
0.168056
0.173046
0.313085
0.084569
0.122358
0.128877
0.565703
0.244246
0.314414
0.384684
0.200152
0.132251
0.465158
0.381996
0.413678
0.231870
0.225300
0.165071
0.399745
0.207245
0.293079
0.444624
0.916755
0.559007
0.201157
0.461201
0.193405
0.957829
0.111476
0.599203
0.147336
0.176365
0.467205
0.339748
0.466734
0.519932
0.253168
0.481006
0.594607
0.215338
0.115753
0.153353
0.143610
0.197805
0.300895
0.229197
0.109308
0.264831
0.256897
0.092544
0.292175
0.238016
0.371872
0.189480
0.223635
0.645561
0.242265
0.122357
0.366269
0.256812
0.218942
0.269466
0.157211
0.265966
0.320281
0.056538
0.254366
0.277685
0.264271
0.343205
0.027889
0.311661
0.206817
0.098807
0.188818
0.762613
0.367032
0.249823
0.413157
0.093087
0.342666
0.459702
0.450303
0.355176
0.633919
0.122616
0.324543
0.195096
0.490972
0.168062
0.355193
0.211286
0.359943
0.638088
0.137907
0.338171
0.204062
0.626026
0.209688
0.223566
0.363421
0.258142
0.406042
0.505781
0.463823
0.259521
0.223591
0.474273
0.438767
0.272598
0.632033
0.256191
0.297513
0.308708
0.508248
0.218083
0.401332
0.238259
0.265342
0.272904
0.410941
0.332017
0.134172
0.404030
0.551987
0.322665
0.136675
0.244660
0.216221
0.200402
0.224185
0.404727
0.215142
0.199424
0.450127
0.601690
0.250538
0.439317
0.146960
0.278686
0.221477
0.465956
0.285604
0.478518
0.433284
0.365521
0.130360
0.342972
0.228053
0.420463
0.266648
0.664411
0.320332
0.584612
0.169911
0.283462
0.262243
0.085387
0.468497
0.567271
0.369247
0.425724
0.096724
0.579651
0.277014
0.177220
0.398994
0.822258
0.487264
0.303220
0.269082
0.375709
0.234455
0.275251
0.424863
0.468177
0.331674
0.213738
0.149907
0.717941
0.433363
0.231834
0.311175
0.280012
0.152519
0.290972
0.415052
0.458522
0.286711
0.335163
0.381587
0.147989
0.535516
0.255816
0.252126
0.316740
0.355019
0.210007
0.313257
0.231398
0.426485
0.201477
0.356004
0.233145
0.567459
0.576529
0.137832
0.393843
0.218077
0.246654
0.168959
0.514348
0.331834
0.232821
0.348060
0.317183
0.281809
0.099897
0.207749
0.257401
0.327200
0.230774
0.284885
0.195586
0.250824
0.442716
0.186906
0.410213
0.362769
0.171627
0.371838
0.519033
0.321655
0.240556
0.312916
0.216662
0.300118
0.384283
0.432278
0.862054
0.150307
0.303741
0.563263
0.293852
0.214151
0.417668
0.206414
0.437235
0.268039
0.341289
0.439061
0.060238
0.213078
0.231232
0.274289
0.650266
0.213486
0.165312
0.148006
0.175210
0.351762
0.291150
0.165278
0.356074
0.086758
0.124450
0.135185
0.410236
0.246244
0.323114
0.138152
0.314892
0.271389
0.133103
0.332796
0.337990
0.154507
0.085911
0.220285
0.230726
0.155765
0.478326
0.215199
0.309320
0.202738
0.423568
0.605836
0.441255
0.271435
0.297483
0.351989
0.389376
0.400917
0.307851
0.309708
0.156398
0.335175
0.237296
0.203387
0.354580
0.390807
0.481353
0.325697
0.320749
0.327467
0.098326
0.295379
0.117038
0.337779
0.252876
0.181071
0.197015
0.243219
0.220896
0.253334
0.224612
0.180585
0.178312
0.223001
0.213095
0.137918
0.266145
0.207502
0.263321
0.168805
0.185291
0.174679
0.067344
0.257266
0.127874
0.300163
0.195672
0.407380
0.255510
0.107951
0.457926
0.144681
0.401850
0.237485
0.649181
0.354226
0.462688
0.428322
0.435500
0.286171
0.151444
0.318204
0.185022
0.198102
0.410119
0.507329
0.351508
0.255233
0.165716
0.113499
0.234541
0.156389
0.268026
0.320151
0.192941
0.294598
0.160603
0.325249
0.385609
0.430642
0.481719
0.322750
0.206211
0.262370
0.535169
0.354968
0.272295
0.284898
0.151451
0.227228
0.205344
0.432522
0.355073
0.383855
0.228518
0.362704
0.234540
0.386765
0.481521
0.831932
0.429909
0.571933
0.720290
0.227386
0.519312
0.576434
