2.149934
14.645732
7.091426
5.657728
4.668856
2.775811
3.510985
2.191704
1.793732
2.136010
0.372116
0.917250
1.030492
1.107807
0.665672
0.554855
0.585776
1.902847
0.363270
1.117988
0.981303
0.560368
0.519128
0.237114
1.460042
1.222661
0.711215
1.299063
1.098385
0.438381
1.062044
0.353435
0.802685
0.394226
0.354003
0.326428
0.693941
0.205887
0.464095
0.307734
0.506343
0.263228
0.280701
0.545158
0.563793
0.334762
0.327158
0.302878
0.340926
0.504087
0.344867
0.306710
0.419813
0.510989
0.641294
0.507520
0.389461
0.540846
0.766649
0.493694
0.770239
0.496993
1.023744
0.754970
0.779215
0.906878
1.239691
1.487602
0.572599
0.462998
0.917605
0.697380
1.751686
0.826526
0.941773
0.669130
0.311631
0.641413
0.454741
0.320648
0.456480
0.619864
0.665184
0.639016
0.622778
0.446153
0.530973
0.390592
0.398654
0.676491
0.700663
1.390868
0.949458
0.636855
0.615633
0.825743
0.795586
0.595489
0.717682
0.716065
0.927935
0.694856
0.522372
0.705515
0.577042
0.439287
0.545127
0.554470
0.377831
0.353420
0.747020
0.821905
0.428363
0.482096
0.542472
0.642402
0.784483
0.573528
0.801017
0.413016
0.557381
0.618022
0.907331
0.493411
0.614686
0.467802
0.473905
0.525365
0.564557
0.486734
0.505787
0.824475
0.876455
0.421079
0.548451
0.868237
0.791430
0.694712
0.661244
0.895780
0.651442
0.870064
0.774812
1.110560
0.748676
0.761136
0.368375
0.397088
0.563877
0.519896
0.310140
0.423395
0.710361
0.626083
1.166962
0.734853
0.730925
0.787177
0.418448
1.282938
0.863781
0.671019
0.484316
0.941786
0.510110
0.300236
0.581686
0.490948
0.411846
0.555786
1.179309
0.780949
0.447958
0.590976
0.707298
0.507174
0.454512
0.697007
0.684680
0.448280
0.368099
0.485876
0.649428
0.791650
0.714074
0.700107
0.905286
0.839838
0.806895
0.768105
1.261683
0.562016
0.819667
0.581420
1.200189
0.560758
0.475328
0.630488
0.933992
0.732000
0.671802
0.911557
0.729114
0.577345
0.400800
0.663555
0.890153
0.604652
0.350754
0.435277
0.422475
0.546511
0.762831
1.145368
0.480787
0.551546
1.043964
0.799751
1.284630
1.268592
0.851114
0.896269
0.645774
0.647947
0.632049
0.564308
1.000247
0.815342
0.667048
0.734567
0.694466
0.472054
0.615611
0.695435
1.087285
0.749059
0.696268
0.841984
0.361195
1.173639
0.980193
0.864081
0.636713
0.760329
0.917267
0.606637
0.701574
0.765790
0.703885
0.955887
0.460957
0.572218
0.568840
0.696860
0.508849
0.709599
0.575042
0.684131
0.437412
0.474067
0.639262
0.503499
0.493337
0.739759
0.663972
1.123327
0.916313
0.474173
0.610090
0.813097
0.835272
0.582414
1.154649
0.539933
0.644212
0.663885
0.702230
0.417976
0.541686
0.638050
0.479379
0.552141
0.776956
0.873621
0.448619
0.772218
0.531181
0.778929
0.709729
0.683290
0.788393
0.844109
0.552538
0.952790
1.047305
0.542610
0.510438
0.556167
0.793680
0.928661
0.752341
0.744717
0.473596
0.654779
0.630250
0.654710
0.458713
0.855270
0.818348
0.788163
0.433713
0.692203
0.568417
0.560121
0.948767
0.879721
0.759236
0.809715
0.477240
0.666567
0.469404
0.545394
0.661392
0.456668
0.339836
0.609173
0.584326
0.743745
0.383202
0.617671
0.808162
0.548134
0.898560
1.252870
1.094949
0.881171
0.514970
0.565589
0.700118
0.713662
0.517300
0.677763
0.574785
0.555953
0.517038
0.440235
0.478990
0.517842
0.459579
0.442267
0.483169
0.910962
0.772491
0.645269
0.438831
0.594945
0.949063
1.091645
0.977621
0.603519
0.653276
0.729836
0.923111
0.776453
0.628917
0.693153
0.545866
0.573633
0.503628
1.080506
1.118666
0.518096
0.747126
0.734819
0.658505
0.635818
0.866872
0.865572
0.634337
0.852936
0.528699
0.849672
0.623946
0.393238
0.551964
0.576296
0.668414
0.470447
0.842075
0.559478
0.651713
0.619072
0.931698
0.778094
0.669761
0.488306
1.120104
0.839147
1.213969
1.081851
0.667254
1.030575
0.602068
0.898932
0.602151
0.453812
0.603546
0.659242
0.703071
0.778456
0.449655
0.990388
0.510474
0.702798
0.510471
0.647035
0.738579
0.931804
0.712994
1.077302
1.182827
0.995752
0.914146
0.814734
1.112130
0.651700
0.786968
0.757396
0.734470
0.730519
0.957435
0.539150
1.180828
0.821908
0.481286
0.607885
0.567006
0.400044
0.582912
0.448602
0.795710
0.766751
0.566231
0.637821
0.672688
0.812073
0.630473
0.637725
0.646525
0.934963
0.777147
0.703604
0.653747
0.735895
0.546343
0.673582
0.647569
0.577047
0.453003
0.667793
0.709413
0.577539
0.528217
0.414797
0.446487
0.720234
0.791502
0.608313
0.756890
1.208596
0.906147
0.934570
0.916591
0.473340
0.728495
1.013137
0.760622
0.636245
0.792372
0.786217
0.794413
0.821829
0.860876
0.516046
0.601060
0.666440
0.650736
0.700070
0.388236
0.557890
0.642090
0.776049
0.626157
0.381424
0.697401
0.692108
0.702744
0.680123
0.402704
0.786639
0.554166
0.647413
0.621973
0.626135
0.572600
0.828562
0.669684
0.956727
0.784659
1.015970
1.017788
0.480572
0.639596
0.900642
0.574545
0.882873
0.837063
0.720030
0.633809
0.864533
0.555609
0.490731
0.286417
0.496536
0.802740
0.745433
0.664825
0.660343
0.581374
1.023347
0.490604
0.502568
0.515620
1.015343
0.554537
0.603947
0.772728
0.655866
0.625859
0.671542
0.560275
0.673078
0.524820
0.662543
0.662153
0.957601
0.584395
0.521877
0.718045
0.745355
1.014265
0.816671
0.584185
0.670832
0.741269
0.639985
0.588602
0.548557
0.716188
0.528075
0.741336
0.678393
0.519623
1.184477
0.847835
1.351029
0.774526
0.628460
0.534439
0.631965
0.509591
0.681782
0.711769
0.834876
0.739059
0.679222
0.451512
0.839508
0.653073
0.910327
0.615218
0.711088
0.798092
0.778671
0.671967
0.641866
0.560841
0.767598
0.607778
0.767261
0.654492
0.690520
0.355301
0.701325
0.464113
0.852736
0.772250
0.767962
0.860688
0.813818
0.430161
0.823915
0.946258
1.043028
0.919727
0.560305
0.732699
0.647373
0.599228
0.544983
0.771775
0.543510
0.644334
0.621657
0.593916
0.531066
0.737504
0.410282
0.978754
1.141127
0.596400
0.707894
0.785835
0.419463
0.570779
0.878356
0.835395
0.505341
0.688563
0.648942
0.522316
0.817541
0.907897
1.243105
0.498226
0.641425
0.561495
0.851882
0.813411
0.630114
0.628337
0.582910
0.543952
0.642140
0.729612
0.547975
0.479859
0.884220
0.904417
0.520630
0.646105
0.485605
0.617971
0.572864
0.382853
0.817622
0.761400
0.503613
0.776273
0.691870
0.761787
0.860796
0.735041
0.478882
0.601882
0.433546
0.474393
0.454970
0.513879
0.794167
0.455970
0.669548
0.675463
0.831806
0.952216
0.589645
0.518494
0.613839
0.530963
0.709850
0.678442
0.531119
0.994440
0.888136
0.674422
0.782359
0.896461
1.005344
0.782896
0.654226
0.989505
0.755430
0.553026
1.207212
0.813292
0.594623
0.735015
0.592545
0.853381
0.802634
0.659939
0.889858
0.743637
0.679522
0.592446
0.538350
0.652941
0.809348
0.654814
0.542066
0.681423
0.833659
1.205046
0.579524
0.462254
0.467381
0.492314
0.572723
0.647326
0.732638
0.473224
0.771221
0.950715
0.435241
0.546927
0.553584
0.460093
0.776417
0.527180
0.419669
0.756378
0.839424
0.748712
0.747613
0.731240
0.460343
0.546074
0.548703
0.926883
0.905696
0.591497
0.584390
0.617368
0.442589
1.192281
0.875772
0.558300
0.718068
0.750901
0.897205
1.071999
0.759204
0.598987
0.662503
0.658308
0.828479
0.720312
0.910084
0.894724
0.678288
0.830194
0.686106
0.924876
0.707876
0.646729
1.038480
0.544860
0.734287
0.755049
0.487496
0.766339
0.660824
0.626871
0.774190
0.592067
0.870903
0.902998
0.794800
0.622983
0.780318
0.737060
0.846905
0.717412
0.678556
0.512814
1.285430
1.161928
0.769293
0.837085
0.393980
0.708993
0.977888
0.798829
0.952989
1.652516
0.769306
0.899503
0.528664
0.922047
0.802534
1.120741
0.713120
0.448943
0.543927
0.677423
0.612275
0.829234
0.540097
0.677486
0.741665
0.863932
0.728289
0.581090
0.763353
0.527278
0.662332
0.818300
0.610928
1.047074
0.907348
0.785419
0.897526
0.623965
0.648587
0.545576
0.841006
0.598737
0.778754
0.581261
0.929102
0.731057
0.649853
0.693831
0.612643
0.769474
0.835830
0.713896
0.526918
0.511929
0.914265
0.647615
0.681080
0.692503
0.829430
0.620658
1.162328
0.822841
0.526272
0.440407
0.839002
0.748308
0.694640
1.079959
0.655851
0.512232
0.668089
0.568989
0.677546
0.780475
0.570587
0.742526
0.675096
0.398125
0.659215
0.530408
0.599814
0.704043
0.754863
0.938813
0.635407
0.553294
0.811138
0.515159
0.595905
0.701128
0.436671
0.549804
0.562185
0.606076
0.878687
0.460157
0.512279
0.596964
0.566152
0.555628
0.629854
0.691385
0.952329
0.708121
0.675230
0.787900
0.798651
0.565115
1.019821
0.405219
0.694181
0.536851
0.596373
0.556485
0.689984
0.586169
0.736445
0.719769
0.381609
0.784388
0.525117
0.644250
0.813960
0.614479
0.365584
0.539718
0.670740
0.623221
0.740742
0.617985
0.533888
0.629089
0.691845
0.856815
0.630634
0.513972
1.219823
0.711703
0.767835
0.507326
0.487224
0.492821
0.510592
0.724703
0.347882
0.884582
0.679166
0.673799
0.442834
0.838853
0.717966
0.627878
0.570704
0.739857
0.819086
0.785204
0.679909
0.741052
0.513567
0.574693
0.697100
0.549677
0.779369
0.735106
0.754500
0.476433
0.549071
1.218270
0.719376
0.679383
0.562386
0.631061
0.458262
0.537860
0.524293
0.510121
0.778869
0.758929
0.589510
1.130250
0.493795
0.474591
0.877310
0.598879
0.737185
0.617566
0.625647
0.410522
0.786811
0.840991
0.781061
0.620840
0.947452
0.471499
0.585467
0.439258
0.472789
0.546376
0.695321
0.699305
1.052714
0.558116
0.575139
0.548820
0.429341
1.116953
0.433177
0.429060
0.595727
0.473902
0.569502
0.529615
0.403166
0.774304
0.573904
0.808646
0.790454
0.719750
0.768676
0.670686
0.700373
0.452878
0.591825
0.600476
0.705095
0.522055
0.580999
0.467488
0.499258
0.742713
0.634447
0.484980
0.747145
0.846963
0.868055
0.513092
0.841220
0.506037
0.415390
0.589516
0.752885
1.201901
0.626163
0.537152
0.643205
0.721287
0.613132
0.737021
0.572638
0.488941
0.716280
0.841339
0.578984
0.552887
0.550702
0.589340
0.667297
0.691050
0.567713
0.677305
0.694230
0.768165
0.631113
0.725611
0.579444
0.796382
0.655204
0.960842
0.810168
0.372599
0.617394
0.620644
0.722386
0.906235
0.785584
0.639853
0.564491
0.449299
0.617779
0.442049
0.669769
1.203907
0.577249
0.578751
0.619253
0.683969
0.610417
0.715082
0.574909
0.515218
0.726831
0.636145
0.499263
0.444699
0.523355
0.589958
0.781124
0.650641
0.441242
0.790917
0.434248
0.567355
0.644978
0.770190
0.511459
0.435650
0.688797
0.895505
0.471416
0.775438
0.399618
0.579003
0.744970
0.756895
0.753842
0.549551
0.648022
0.681349
0.751032
0.468067
0.432652
0.628655
0.538061
0.847704
0.579073
1.000370
0.658105
0.608075
0.758966
0.519911
0.471137
0.636999
0.836941
0.837568
0.572690
0.773258
0.645425
0.633886
0.470693
0.709245
0.414244
0.611409
0.527784
0.429304
0.603714
0.634724
0.683303
0.505811
0.747076
0.412274
0.403691
0.390175
0.500542
0.493154
0.519508
0.693655
0.584300
0.651387
0.713838
0.335095
0.469331
0.881410
0.562128
0.425937
0.673075
0.479778
0.676582
0.718764
0.469316
0.583181
0.622529
0.453581
0.672060
0.506253
0.592943
0.575444
0.471144
0.496148
0.526608
0.531132
0.512907
0.567088
0.677379
0.557035
0.466712
0.788153
0.805171
0.751166
0.495785
0.482328
0.550405
0.416276
0.495796
0.450916
0.610511
0.581539
0.431945
0.572350
0.510665
0.567324
0.739376
0.521003
0.599974
0.603889
0.550755
0.587159
0.668639
0.646332
0.459374
0.738562
0.492469
0.665280
0.628816
0.479605
0.608957
0.546924
0.461863
0.504951
0.718436
0.735211
0.338975
0.545655
0.731960
0.473137
0.895453
0.388123
0.559551
0.600543
0.520943
0.602422
0.505945
0.709267
0.708147
0.599852
0.593373
0.649389
0.581707
0.597153
0.727079
0.581828
0.522207
0.825780
0.561975
0.552941
0.485538
0.466422
0.350548
0.770218
0.454856
0.838339
0.840534
0.877453
0.752205
0.655394
0.685152
0.592031
0.684915
0.746247
0.780850
0.489956
0.297333
0.878646
0.763012
0.579600
1.012991
0.475310
0.497350
1.026806
0.388439
0.603240
0.665064
0.558114
0.550480
0.368209
0.677192
0.607168
0.960032
0.737752
0.625805
0.507003
0.631923
0.527028
0.525893
0.547174
1.005879
0.451036
0.499538
0.584741
0.600038
0.588306
0.667437
0.561524
0.491176
0.672790
0.595442
0.355083
0.916341
0.549832
0.442121
0.608699
0.527173
0.460649
0.581956
0.439950
0.416994
0.583654
0.398450
0.489764
0.579933
0.511031
0.606361
0.500209
0.570833
0.685559
0.550034
0.720575
0.736204
0.558146
0.617657
0.500034
0.515509
0.819045
0.457485
0.563251
0.422130
0.529154
0.619650
0.749234
0.650378
0.484924
0.478395
0.518471
0.673482
0.517171
0.578354
0.672165
0.698179
0.412733
0.862747
0.374414
0.321184
0.446461
0.673788
0.551888
0.474144
0.666490
0.445937
0.626579
0.603367
0.505993
0.515135
0.506213
0.485159
0.559131
0.718288
0.634731
0.569330
0.509290
0.507358
0.621970
0.619288
0.502157
0.588995
0.796899
0.606446
0.493559
0.604511
0.449358
0.731947
0.463960
0.510290
0.337605
0.321830
0.400619
0.538405
0.857083
0.428377
0.584759
0.450014
0.397203
0.408322
0.322545
0.824051
0.671349
0.579548
0.462470
0.488667
0.627656
0.476181
0.671773
0.439011
0.707688
0.704057
0.534957
0.363097
0.364671
0.695356
0.804023
0.653116
0.672542
0.585711
0.570900
0.673640
0.813536
0.717007
0.713145
0.439707
0.547115
0.553255
0.513620
0.960850
0.687251
0.677501
0.419445
0.552474
0.314097
0.713782
0.556724
0.435012
0.511298
0.528364
0.510373
0.418519
0.390257
0.588037
0.781441
0.778299
0.569399
0.640330
0.565033
0.576750
0.448377
1.000990
0.515294
0.689546
0.560831
0.412800
0.485745
0.564173
0.636765
0.440237
0.571717
0.365427
0.407120
0.384779
0.660308
0.714206
0.922322
0.401598
0.415580
0.483734
0.541019
0.747631
0.734374
0.500640
0.606888
0.730713
0.467858
0.484289
0.783988
0.726690
0.404022
0.609265
0.425347
0.623305
0.529542
0.563016
1.089573
0.603714
0.692908
0.471792
0.672996
0.335274
0.537104
0.631483
0.865994
0.617526
0.510278
0.580653
0.714068
0.583972
1.199285
0.696050
0.669777
0.796847
0.342843
0.692700
0.398333
0.479188
0.517268
0.847141
0.565498
0.721390
0.412658
0.609366
0.508258
0.766649
0.557274
0.587577
0.452528
0.601613
0.480727
0.802177
0.460521
0.961677
0.596131
0.481735
0.387506
0.429619
0.605188
0.580119
0.699317
0.490252
0.681136
0.427950
0.642399
0.632116
0.486990
0.630610
0.645541
0.695407
0.553400
0.636446
0.401280
0.689571
0.651526
0.634427
0.546210
0.814503
0.573425
0.567640
0.583835
0.595587
0.461283
0.905748
0.723210
0.698079
0.417826
0.671519
0.480379
0.450667
0.546896
0.608810
0.907897
0.584391
0.408209
0.610254
0.485411
0.564498
0.883761
0.830550
0.545210
0.777990
0.531743
0.424643
0.432317
0.675655
0.593805
0.664871
0.582346
0.531477
0.672690
0.429133
0.670459
0.595539
0.493289
0.366052
0.515084
0.621797
0.418688
0.470465
0.607626
0.456595
0.468817
0.452160
0.438138
0.278756
0.519113
0.678548
0.896921
0.554595
0.557736
0.506105
0.564419
0.489216
0.343194
0.382224
0.454912
0.558476
0.512945
0.984099
0.477442
0.592603
0.532581
0.518720
0.530821
0.443889
0.591002
0.464524
0.421983
0.672537
0.527456
0.302851
0.562577
0.609677
0.346361
0.859281
0.413297
0.649157
0.550647
0.752183
0.556587
0.424297
0.527724
0.388669
0.475246
0.409650
0.380803
0.600648
0.378073
0.480516
0.487386
0.391157
0.616169
0.419409
0.822016
0.739614
0.747771
0.518359
0.396432
0.410450
0.822039
0.553556
0.443568
0.560189
0.645598
0.328489
0.329414
0.559320
0.411823
0.473286
0.672224
0.413622
0.311145
0.507249
0.806551
0.431371
0.506171
0.451690
0.480511
0.676434
0.745342
0.379905
0.511361
0.565568
0.589544
0.566405
0.377462
0.676432
0.594806
0.593513
0.775415
0.816093
0.586248
0.667401
0.619785
0.553237
0.521054
0.625194
0.425486
0.736408
0.625521
0.557238
0.695796
0.504364
0.500019
0.421998
0.546251
0.446941
0.627307
0.597630
0.583404
0.342206
0.746604
0.606937
0.475654
0.764909
0.554372
0.840888
0.550132
0.575017
0.451877
0.619669
0.421016
0.449693
0.653073
0.434918
0.410580
0.663256
0.339747
0.353575
0.534047
0.445895
0.448951
0.509824
0.582448
0.600143
0.472519
0.616004
0.293357
0.424956
0.538805
0.397129
0.532140
0.429611
0.523449
0.557497
0.486056
0.544491
0.361871
0.400677
0.378035
0.414992
0.515427
0.674499
0.484130
0.515340
0.634969
0.541658
0.462551
0.449877
0.381194
0.424444
0.356436
0.491594
0.577943
0.511069
0.429404
0.481752
0.563871
0.588287
0.453719
0.754001
0.749876
0.766683
0.688783
0.457377
0.692917
0.630104
0.411945
0.551706
0.735965
0.417064
0.533691
0.398816
0.567131
0.929515
0.628155
0.553413
0.457027
0.736027
0.414452
0.538916
0.598341
0.370584
0.439430
0.415979
0.383758
0.695906
0.561014
0.500317
0.628846
0.424674
0.535089
0.456502
0.436492
0.589382
0.491432
0.668772
0.380157
0.298788
0.446150
0.573324
0.448860
0.343271
0.390605
0.524649
0.466145
0.579745
0.545817
0.835555
0.704039
0.529704
0.470022
0.414856
0.499969
0.550226
0.405589
0.441124
0.659793
0.511492
0.678329
0.710522
0.458816
0.464077
0.427518
0.412549
0.485063
0.539632
0.787403
0.911878
0.705797
0.421489
0.642232
0.375029
0.389773
0.420788
0.509464
0.743970
0.463269
0.471046
0.540720
0.811857
0.685772
0.596472
0.652023
0.652237
0.385620
0.481322
0.379343
0.704111
0.749963
0.426906
0.562995
0.540433
0.413993
0.566960
0.453832
0.758572
0.516014
0.660759
0.404408
0.592613
0.401977
0.458390
0.695001
0.705772
0.339546
0.553977
0.726293
0.532711
0.393954
0.475900
0.535348
0.422454
0.884742
0.399563
0.616845
0.444426
0.642220
0.644704
0.508526
0.453501
0.508607
0.485593
0.439480
0.466294
0.531693
0.471461
0.477215
0.485622
0.381076
0.393469
0.419082
0.595620
0.349205
0.448852
0.343465
0.469172
0.649604
0.451393
0.435023
0.364860
0.336940
0.581008
0.555692
0.403312
0.501761
0.377099
0.624611
0.579436
0.552120
0.512661
0.620773
0.566176
0.469593
0.365118
0.378122
0.464409
0.456849
0.456995
0.638233
0.762741
0.523725
0.417211
0.662925
0.437945
0.507996
0.343718
0.519040
0.485972
0.441412
0.637026
0.420840
0.518047
0.457589
0.391927
0.419074
0.650721
0.617436
0.579083
0.644614
0.481666
0.392970
0.439202
0.450763
0.489144
0.502735
0.344582
0.556058
0.379694
0.385611
0.389452
0.480708
0.415142
0.650764
0.331557
0.507342
0.608510
0.446751
0.693661
0.593435
0.459260
0.418594
0.503333
0.520616
0.610884
0.447744
0.549981
0.705150
0.627907
0.823215
0.348511
0.565744
0.630912
0.664341
0.535818
0.812516
0.562346
0.419535
0.493436
0.668549
0.359758
0.555391
0.665559
0.488603
0.379816
0.521735
0.327742
0.598262
0.320590
0.576629
0.652281
0.587825
0.314262
0.315870
0.405699
0.494646
0.466410
0.389457
0.331682
0.481784
0.418132
0.427613
0.338183
0.511792
0.446192
0.234033
0.442574
0.502540
0.585342
0.454798
0.622528
0.424959
0.294051
0.354187
0.513401
0.399048
0.504390
0.498466
0.359484
0.624861
0.348672
0.482301
0.709454
0.514115
0.312857
0.404209
0.973836
0.525868
0.316338
0.681066
0.686276
0.568501
0.523289
0.750205
0.501960
0.543408
0.501844
0.322587
0.530727
0.560969
0.619681
0.474084
0.805605
0.368812
0.562796
0.301903
0.482556
0.524507
0.544622
0.354563
0.569868
0.519673
0.566269
0.721347
0.742287
0.318951
0.493119
0.437325
0.364484
0.771355
0.721963
0.523843
0.362299
0.380329
0.317237
0.369888
0.446622
0.480408
0.652599
0.440112
0.596294
0.549435
0.380077
0.420474
0.480714
0.444429
0.429989
0.288277
0.511009
0.604138
0.472059
0.439246
0.556755
0.491385
0.394539
0.641955
0.457227
0.433536
0.397572
0.530538
0.378004
0.561892
0.621410
0.580527
0.519831
0.470639
0.540808
0.516071
0.534768
0.550837
0.560054
0.457636
0.542777
0.607461
0.494098
0.399565
0.385859
0.406822
0.428766
0.285643
0.377177
0.426306
0.792534
0.413266
0.357104
0.605086
0.546909
0.416052
0.476036
0.566832
0.536515
0.619194
0.483316
0.346435
0.344762
0.589629
0.542102
0.694317
0.722347
0.669291
0.788287
0.895351
0.444006
0.372633
0.270371
0.458190
0.491922
0.758280
0.624483
0.421068
0.629908
0.544737
0.285032
0.726445
0.466518
0.748791
0.376125
0.338803
0.518086
0.562255
0.735165
0.385540
0.315338
0.640770
0.538349
0.527332
0.307109
0.462876
0.569504
0.568297
0.531029
0.508373
0.386378
0.596322
0.472337
0.537712
0.372620
0.465500
0.485952
0.395828
0.492501
0.470116
0.708816
0.647517
0.363515
0.572648
0.455630
0.489005
0.384154
0.574649
0.348898
0.494127
0.417599
0.336776
0.278051
0.719433
0.475514
0.449677
0.427752
0.677574
0.361493
0.427804
0.468254
0.426672
0.487554
0.346067
0.327762
0.449070
0.340658
0.384923
0.333989
0.571813
0.281476
0.468855
0.501739
0.621409
0.436970
0.504003
0.424283
0.545270
0.492223
0.512161
0.481913
0.729682
0.463392
0.438084
0.387718
0.634409
0.525240
0.406200
0.647691
0.483000
0.635381
0.450842
0.430813
0.465047
0.269548
0.349874
0.502950
0.365215
0.378927
0.564384
0.465716
0.522801
0.406631
0.448073
0.496635
0.436841
0.836572
0.500729
0.596037
0.307350
0.467582
0.471820
0.253414
0.442204
0.339811
0.462388
0.535176
0.439931
0.357378
0.300717
0.444801
0.488947
0.321191
0.458284
0.898465
0.357869
0.378515
0.425426
0.278406
0.448245
0.405089
0.576540
0.403945
0.648260
0.670436
0.376197
0.391123
0.350847
0.819424
0.306346
0.423273
0.432646
0.396543
0.696647
0.609576
0.606394
0.365960
0.712202
0.529121
0.425705
0.457599
0.525774
0.574458
0.409030
0.564134
0.354982
0.563976
0.612620
0.267035
0.731342
0.551148
0.530192
0.346866
0.540386
0.385525
0.608677
0.706735
0.559836
0.503795
0.594747
0.439178
0.434206
0.643993
0.889468
0.426862
0.394883
0.550630
0.473704
0.434674
0.419123
0.500632
0.282533
0.696491
0.367183
0.536377
0.378565
0.321119
0.603671
0.487820
0.250045
0.414872
0.535945
0.514530
0.434279
0.571536
0.464953
0.330689
0.367577
0.510591
0.429860
0.424077
0.607211
0.521689
0.250358
0.372726
0.628595
0.537650
0.576693
0.360487
0.457142
0.406761
0.595465
0.318296
0.578080
0.335380
0.404444
0.414797
0.467110
0.414405
0.493128
0.434368
0.354861
0.518050
0.459533
0.696565
0.417693
0.425990
0.481941
0.345678
0.403974
0.599968
0.452788
0.714182
0.439024
0.753279
0.330986
0.362621
0.353573
0.494154
0.659901
0.377128
0.579753
0.431021
0.538424
0.307615
0.539554
0.447055
0.484726
0.541172
0.456568
0.441929
0.327998
0.975895
0.372559
0.273768
0.346312
0.333311
0.294247
0.275686
0.379735
0.403206
0.356933
0.385472
0.457732
0.601075
0.288159
0.319563
0.271372
0.506149
0.631976
0.471307
0.389489
0.333496
0.373778
0.492620
0.364606
0.599779
0.409440
0.354179
0.415871
0.519377
0.456660
0.324315
0.445630
0.391291
0.442451
0.477589
0.397221
0.412491
0.412441
0.338608
0.973275
0.254038
0.381643
0.277966
0.503121
0.297382
0.371018
0.309928
0.383343
0.393359
0.754182
0.558395
0.419509
0.606687
0.432929
0.335519
0.448599
0.292058
0.429899
0.304317
0.313101
0.468972
0.359908
0.431932
0.507222
0.502419
0.361592
0.282882
0.331861
0.310262
0.487401
0.414033
0.567008
0.567064
0.408377
0.778873
0.419207
0.357380
0.399713
0.497506
0.536757
0.462079
0.400529
0.351003
0.741490
0.352911
0.353628
0.524999
0.433807
0.618338
0.498132
0.475726
0.327075
0.413766
0.407615
0.298555
0.354178
0.410819
0.300197
0.339865
0.692833
0.429041
0.351645
0.397612
0.514133
0.505765
0.527912
0.367792
0.869273
0.494806
0.301957
0.269789
0.342570
0.378401
0.583853
0.361531
0.612413
0.463974
0.588281
0.802351
0.383145
0.538665
0.342180
0.488338
0.332123
0.491880
0.439486
0.374643
0.557155
0.380542
0.408290
0.421788
0.422347
0.343946
0.310911
0.352779
0.407182
0.354239
0.374773
0.627656
0.400493
0.473152
0.485125
0.375691
0.507925
0.329265
0.687150
0.466271
0.469734
0.403704
0.399165
0.410126
0.518868
0.592744
0.324011
0.414936
0.446554
0.418668
0.475561
0.397511
0.487389
0.502973
0.595087
0.457768
0.379516
0.530511
0.414720
0.317473
0.330590
0.339437
0.240224
0.353008
0.353945
0.549487
0.400418
0.454770
0.454429
0.368950
0.392828
0.345411
0.406303
0.322554
0.255163
0.368776
0.387743
0.439456
0.323156
0.412118
0.672195
0.588885
0.612158
0.624716
0.386290
0.307839
0.414060
0.493250
0.813953
0.460215
0.914512
0.531029
0.521202
0.366444
0.658943
0.409039
0.499819
0.380825
0.537503
0.399540
0.377192
0.374731
0.306587
0.378154
0.493597
0.347404
0.448502
0.453042
0.438749
0.894961
0.298020
0.489175
0.584988
0.498280
0.409100
0.566471
0.445044
0.641407
0.443287
0.537542
0.457582
0.308339
0.405676
0.304071
0.482604
0.302877
0.272786
0.409648
0.419583
0.377448
0.210555
0.291234
0.390623
0.560369
0.559405
0.271729
0.446919
0.365608
0.572427
0.471777
0.612628
0.489156
0.849561
0.487571
0.346400
0.395909
0.340698
0.650714
0.450293
0.553967
0.520134
0.625605
0.417749
0.597173
0.414590
0.466081
0.501916
0.404551
0.471070
0.447428
0.562330
0.401359
0.348594
0.334059
0.513565
0.468542
0.619596
0.460994
0.460255
0.428734
0.668386
0.333977
0.415134
0.388791
0.450335
0.569363
0.475293
0.442747
0.442593
0.424043
0.543752
0.466039
0.545735
0.965769
0.631397
0.536536
0.320190
0.531526
0.302861
0.446204
0.606483
0.271530
0.367232
0.536315
0.467024
0.476879
0.269122
0.578860
0.397697
0.535028
0.494638
0.870894
0.643820
0.363425
0.380093
0.668366
0.501043
0.465101
0.449109
0.351298
0.515325
0.851162
0.674755
0.583275
0.652245
0.608908
0.325850
0.325764
0.403162
0.478821
0.411676
0.532463
0.467885
0.442843
0.799608
0.538707
0.359925
0.382766
0.295378
0.491243
0.466337
0.457914
0.405102
0.458275
0.616437
0.275790
0.565365
0.296066
0.279412
0.283710
0.558263
0.333674
0.426750
0.376540
0.515627
0.362155
0.725972
0.458471
0.334729
0.399818
0.783815
0.699996
0.681109
0.438282
0.520770
0.566428
0.639058
0.599492
0.541027
0.634953
0.327519
0.359138
0.266545
0.511742
0.292495
0.434942
0.332291
0.348426
0.506088
0.728745
0.404988
0.304547
0.437679
0.506523
0.361010
0.488400
0.402508
0.535438
0.741130
0.298851
0.270827
0.435159
0.387263
0.377014
0.327620
0.180065
0.247968
0.430197
0.271993
0.317182
0.263170
0.383081
0.181407
0.358847
0.386713
0.432588
0.478745
0.356582
0.423726
0.292356
0.475005
0.583574
0.506910
0.636016
0.416620
0.424397
0.397058
0.726017
0.363495
0.720664
0.357634
0.558340
0.614059
0.530153
0.648934
0.567133
0.432191
0.318275
0.562635
0.311407
0.343128
0.412015
0.338040
0.642633
0.428297
0.325813
0.643357
0.361568
0.323306
0.412154
0.574864
0.420881
0.231118
0.356561
0.325696
0.303996
0.441178
0.309090
0.427416
0.541992
0.618636
0.631746
0.341345
0.427931
0.481611
0.418941
0.358275
0.294050
0.374451
0.419265
0.330545
0.344939
0.308519
0.378374
0.434460
0.638435
0.395867
0.429986
0.400779
0.287789
0.401162
0.332938
0.241318
0.641227
0.236927
0.507934
0.249777
0.269835
0.357178
0.460666
0.717712
0.324776
0.559236
0.709334
0.413089
0.291241
0.536129
0.643966
0.524749
0.306571
0.274604
0.482362
0.392731
0.379727
0.372973
0.485882
0.315325
0.286240
0.551814
0.490934
0.292268
0.537030
0.572473
0.635286
0.592025
0.583207
0.464699
0.583967
0.446277
0.535408
0.624273
0.282340
0.446681
0.389647
0.447771
0.249715
0.356570
0.557101
0.425431
0.379254
0.697597
0.320853
0.403203
0.463972
0.310343
0.414507
0.366505
0.389402
0.212907
0.474641
0.465960
0.489218
0.415941
0.428131
0.551132
0.263564
0.484850
0.424279
0.316779
0.260430
0.412865
0.530355
0.382241
0.423352
0.277459
0.375259
0.274585
0.439549
0.349597
0.411542
0.339695
0.311072
0.509055
0.492965
0.330372
0.379370
0.396926
0.336038
0.511968
0.237231
0.526490
0.318840
0.507649
0.343860
0.396139
0.328062
0.446065
0.263762
0.270142
0.580197
0.171175
0.373168
0.308179
0.502343
0.267683
0.589503
0.424969
0.383827
0.312104
0.414528
0.469642
0.437141
0.354718
0.397354
0.689918
0.493640
0.286337
0.312958
0.385513
0.365136
0.339045
0.302748
0.400885
0.427502
0.408999
0.300693
0.597535
0.313714
0.317677
0.269422
0.205515
0.340636
0.447849
0.529241
0.497954
0.453828
0.394956
0.373608
0.379167
0.377111
0.361271
0.530306
0.461267
0.688750
0.517409
0.655316
0.243876
0.415248
0.296737
0.422102
0.348120
0.437418
0.626748
0.301116
0.425751
0.621314
0.427105
0.485915
0.326080
0.332162
0.415212
0.560167
0.421646
0.398346
0.395459
0.401137
0.340861
0.431585
0.343544
0.600006
0.499239
0.305581
0.458153
0.286515
0.677887
0.514728
0.465370
0.326339
0.316001
0.764525
0.351236
0.613813
0.395440
0.426677
0.451052
0.246193
0.398389
0.504815
0.500404
0.303166
0.388431
0.422621
0.292453
0.378731
0.196411
0.387238
0.538214
0.399902
0.400137
0.349137
0.320854
0.388868
0.463054
0.368866
0.442802
0.517088
0.576153
0.288762
0.550108
0.330833
0.415276
0.449543
0.284535
0.572339
0.334011
0.486993
0.394911
0.785706
0.311591
0.322698
0.265973
0.354455
0.369003
0.289084
0.403204
0.409468
0.318748
0.261817
0.445270
0.425477
0.232783
0.407927
0.188845
0.729774
0.431559
0.257106
0.462350
0.564502
0.498593
0.510743
0.349094
0.220350
0.375304
0.357104
0.609531
0.387578
0.862219
0.382620
0.372871
0.307347
0.519975
0.432049
0.371444
0.472300
0.258823
0.480830
0.259386
0.324528
0.276530
0.385608
0.489021
0.561849
0.472098
0.500158
0.356342
0.375793
0.505209
0.544920
0.350598
0.382621
0.535905
0.422895
0.543139
0.325104
0.408316
0.253749
0.196207
0.480726
0.400037
0.427587
0.348403
0.489569
0.620658
0.352658
0.343899
0.301917
0.406162
0.431716
0.414839
0.646631
0.320906
0.277847
0.400417
0.390253
0.236932
0.528544
0.290041
0.272639
0.599189
0.387218
0.391513
0.295448
0.325334
0.302033
0.396804
0.453206
0.419373
0.291111
0.188302
0.508128
0.265771
0.253813
0.446899
0.276312
0.294852
0.271906
0.293019
0.270410
0.207824
0.344605
0.303338
0.262640
0.358589
0.220974
0.379558
0.384339
0.296991
0.250114
0.251660
0.465753
0.241813
0.408482
0.296160
0.422445
0.304754
0.296677
0.305946
0.289884
0.277156
0.300096
0.527412
0.360734
0.341630
0.465593
0.378396
0.554856
0.466204
0.563522
0.500867
0.346866
0.471435
0.403385
0.403226
0.291556
0.418159
0.421758
0.455463
0.622213
0.228797
0.297485
0.321394
0.820606
0.435493
0.371309
0.434762
0.226317
0.295385
0.470198
0.636856
0.411468
0.358645
0.369104
0.372864
0.219779
0.284241
0.554011
0.396062
0.397855
0.443544
0.340160
0.404299
0.310098
0.330910
0.347252
0.535569
0.274705
0.237239
0.201891
0.385922
0.361786
0.239098
0.386700
0.430938
0.302169
0.345731
0.426052
0.327913
0.317462
0.279904
0.330796
0.403663
0.426234
0.356290
0.300686
0.171133
0.311562
0.366178
0.366374
0.433049
0.284411
0.256261
0.283159
0.549595
0.343691
0.248267
0.402875
0.308086
0.361240
0.246892
0.293593
0.325362
0.379937
0.253731
0.310889
0.277020
0.431424
0.519139
0.324567
0.284601
0.459038
0.224514
0.516926
0.464722
0.526259
0.408438
0.452177
0.259093
0.980059
0.276155
0.381407
0.213634
0.357836
0.452241
0.290502
0.219070
0.323912
0.512369
0.426141
0.383637
0.347065
0.473039
0.309042
0.177410
0.370809
0.289445
0.413221
0.280057
0.244657
0.276008
0.408554
0.457402
0.239998
0.390324
0.301801
0.296004
0.302146
0.277089
0.312173
0.346507
0.267782
0.359545
0.562205
0.455573
0.474751
0.376274
0.403520
0.421733
0.344411
0.349837
0.561251
0.612166
0.463860
0.538259
0.583555
0.326245
0.233759
0.480890
0.285091
0.238590
0.401566
0.353841
0.282373
0.280732
0.258897
0.225870
0.627035
0.431073
0.422037
0.473085
0.300158
0.380146
0.337698
0.278652
0.356652
0.337555
0.501945
0.390557
0.354628
0.433943
0.321944
0.317748
0.196405
0.385444
0.273605
0.698705
0.128716
0.422055
0.319904
0.227919
0.228433
0.517187
0.395318
0.294679
0.467773
0.217655
0.358451
0.485619
0.289262
0.293633
0.233021
0.355550
0.268317
0.411373
0.425657
0.272158
0.324081
0.316074
0.364362
0.447776
0.506911
0.312123
0.223285
0.459496
0.295593
0.331328
0.329454
0.351868
0.316816
0.345389
0.411983
0.594105
0.528829
0.335515
0.304916
0.636064
0.362266
0.400397
0.212428
0.383274
0.444583
0.576723
0.232159
0.265777
0.335840
0.347135
0.597024
0.444699
0.232248
0.418491
0.303024
0.321330
0.432701
0.332285
0.491314
0.442449
0.353902
0.251516
0.322412
0.304219
0.314777
0.476383
0.406077
0.479581
0.409621
0.398365
0.298542
0.299629
0.469771
0.349156
0.356731
0.310165
0.298451
0.538052
0.377155
0.331454
0.273798
0.531527
0.520470
0.429394
0.282744
0.205482
0.446771
0.664184
0.569669
0.369003
0.339655
0.498969
0.349547
0.323845
0.379405
0.368804
0.284270
0.250751
0.784903
0.346996
0.466960
0.228687
0.429357
0.330498
0.345882
0.385037
0.273947
0.329988
0.572218
0.294826
0.215520
0.288378
0.336581
0.603110
0.550402
0.231230
0.635417
0.286270
0.653754
0.407121
0.331185
0.365071
0.294657
0.321148
0.522656
0.339914
0.321310
0.204116
0.425615
0.338296
0.260394
0.487817
0.555809
0.230884
0.434492
0.181468
0.340564
0.564806
0.320830
0.274536
0.392962
0.211661
0.200877
0.379946
0.226511
0.328305
0.232168
0.243173
0.378572
0.479924
0.262464
0.350748
0.371261
0.251235
0.374790
0.326531
0.344496
0.415515
0.221376
0.507477
0.249687
0.313778
0.339970
0.239684
0.269647
0.469631
0.402283
0.271057
0.819064
0.250408
0.453701
0.250217
0.312642
0.408246
0.409860
0.218454
0.493086
0.653181
0.354634
0.547460
0.276681
0.248798
0.245764
0.523057
0.386823
0.384565
0.377452
0.384962
0.314057
0.388992
0.442647
0.181463
0.322136
0.275076
0.330471
0.355675
0.392667
0.321801
0.729614
0.209414
0.354587
0.304034
0.307256
0.201616
0.223698
0.216799
0.133794
0.500410
0.278750
0.399759
0.449966
0.183527
0.254664
0.210580
0.270942
0.343875
0.384601
0.243016
0.146635
0.230550
0.362325
0.439706
0.361811
0.246259
0.381404
0.243219
0.453225
0.263314
0.295166
0.349672
0.188549
0.408817
0.313614
0.517250
0.395252
0.310076
0.308027
0.461121
0.316529
0.219802
0.196690
0.247526
0.421595
0.261124
0.211617
0.328961
0.508281
0.175327
0.214857
0.277107
0.441757
0.139884
0.264354
0.232375
0.404546
0.364098
0.407296
0.217649
0.265097
0.348736
0.183784
0.208158
0.171517
0.335582
0.350932
0.522968
0.303860
0.191085
0.381968
0.362233
0.358291
0.455051
0.388195
0.258388
0.521380
0.550750
0.328198
0.331123
0.243330
0.297209
0.316579
0.360599
0.407916
0.140701
0.401801
0.225526
0.347146
0.259725
0.235768
0.230596
0.176979
0.450568
0.399373
0.255808
0.356151
0.449109
0.313170
0.286326
0.267313
0.476219
0.248111
0.238803
0.468925
0.273203
0.357274
0.345089
0.301968
0.368123
0.266772
0.338062
0.347256
0.369581
0.450084
0.264476
0.415938
0.384937
0.484686
0.298392
0.426077
0.333301
0.258178
0.229132
0.282107
0.247154
0.422132
0.318269
0.411790
0.300594
0.316177
0.499516
0.266958
0.235136
0.360969
0.260771
0.353571
0.209837
0.504456
0.504433
0.289609
0.380516
0.304253
0.383939
0.213052
0.275045
0.513627
0.366896
0.270393
0.531287
0.318717
0.277029
0.503337
0.450704
0.462924
0.290471
0.718634
0.421048
0.374953
0.890556
0.586612
0.229542
0.202625
0.368320
0.622577
0.427794
0.633563
0.499304
0.314542
0.349515
0.351404
0.212734
0.226356
0.444816
0.355966
0.367412
0.412783
0.368797
0.194453
0.307430
0.264889
0.189344
0.348057
0.510731
0.367101
0.219798
0.236219
0.226277
0.303062
0.328523
0.287336
0.535249
0.536174
0.315720
0.281347
0.404674
0.369886
0.207688
0.296936
0.630550
0.238429
0.582979
0.300008
0.352986
0.392561
0.357593
0.477625
0.437404
0.361116
0.332299
0.231238
0.216251
0.352708
0.300879
0.158992
0.340285
0.515373
0.465277
0.254304
0.152789
0.304423
0.399853
0.375224
0.312062
0.438427
0.407975
0.354223
0.336643
0.355018
0.198897
0.241140
0.439684
0.214152
0.393529
0.387826
0.519291
0.360173
0.274570
0.292282
0.412421
0.444861
0.302895
0.242727
0.284918
0.286949
0.223681
0.227437
0.226786
0.359830
0.426103
0.259638
0.194121
0.347869
0.236519
0.536681
0.273129
0.160727
0.291543
0.356418
0.332627
0.199761
0.335643
0.353635
0.254451
0.280981
0.292749
0.251996
0.313044
0.479074
0.297856
0.490866
0.190599
0.238462
0.479358
0.348749
0.214832
0.252765
0.420672
0.535433
0.366331
0.449582
0.351605
0.320716
0.320570
0.353714
0.266789
0.262355
0.293788
0.280477
0.336594
0.398112
0.234947
0.485625
0.347555
0.299417
0.289008
0.304034
0.249235
0.143968
0.231206
0.502320
0.181816
0.646518
0.298699
0.234103
0.327950
0.282893
0.442520
0.388484
0.312971
0.189341
0.447342
0.394447
0.560050
0.346192
0.278611
0.441339
0.235676
0.289814
0.490934
0.459620
0.365432
0.162995
0.281414
0.262179
0.544052
0.560418
0.518202
0.306539
0.223022
0.316733
0.394154
0.188175
0.361256
0.524684
0.441236
0.415610
0.560639
0.248420
0.264204
0.325916
0.658267
0.411633
0.353925
0.397293
0.259150
0.258339
0.337424
0.332279
0.240985
0.156114
0.310727
0.548547
0.316487
0.259703
0.426584
0.346057
0.367706
0.230514
0.387906
0.354442
0.347738
0.278728
0.307093
0.528792
0.490134
0.238162
0.168115
0.304079
0.356343
0.241860
0.377085
0.355532
0.256387
0.164812
0.299548
0.358911
0.182016
0.353609
0.215465
0.176625
0.282978
0.148432
0.395149
0.276453
0.290413
0.278147
0.208938
0.392969
0.229663
0.127008
0.302391
0.186498
0.232001
0.296461
0.383591
0.273609
0.280152
0.572466
0.318545
0.470567
0.169865
0.144023
0.335219
0.484267
0.374234
0.313688
0.258873
0.364521
0.357863
0.212820
0.318158
0.242325
0.194493
0.607235
0.230882
0.168822
0.220247
0.472134
0.165550
0.202479
0.297921
0.279884
0.217931
0.405201
0.696254
0.436983
0.341299
0.272387
0.683998
0.325003
0.314965
0.231414
0.151850
0.504086
0.447118
0.266818
0.258141
0.323914
0.397359
0.115149
0.235547
0.422713
0.423377
0.332907
0.290838
0.608876
0.381991
0.293638
0.226059
0.388799
0.275732
0.194186
0.193223
0.249786
0.663118
0.181851
0.295608
0.413258
0.207211
0.348005
0.279457
0.086558
0.185845
0.265425
0.278169
0.584946
0.276182
0.369146
0.235116
0.285658
0.412799
0.269120
0.176700
0.209630
0.292215
0.214939
0.195186
0.218394
0.332866
0.177235
0.140397
0.419724
0.298681
0.184797
0.252817
0.200831
0.337819
0.191535
0.288117
0.141399
0.240227
0.253652
0.135754
0.411976
0.368632
0.255094
0.234225
0.259503
0.311432
0.286749
0.287060
0.147151
0.168405
0.381409
0.101972
0.245594
0.332338
0.391821
0.470328
0.491660
0.265069
0.199289
0.393249
0.335492
0.322637
0.386815
0.153115
0.261900
0.249767
0.274869
0.224803
0.219680
0.298790
0.404440
0.357873
0.145821
0.092727
0.514559
0.199242
0.132088
0.218234
0.175576
0.247213
0.316991
0.512883
0.663679
0.414974
0.442648
0.370353
0.310764
0.213309
0.329794
0.454372
0.271506
0.439259
0.215600
0.233227
0.266487
0.351107
0.196715
0.219685
0.297098
0.100764
0.272959
0.516333
0.305316
0.159801
0.300686
0.298950
0.224036
0.227102
0.267787
0.483360
0.310053
0.332666
0.182956
0.165116
0.245091
0.240818
0.220001
0.280610
0.431484
0.362143
0.175927
0.232713
0.291799
0.112473
0.305781
0.201870
0.203421
0.454038
0.164970
0.380474
0.234661
0.372885
0.165380
0.279167
0.378929
0.182694
0.280264
0.258341
0.311604
0.316637
0.504780
0.299871
0.401928
0.199337
0.367929
0.546226
0.269656
0.575492
0.564594
0.245364
0.393962
0.357016
0.243598
0.423017
0.312587
0.603358
0.334511
0.230877
0.267357
0.205236
0.210695
0.273374
0.335507
0.233849
0.291431
0.195719
0.350243
0.569376
0.578506
0.285093
0.349367
0.257405
0.539926
0.171016
0.299144
0.271505
0.327694
0.233336
0.262426
0.284571
0.422432
0.155381
0.190817
0.522938
0.416608
0.201963
0.194123
0.187679
0.290258
0.405641
0.249321
0.389422
0.429478
0.306294
0.276353
0.231536
0.177470
0.238478
0.194527
0.231094
0.334470
0.162070
0.427016
0.233736
0.299567
0.214769
0.261629
0.425208
0.469831
0.238367
0.417291
0.215215
0.240136
0.237343
0.310432
0.212232
0.340400
0.396111
0.258671
0.227699
0.373887
0.401947
0.288386
0.186314
0.264264
0.417933
0.220541
0.332335
0.439020
0.360667
0.324387
0.127366
0.268116
0.343936
0.487617
0.289325
0.392956
0.258230
0.440340
0.203237
0.413753
0.342953
0.205210
0.425480
0.378964
0.268934
0.344103
0.224169
0.404321
0.338553
0.435995
0.211113
0.264890
0.543826
0.255451
0.400655
0.309598
0.249598
0.336472
0.322948
0.142281
0.251767
0.264563
0.228225
0.178494
0.312427
0.444121
0.201554
0.575052
0.399788
0.604360
0.271889
0.398786
0.395854
0.333694
0.217786
0.391177
0.311216
0.226778
0.194381
0.300638
0.714340
0.409282
0.230117
0.342271
0.224929
0.258856
0.335803
0.358831
0.229017
0.523207
0.171579
0.273382
0.284782
0.327960
0.288256
0.272496
0.679835
0.320012
0.157403
0.239851
0.319764
0.290696
0.166181
0.271742
0.176712
0.240366
0.265944
0.365710
0.334895
0.386212
0.310238
0.321724
0.196058
0.115262
0.199899
0.159967
0.447142
0.287673
0.381247
0.133266
0.185244
0.435574
0.267150
0.269600
0.288267
0.261529
0.192157
0.240112
0.166250
0.253588
0.364076
0.308089
0.109287
0.368505
0.119140
0.232090
0.158141
0.188902
0.217940
0.417802
0.606180
0.295155
0.353459
0.133032
0.233835
0.201836
0.338783
0.205848
0.332194
0.270025
0.142204
0.248284
0.488533
0.150677
0.341131
0.411747
0.191061
0.332747
0.489855
0.628462
0.199079
0.246623
0.273013
0.196812
0.216053
0.270290
0.466330
0.241629
0.228484
0.118960
0.327863
0.266134
0.265988
0.210727
0.457260
0.267990
0.321173
0.198955
0.274458
0.226004
0.250844
0.223333
0.287371
0.135704
0.195546
0.222535
0.353072
0.261511
0.184473
0.092582
0.125016
0.189537
0.192444
0.192700
0.213841
0.263418
0.485590
0.164196
0.244529
0.241410
0.162129
0.236079
0.233330
0.194967
0.225159
0.448211
0.238797
0.099054
0.143427
0.451872
0.285822
0.363588
0.275312
0.414695
0.217192
0.177912
0.397228
0.441312
0.285188
0.340762
0.347721
0.373599
0.318355
0.412582
0.320708
0.237037
0.188420
0.196194
0.194056
0.265818
0.218197
0.266975
0.445094
0.215556
0.207067
0.292948
0.197778
0.182264
0.160901
0.344806
0.252028
0.096936
0.202470
0.190272
0.201856
0.233151
0.168451
0.357635
0.328438
0.216201
0.394374
0.189713
0.235508
0.107593
0.229570
0.315908
0.141390
0.361923
0.291172
0.299575
0.516104
0.485776
0.127186
0.292343
0.163122
0.715930
0.230567
0.155108
0.313270
0.407086
0.178489
0.305783
0.222989
0.378225
0.410957
0.191873
0.288919
0.306325
0.234348
0.127414
0.201320
0.267050
0.310087
0.161484
0.168224
0.263173
0.286846
0.273556
0.143067
0.206831
0.245911
0.313021
0.140532
0.208136
0.273743
0.294346
0.180769
0.332359
0.199961
0.227953
0.336740
0.333134
0.372308
0.352456
0.225432
0.328465
0.405906
0.414791
0.512745
0.175244
0.297208
0.228130
0.244015
0.318454
0.197759
0.181805
0.263607
0.334625
0.286743
0.231853
0.205895
0.150332
0.235700
0.165343
0.265356
0.182949
0.250613
0.260125
0.165658
0.272994
0.183575
0.488369
0.242355
0.207402
0.204354
0.264131
0.134568
0.397825
0.247002
0.411867
0.177638
0.476478
0.230231
0.110346
0.246301
0.152482
0.159131
0.264827
0.263714
0.265229
0.227296
0.233109
0.156592
0.254187
0.257152
0.213089
0.193331
0.249122
0.338891
0.233612
0.327590
0.304077
0.136483
0.229087
0.268919
0.222121
0.159458
0.444393
0.433407
0.296169
0.333335
0.335601
0.273961
0.325818
0.359763
0.325132
0.256909
0.192799
0.564941
0.257367
0.193510
0.319856
0.247700
0.584921
0.351699
0.311222
0.436461
0.482866
0.406050
0.178971
0.252707
0.292826
0.253464
0.296707
0.217725
0.306931
0.268332
0.371982
0.272169
0.332174
0.390540
0.470791
0.381835
0.227704
0.265090
0.516507
0.382453
0.322660
0.215163
0.506782
0.238334
0.449662
0.315387
0.151868
0.285504
0.213638
0.143545
0.365278
0.240220
0.144331
0.234860
0.255526
0.369018
0.177724
0.211530
0.273525
0.169698
0.190144
0.285509
0.381760
0.178146
0.290668
0.341518
0.236228
0.300659
0.445453
0.155743
0.144140
0.357734
0.186695
0.151680
0.268014
0.226057
0.544294
0.341741
0.174610
0.237516
0.351602
0.358090
0.481474
0.168364
0.182778
0.341859
0.220851
0.275067
0.203472
0.189370
0.320635
0.330248
0.303462
0.292704
0.178893
0.409059
0.456928
0.125212
0.332931
0.297315
0.485281
0.122870
0.482911
0.354717
0.271281
0.165472
0.319572
0.305947
0.138511
0.138751
0.408241
0.271584
0.424116
0.237608
0.504720
0.450033
0.174876
0.477892
0.339328
0.125105
0.393211
0.339881
0.367618
0.232765
0.189355
0.259683
0.148735
0.598306
0.309947
0.283931
0.198942
0.308542
0.224740
0.313781
0.479615
0.412208
0.480069
0.447945
0.372809
0.101251
0.174338
0.180320
0.252037
0.164161
0.262774
0.306779
0.254840
0.356259
0.334087
0.185804
0.261198
0.165149
0.189655
0.267541
0.135513
0.259247
0.195482
0.225114
0.141937
0.122385
0.147907
0.165255
0.115019
0.174031
0.128419
0.252342
0.151772
0.105147
0.212379
0.248522
0.122563
0.271226
0.139476
0.273270
0.097423
0.233511
0.197077
0.166944
0.208554
0.245236
0.273362
0.657805
0.256849
0.268654
0.120626
0.244043
0.134155
0.217920
0.250103
0.316756
0.393396
0.221730
0.362743
0.306074
0.273827
0.134020
0.415179
0.086250
0.185683
0.197688
0.184585
0.238770
0.271388
0.198965
0.124311
0.249909
0.194428
0.163302
0.359596
0.291979
0.282352
0.502796
0.260395
0.155536
0.052100
0.166386
0.144500
0.196971
0.349325
0.377365
0.564231
0.401502
0.129348
0.171355
0.258650
0.222966
0.263208
0.645526
0.146473
0.569027
0.335091
0.138769
0.178898
0.273379
0.334395
0.358576
0.075603
0.301041
0.272177
0.181785
0.299726
0.121524
0.190548
0.346752
0.437388
0.546413
0.373917
0.102347
0.219754
0.244068
0.400684
0.137643
0.309536
0.185211
0.264164
0.233815
0.081811
0.208466
0.208409
0.288976
0.190494
0.283473
0.374927
0.287045
0.172660
0.180219
0.120679
0.119427
0.124976
0.170043
0.232820
0.161551
0.138359
0.274459
0.166956
0.190140
0.180461
0.167468
0.243113
0.280001
0.235964
0.349901
0.222586
0.145779
0.150434
0.417277
0.314759
0.108105
0.269319
0.103325
0.223219
0.404458
0.404220
0.274725
0.331850
0.164249
0.287578
0.178743
0.291478
0.253088
0.404243
0.139920
0.289569
0.132432
0.120074
0.352580
0.311836
0.253715
0.289989
0.096861
0.332488
0.178224
0.250634
0.224176
0.136203
0.254950
0.344497
0.183017
0.308491
0.250856
0.068737
0.297871
0.143539
0.176436
0.258590
0.242598
0.251603
0.146344
0.098684
0.188565
0.291217
0.291555
0.131437
0.316586
0.152290
0.155355
0.229996
0.256722
0.130930
0.363837
0.248656
0.201120
0.578700
0.119392
0.216612
0.111582
0.197448
0.143153
0.329254
0.301393
0.177052
0.210524
0.232143
0.245809
0.160289
0.307613
0.240373
0.319448
0.228868
0.197867
0.120947
0.111484
0.446585
0.211853
0.127613
0.258806
0.240351
0.157111
0.250020
0.285334
0.135697
0.328085
0.427614
0.299427
0.209240
0.232997
0.258275
0.279968
0.258722
0.299211
0.222373
0.288179
0.282833
0.161489
0.193666
0.230312
0.157954
0.446841
0.331065
0.273903
0.389710
0.255277
0.414913
0.201969
0.299988
0.082548
0.184096
0.609797
0.299848
0.231105
0.260326
0.211103
0.303350
0.457742
0.182312
0.174053
0.187651
0.219993
0.343280
0.148789
0.246259
0.268374
0.236414
0.200806
0.411539
0.233499
0.304005
0.234928
0.171468
0.324977
0.393949
0.324775
0.303127
0.362820
0.243107
0.176727
0.310130
0.285640
0.215202
0.200441
0.308501
0.368021
0.296871
0.319438
0.280159
0.154605
0.138762
0.283761
0.296153
0.413679
0.331112
0.243793
0.259740
0.168782
0.164403
0.183563
0.354113
0.236925
0.296555
0.193892
0.279238
0.210875
0.293174
0.386911
0.401844
0.206638
0.185011
0.349990
0.162285
0.336356
0.158309
0.303122
0.187723
0.301284
0.151312
0.224975
0.242129
0.329670
0.119037
0.349050
0.333610
0.212698
0.170032
0.134253
0.640604
0.348412
0.244868
0.225998
0.165215
0.170882
0.142001
0.369919
0.151141
0.129971
0.259468
0.320729
0.267589
0.252493
0.163425
0.215738
0.041804
0.166293
0.257698
0.489371
0.220151
0.294794
0.207122
0.366424
0.270721
0.242355
0.189028
0.131117
0.149153
0.129120
0.342934
0.279349
0.291050
0.157779
0.138377
0.232324
0.233732
0.269632
0.354716
0.172126
0.353716
0.272244
0.207631
0.189732
0.132118
0.438556
0.174212
0.280276
0.578131
0.195213
0.259170
0.261606
0.319403
0.451092
0.224126
0.270419
0.976401
0.163895
0.098840
0.185350
0.388299
0.293075
0.250336
0.638334
0.171595
0.451719
0.237987
0.243542
0.147117
0.303512
0.170060
0.229099
0.166631
0.177133
0.309024
0.268150
0.277710
0.192956
0.348118
0.195120
0.106730
0.260860
0.339458
0.343409
0.198994
0.264294
0.165900
0.091025
0.224004
0.177932
0.266516
0.089131
0.268181
0.153564
0.179769
0.127094
0.206341
0.166848
0.275106
0.170781
0.252215
0.165552
0.182038
0.137387
0.181764
0.373007
0.204733
0.258401
0.155493
0.134326
0.239957
0.315036
0.221146
0.224397
0.264234
0.145042
0.318609
0.078557
0.282362
0.106540
0.288456
0.514614
0.323262
0.311167
0.690780
0.101643
0.305235
0.103501
0.193467
0.200075
0.212777
0.286999
0.351307
0.172854
0.296763
0.234065
0.409210
0.248596
0.374405
0.059068
0.315706
0.457313
0.175343
0.354270
0.202452
0.449437
0.238596
0.331671
0.084206
0.502380
0.291993
0.240843
0.206094
0.313872
0.256240
0.231352
0.288770
0.148859
0.165800
0.139352
0.246088
0.117691
0.168218
0.284776
0.207581
0.146013
0.209763
0.352589
0.221811
0.233812
0.131213
0.198361
0.141003
0.207141
0.123849
0.187658
0.231575
0.165826
0.241404
0.208676
0.182409
0.122271
0.187012
0.173576
0.235216
0.194429
0.180863
0.188840
0.205617
0.119824
0.178953
0.194903
0.165090
0.139249
0.183797
0.289001
0.142367
0.226031
0.223619
0.104276
0.207391
0.057332
0.207846
0.137942
0.177829
0.202508
0.299465
0.287946
0.279149
0.175734
0.148126
0.207069
0.342164
0.204331
0.138079
0.254774
0.145069
0.250357
0.187338
0.274911
0.126088
0.069199
0.339353
0.192250
0.170652
0.611742
0.315077
0.403238
0.296652
0.186424
0.084915
0.495643
0.274983
0.089621
0.310643
0.166759
0.240656
0.196030
0.314884
0.227894
0.226457
0.092615
0.169768
0.422687
0.293336
0.339921
0.222583
0.259165
0.232868
0.243578
1.317294
0.144698
0.192551
0.303332
0.502987
0.416072
0.384476
0.181685
0.202347
0.208831
0.191228
0.404832
0.160851
0.236087
0.325840
0.322533
0.467269
0.251777
0.164781
0.168037
0.187092
0.421297
0.227408
0.148517
0.201134
0.123541
0.264447
0.194437
0.272650
0.229392
0.113033
0.199661
0.138896
0.210824
0.301162
0.198457
0.277999
0.178342
0.184437
0.177235
0.270112
0.152293
0.258907
0.110459
0.143638
0.251057
0.384053
0.258735
0.154830
0.100506
0.074161
0.244835
0.108565
0.243232
0.195724
0.172728
0.105043
0.220576
0.164201
0.196440
0.255396
0.452986
0.246142
0.401057
0.252409
0.077861
0.115818
0.268048
0.300058
0.189042
0.190918
0.255550
0.243184
0.282597
0.126589
0.098938
0.177057
0.122969
0.113518
0.163586
0.220103
0.204921
0.337800
0.200679
0.209800
0.114450
0.156222
0.169826
0.107146
0.158518
0.204068
0.235721
0.135794
0.274480
0.183695
0.246010
0.135580
0.204354
0.152235
0.124225
0.203010
0.218256
0.122472
0.138615
0.227512
0.201839
0.265859
0.217939
0.262456
0.294547
0.117811
0.184529
0.240594
0.219408
0.165391
0.244106
0.110606
0.160045
0.089217
0.168402
0.230239
0.285271
0.424830
0.195757
0.185369
0.354045
0.217187
0.197301
0.250131
0.276450
0.211923
0.247727
0.293779
0.214770
0.559881
0.300571
0.167004
0.201393
0.379594
0.264328
0.260045
0.286287
0.271790
0.307696
0.210570
0.193531
0.343458
0.410006
0.225288
0.259380
0.192853
0.182668
0.206342
0.159212
0.218636
0.241652
0.557639
0.379687
0.319407
0.440352
0.313291
0.186367
0.409739
0.304569
0.208760
0.101957
0.163397
0.261224
0.301909
0.381632
0.219548
0.244071
0.215891
0.193848
0.148233
0.303450
0.302626
0.228736
0.138267
0.272204
0.178946
0.154297
0.150509
0.113368
0.313964
0.173329
0.253070
0.105072
0.235224
0.196306
0.331704
0.186106
0.294071
0.304284
0.148262
0.298099
0.199085
0.051016
0.163813
0.352247
0.226170
0.398109
0.315954
0.055127
0.180831
0.143255
0.191736
0.057223
0.179682
0.049054
0.188824
0.180584
0.050638
0.215053
0.284999
0.025880
0.187173
0.136616
0.136715
0.163890
0.227860
0.241376
0.189457
0.207044
0.233817
0.134006
0.064457
0.166891
0.148469
0.364481
0.362598
0.142973
0.288164
0.197005
0.116328
0.084579
0.103721
0.133002
0.102041
0.198819
0.227777
0.791078
0.336613
0.224123
0.232045
0.307354
0.171127
0.143923
0.218684
0.325639
0.265342
0.260686
0.270310
0.155794
0.128367
0.291766
0.078019
0.201847
0.163473
0.304060
0.323042
0.340545
0.288118
0.220559
0.179546
0.406888
0.247107
0.102593
0.231932
0.156254
0.220390
0.137693
0.138488
0.188845
0.241285
0.194670
0.368687
0.255649
0.087134
0.098249
0.218323
0.246940
0.117859
0.262059
0.170288
0.250125
0.311678
0.151080
0.302232
0.242626
0.278559
0.134312
0.109166
0.093579
0.148215
0.108362
0.146445
0.288075
0.276222
0.230363
0.080818
0.280116
0.188783
0.231094
0.221637
0.195281
0.328184
0.414567
0.206391
0.238268
0.247409
0.225520
0.341119
0.201494
0.423609
0.074689
0.097652
0.143500
0.165179
0.240708
0.321037
0.177638
0.304892
0.226401
0.314854
0.200591
0.337644
0.137229
0.152973
0.064369
0.420443
0.163947
0.224959
0.371542
0.142307
0.253890
0.288765
0.295647
0.217409
0.087118
0.165547
0.081274
0.135478
0.128189
0.257809
0.232986
0.195625
0.111653
0.270828
0.096940
0.175677
0.323147
0.198766
0.170474
0.203760
0.203152
0.186865
0.349612
0.172647
0.209476
0.069096
0.315901
0.168769
0.115964
0.150557
0.119583
0.306238
0.140704
0.203997
0.139124
0.166616
0.243874
0.208234
0.120423
0.324875
0.138947
0.179224
0.292404
0.222033
0.123976
0.231832
0.368021
0.370483
0.232616
0.152671
0.214664
0.178120
0.179866
0.258292
0.306681
0.146879
0.279651
0.245147
0.156404
0.163826
0.172358
0.152504
0.186155
0.148144
0.182069
0.100354
0.153469
0.257838
0.173164
0.245494
0.126882
0.123982
0.115761
0.239741
0.236225
0.190756
0.182515
0.186129
0.214562
0.193189
0.219726
0.259133
0.277259
0.243962
0.104301
0.136974
0.112575
0.347880
0.323043
0.342032
0.286176
0.172998
0.285504
0.319336
0.209938
0.199696
0.391033
0.368516
0.096887
0.185573
0.195353
0.088102
0.467558
0.174292
0.127180
0.344835
0.102525
0.305873
0.213220
0.367280
0.322279
0.213883
0.257122
0.233455
0.197831
0.318219
0.230122
0.246198
0.227174
0.298937
0.444674
0.163416
0.182507
0.210797
0.156436
0.162617
0.176850
0.274519
0.231819
0.274453
0.224591
0.393081
0.238314
0.209203
0.127833
0.120411
0.195216
0.058298
0.242928
0.073992
0.162653
0.172377
0.342829
0.118525
0.217348
0.204279
0.328788
0.111799
0.180804
0.264781
0.284355
0.307124
0.168642
0.209158
0.088073
0.236910
0.159736
0.144902
0.176569
0.268430
0.330616
0.244045
0.210548
0.217677
0.098596
0.175424
0.122057
0.267396
0.303103
0.127397
0.163498
0.119127
0.222487
0.545865
0.173666
0.212050
0.186074
0.339403
0.228871
0.132546
0.197882
0.268081
0.312185
0.114391
0.432497
0.181903
0.184844
0.235267
0.221741
0.517584
0.152229
0.091222
0.231433
0.191746
0.252577
0.214722
0.102538
0.176018
0.213263
0.141689
0.211044
0.397095
0.301783
0.289723
0.391944
0.107678
0.174671
0.120963
0.235538
0.239624
0.199491
0.198120
0.152341
0.409604
0.157562
0.198727
0.129376
0.234924
0.334803
0.229240
0.158193
0.153473
0.191760
0.218223
0.242641
0.376385
0.233265
0.261420
0.212996
0.215190
0.198323
0.219572
0.289755
0.335915
0.120750
0.459534
0.194248
0.394001
0.253189
0.302924
0.169514
0.237225
0.266907
0.112311
0.157631
0.256555
0.295808
0.235105
0.392025
0.470496
0.132626
0.167495
0.311456
0.169699
0.105319
0.282488
0.330086
0.080885
0.266878
0.382846
0.103196
0.229388
0.165339
0.328856
0.405809
0.244778
0.166477
0.091998
0.340060
0.169004
0.171047
0.116016
0.183683
0.255749
0.180061
0.316429
0.109143
0.124905
0.120254
0.119202
0.143822
0.123597
0.170223
0.307427
0.089776
0.128321
0.143291
0.350256
0.123045
0.305527
0.133715
0.256711
0.088547
0.085155
0.192146
0.150954
0.124530
0.270626
0.071816
0.141352
0.161415
0.098147
0.323901
0.214486
0.350764
0.173068
0.287153
0.113931
0.120881
0.216918
0.098336
0.334381
0.308436
0.123158
0.178147
0.123449
0.231917
0.096749
0.093585
0.188208
0.266844
0.448877
0.111841
0.196117
0.039166
0.330078
0.161411
0.110041
0.064083
0.162827
0.145632
0.237080
0.227370
0.218234
0.192622
0.198490
0.130344
0.127088
0.131087
0.178015
0.264750
0.171856
0.184568
0.156984
0.164524
0.087380
0.209126
0.235754
0.169728
0.080883
0.228155
0.341782
0.161270
0.248117
0.287029
0.264555
0.189935
0.049923
0.067952
0.187120
0.114155
0.074521
0.267956
0.118491
0.240167
0.156412
0.134760
0.186117
0.127700
0.214905
0.191440
0.095719
0.090612
0.174556
0.263333
0.238239
0.501378
0.112492
0.241903
0.185755
0.118623
0.320075
0.153809
0.066919
0.205589
0.215380
0.262991
0.100143
0.353947
0.293616
0.165751
0.222558
0.172829
0.253621
0.360457
0.333880
0.382523
0.123138
0.304089
0.121351
0.170817
0.133714
0.218895
0.264611
0.242135
0.069694
0.253040
0.140846
0.198830
0.475167
0.380599
0.322737
0.137609
0.226635
0.231333
0.094285
0.094346
0.123904
0.169524
0.106824
0.128568
0.302563
0.192744
0.296867
0.201858
0.368876
0.158052
0.079415
0.291108
0.248429
0.169647
0.449023
0.262414
0.255372
0.167143
0.194648
0.152960
0.250903
0.250351
0.225939
0.237752
0.260253
0.108268
0.134569
0.128365
0.198093
0.250923
0.124571
0.198247
0.152659
0.155663
0.223888
0.173150
0.245181
0.223513
0.129438
0.142300
0.160689
0.260952
0.209664
0.191432
0.099458
0.134852
0.195364
0.111165
0.099463
0.117943
0.180714
0.181917
0.280872
0.432326
0.104270
0.080900
0.185466
0.100985
0.106848
0.203474
0.465975
0.176326
0.269040
0.258220
0.299328
0.125650
0.164234
0.135258
0.386110
0.261747
0.137486
0.176183
0.132739
0.283586
0.056211
0.143220
0.184981
0.158476
0.278870
0.346315
0.308756
0.229114
0.262596
0.103391
0.184909
0.182689
0.145384
0.146686
0.078711
0.482005
0.137702
0.186221
0.245844
0.202520
0.128338
0.255009
0.121449
0.175520
0.242589
0.184944
0.208790
0.320672
0.284706
0.202682
0.221547
0.286979
0.141766
0.420255
0.123338
0.264042
0.236365
0.210457
0.095457
0.178683
0.152944
0.337811
0.121646
0.081035
0.286075
0.246495
0.100367
0.213664
0.219163
0.303682
0.196048
0.178676
0.235326
0.182488
0.190287
0.281638
0.109913
0.123366
0.281213
0.136220
0.138555
0.111819
0.081729
0.112291
0.332541
0.261880
0.230385
0.307945
0.183445
0.125539
0.223656
0.167608
0.186577
0.208752
0.177056
0.156841
0.161318
0.214401
0.223267
0.129207
0.229493
0.167514
0.382025
0.313720
0.120966
0.111645
0.395805
0.213469
0.171531
0.092308
0.128701
0.085099
0.164793
0.254815
0.127715
0.127723
0.131228
0.138412
0.233825
0.184979
0.199410
0.062488
0.184774
0.133639
0.132369
0.129558
0.132391
0.096023
0.204143
0.197672
0.175054
0.093608
0.399910
0.306427
0.114483
0.179846
0.278243
0.113228
0.374291
0.184824
0.223599
0.248061
0.219754
0.181454
0.088769
0.222900
0.256588
0.246345
0.158516
0.167354
0.212238
0.267306
0.206273
0.128024
0.159152
0.070739
0.047441
0.195889
0.101482
0.110166
0.214383
0.243135
0.087540
0.123222
0.232611
0.169763
0.358526
0.022742
0.091156
0.336813
0.156473
0.055765
0.333624
0.033028
0.394404
0.061748
0.135645
0.306060
0.317471
0.111194
0.140855
0.284032
0.129247
0.276571
0.196737
0.115473
0.133027
0.215382
0.419808
0.058773
0.116934
0.155741
0.129278
0.265797
0.146531
0.237049
0.113223
0.189697
0.276860
0.336724
0.240002
0.199639
0.208486
0.122014
0.219998
0.216208
0.104782
0.120907
0.173862
0.155706
0.195412
0.129732
0.165983
0.134960
0.253073
0.129458
0.103309
0.048533
0.229023
0.185991
0.116855
0.055542
0.252457
0.172167
0.119512
0.152046
0.113476
0.133195
0.139590
0.245900
0.225301
0.139670
0.074638
0.207730
0.082437
0.330888
0.097064
0.106840
0.140138
0.119239
0.082587
0.067426
0.235979
0.131584
0.234859
0.143391
0.116536
0.155229
0.086733
0.117225
0.203377
0.213683
0.062175
0.235254
0.058130
0.065161
0.188808
0.053379
0.059221
0.043778
0.166787
0.214169
0.025063
0.162496
0.078695
0.057338
0.055004
0.090997
0.184589
0.073889
0.027047
0.040535
0.143771
0.213535
0.327459
0.155844
0.122945
0.189072
0.067132
0.107612
0.124682
0.239721
0.041093
0.173191
0.393920
0.228295
0.038670
0.109136
0.111171
0.140230
0.146568
0.161833
0.119652
0.157756
0.124805
0.156449
0.254504
0.055216
0.364951
0.204533
0.167787
0.249213
0.202515
0.086901
0.225716
0.192770
0.233760
0.042943
0.206586
0.382138
0.243490
0.101348
0.236232
0.328476
0.213683
0.175492
0.214485
0.289971
0.269232
0.255109
0.182155
0.068739
0.290056
0.162384
0.273306
0.201651
0.315342
0.097658
0.269534
0.108820
0.368544
0.269575
0.379081
0.144141
0.273851
0.208480
0.457795
0.102273
0.211276
0.229450
0.423760
0.200002
0.215975
0.159057
0.139518
0.066636
0.480655
0.352976
0.205595
0.245070
0.168061
0.276775
0.347698
0.141161
0.275642
0.216367
0.539593
0.390582
0.178030
0.290532
0.138101
0.197079
0.208374
0.146915
0.240254
0.213073
0.266535
0.355823
0.314995
0.241113
0.129920
0.200307
0.169014
0.200501
0.169510
0.216091
0.133277
0.151827
0.131152
0.037903
0.104125
0.178627
0.199922
0.123575
0.216055
0.405140
0.107558
0.127899
0.249685
0.263287
0.054846
0.121621
0.144662
0.246843
0.181817
0.276952
0.195296
0.136294
0.183872
0.149756
0.182717
0.050389
0.137053
0.177079
0.269089
0.113854
0.169774
0.165425
0.411042
0.177950
0.160238
0.225750
0.233969
0.062871
0.109514
0.087602
0.132489
0.372379
0.174745
0.127136
0.083503
0.138628
0.074305
0.263971
0.179055
0.051768
0.347240
0.360184
0.137331
0.288968
0.108568
0.142147
0.279284
0.128389
0.356433
0.249272
0.268222
0.079653
0.284439
0.105012
0.117393
0.255196
0.115510
0.223486
0.125284
0.176963
0.208200
0.218146
0.598254
0.139458
0.255119
0.242225
0.104396
0.203981
0.134346
0.255285
0.247784
0.222547
0.214294
0.215914
0.090535
0.380022
0.267973
0.154871
0.260823
0.188504
0.349467
0.377466
0.171167
0.165381
0.203130
0.203205
0.099568
0.247179
0.236105
0.134509
0.246848
0.246968
0.047690
0.076561
0.149562
0.109181
0.299828
0.157626
0.161381
0.181395
0.256813
0.160672
0.183242
0.150064
0.128564
0.106383
0.132245
0.134311
0.112177
0.151958
0.314753
0.126824
0.089249
0.266295
0.231215
0.110500
0.186086
0.261748
0.295157
0.073849
0.125707
0.157641
0.177573
0.200726
0.176914
0.076239
0.131625
0.225156
0.243627
0.193211
0.219642
0.233417
0.126797
0.155911
0.056503
0.080650
0.180872
0.252774
0.115151
0.086376
0.094242
0.226910
0.217687
0.097183
0.167903
0.072414
0.296092
0.078680
0.155646
0.171395
0.188849
0.128346
0.199363
0.165414
0.076011
0.145726
0.114910
0.293723
0.092663
0.283856
0.260177
0.207250
0.166497
0.052095
0.200840
0.133534
0.082665
0.265334
0.073741
0.122802
0.167527
0.177837
0.094791
0.280834
0.277775
0.163308
0.115118
0.187361
0.335949
0.148715
0.135188
0.058769
0.121184
0.093924
0.079611
0.205011
0.253683
0.143238
0.378525
0.358614
0.202807
0.115018
0.054056
0.135926
0.128983
0.183632
0.140431
0.197762
0.182104
0.172815
0.231809
0.177786
0.225458
0.316012
0.144936
0.238575
0.161878
0.178481
0.112836
0.194769
0.113790
0.403831
0.159163
0.057904
0.124262
0.144052
0.120486
0.135813
0.189809
0.137229
0.192628
0.125100
0.217742
0.268283
0.202628
0.157864
0.194346
0.176357
0.075447
0.181941
0.145927
0.036614
0.203435
0.178203
0.279867
0.325859
0.121195
0.052645
0.102955
0.127478
0.158209
0.322862
0.037318
0.261427
0.282554
0.057275
0.090306
0.101684
0.219125
0.175938
0.224482
0.071748
0.317477
0.125675
0.240351
0.118453
0.092476
0.086653
0.135512
0.123565
0.120779
0.090633
0.117268
0.202368
0.223580
0.210000
0.181384
0.137627
0.175760
0.099632
0.166687
0.218641
0.169555
0.298493
0.150984
0.264988
0.175252
0.121622
0.216302
0.060130
0.158115
0.085341
0.091413
0.071435
0.250302
0.122790
0.290006
0.126360
0.135199
0.138904
0.112215
0.108671
0.178857
0.239078
0.210027
0.196747
0.280011
0.229984
0.028212
0.216936
0.288222
0.141445
0.043469
0.165694
0.204813
0.133351
0.091956
0.116625
0.137491
0.237829
0.191036
0.291831
0.113257
0.199096
0.176302
0.171833
0.082895
0.199686
0.089834
0.096531
0.165839
0.178243
0.091180
0.140499
0.142150
0.064102
0.131220
0.063241
0.250140
0.188666
0.122218
0.138967
0.121193
0.158651
0.087134
0.057668
0.132615
0.179882
0.134292
0.161165
0.130283
0.045447
0.096230
0.043445
0.193715
0.139743
0.219454
0.152593
0.084397
0.072108
0.256744
0.087127
0.109751
0.105271
0.170983
0.130258
0.142563
0.149780
0.366726
0.304822
0.192244
0.108601
0.060774
0.092035
0.285991
0.297587
0.147569
0.278385
0.258067
0.137238
0.173155
0.206415
0.128105
0.095799
0.406368
0.162750
0.106336
0.083851
0.271940
0.177026
0.171749
0.196218
0.091851
0.333150
0.051732
0.037737
0.091857
0.360302
0.163974
0.164394
0.111117
0.297448
0.171550
0.176602
0.135778
0.192153
0.133973
0.144204
0.103536
0.153747
0.136082
0.181664
0.107996
0.138422
0.353008
0.240474
0.156760
0.115751
0.245374
0.044390
0.055372
0.171877
0.073697
0.053799
0.078082
0.217225
0.193123
0.216685
0.235479
0.206591
0.124720
0.241486
0.289543
0.170220
0.120892
0.259071
0.286613
0.200115
0.246530
0.068822
0.235346
0.175379
0.321983
0.317263
0.223160
0.301139
0.329631
0.185154
0.080306
0.110286
0.329436
0.357417
0.177546
0.180668
0.076851
0.147739
0.095387
0.223911
0.054673
0.282398
0.110774
0.118475
0.201526
0.357890
0.214670
0.341831
0.125853
0.182529
0.164544
0.251112
0.089847
0.191324
0.107525
0.093996
0.208695
0.331271
0.326335
0.391392
0.098793
0.077569
0.132445
0.208208
0.290872
0.185104
0.195907
0.193442
0.190741
0.057710
0.018747
0.259122
0.091532
0.137777
0.166975
0.083196
0.130378
0.149539
0.160474
0.206115
0.233532
0.512481
0.520632
0.052607
0.155777
0.092518
0.170351
0.226079
0.234557
0.169263
0.150109
0.092683
0.197951
0.290999
0.290377
0.390795
0.122392
0.127879
0.186893
0.217432
0.118600
0.328474
0.133454
0.201415
0.112371
0.154019
0.272996
0.186227
0.162378
0.095204
0.134826
0.182822
0.153908
0.225010
0.191411
0.136576
0.082761
0.129329
0.098243
0.066457
0.203587
0.283768
0.187209
0.214112
0.106262
0.052680
0.168722
0.205836
0.178773
0.245305
0.086600
0.240178
0.179541
0.300499
0.257005
0.289481
0.099937
0.258018
0.144040
0.344099
0.222375
0.042500
0.303374
0.155511
0.254391
0.068110
0.139531
0.131381
0.162398
0.139231
0.319157
0.092602
0.177203
0.160676
0.177184
0.092235
0.147816
0.142205
0.094527
0.160921
0.245295
0.078592
0.160285
0.130632
0.115334
0.121898
0.112423
0.132828
0.054406
0.190721
0.180836
0.130833
0.064170
0.181150
0.122848
0.125717
0.215416
0.131211
0.147468
0.232094
0.112451
0.252866
0.105046
0.052611
0.242184
0.166248
0.100929
0.094055
0.110744
0.138106
0.360281
0.155399
0.263503
0.179879
0.106562
0.243604
0.131330
0.216580
0.072747
0.158950
0.110047
0.144141
0.224964
0.387735
0.104263
0.160979
0.026550
0.111918
0.071310
0.249859
0.157531
0.040915
0.170853
0.110067
0.129570
0.308728
0.179834
0.162459
0.068026
0.122320
0.152885
0.159111
0.192039
0.146174
0.057860
0.186018
0.055765
0.130450
0.055591
0.058601
0.123761
0.109991
0.161446
0.230677
0.106577
0.218037
0.110638
0.140078
0.092786
0.166966
0.043247
0.142849
0.073962
0.196247
0.310311
0.100639
0.112897
0.062603
0.257074
0.130067
0.103978
0.138987
0.092606
0.067845
0.056820
0.158072
0.084838
0.120563
0.103699
0.072023
0.202425
0.159404
0.167937
0.126754
0.123564
0.186015
0.054611
0.225045
0.071125
0.050190
0.245021
0.153005
0.198810
0.246157
0.175370
0.171603
0.325315
0.174011
0.138209
0.148739
0.021786
0.079267
0.123970
0.083928
0.090801
0.295604
0.081236
0.043403
0.373749
0.020777
0.038802
0.255963
0.250949
0.208778
0.147191
0.123695
0.043932
0.064096
0.136997
0.245245
0.109771
0.461636
0.025160
0.326980
0.149018
0.170623
0.230006
0.078056
0.119035
0.079869
0.297278
0.123227
0.074171
0.132037
0.063871
0.244360
0.193403
0.177898
0.229955
0.133767
0.089707
0.115006
0.354683
0.237556
0.141922
0.133220
0.033709
0.093180
0.400550
0.171778
0.133545
0.352125
0.316409
0.147859
0.074143
0.124885
0.143340
0.059488
0.186010
0.174874
0.355645
0.256888
0.263250
0.390048
0.156272
0.124129
0.134844
0.213988
0.229238
0.242673
0.168894
0.120203
0.110126
0.179333
0.091456
0.113430
0.064499
0.154237
0.151632
0.172044
0.202929
0.349550
0.412579
0.063207
0.239419
0.159258
0.203604
0.205917
0.148029
0.122443
0.133789
0.093875
0.221892
0.211063
0.059595
0.072694
0.193998
0.266003
0.217938
0.285301
0.172797
0.101499
0.171080
0.227060
0.094505
0.166945
0.235772
0.162794
0.237012
0.121953
0.154362
0.267670
0.078830
0.123153
0.105768
0.115600
0.111238
0.234617
0.163869
0.211798
0.108192
0.128756
0.218872
0.041549
0.061633
0.254771
0.054009
0.193370
0.260010
0.226392
0.114276
0.141409
0.146104
0.096792
0.082091
0.169123
0.163616
0.247676
0.130198
0.465948
0.231273
0.059070
0.118983
0.132945
0.094903
0.150958
0.039365
0.084379
0.197736
0.066311
0.145158
0.078098
0.723425
0.388155
0.173527
0.104462
0.222208
0.513292
0.190273
0.336890
0.552013
0.173708
0.072305
0.214134
0.111358
0.149614
0.138285
0.301372
0.163113
0.216712
0.112090
0.235312
0.185610
0.064568
0.074180
0.326471
0.174285
0.161586
0.125712
0.146635
0.119557
0.200053
0.095457
0.143048
0.205925
0.301784
0.016558
0.090092
0.195497
0.145841
0.047593
0.088847
0.066762
0.110974
0.114147
0.196695
0.228039
0.157111
0.266244
0.309385
0.059521
0.097837
0.123598
0.143569
0.094182
0.100842
0.048248
0.097391
0.293819
0.201359
0.054953
0.134843
0.055695
0.210036
0.164669
0.189683
0.277480
0.240487
0.197055
0.137752
0.206001
0.158705
0.235596
0.044527
0.180749
0.257079
0.358652
0.136172
0.182143
0.137089
0.294681
0.224506
0.138514
0.092756
0.105751
0.108459
0.131714
0.167782
0.076295
0.102238
0.197910
0.329467
0.116022
0.055214
0.150943
0.234393
0.042550
0.150569
0.122580
0.167257
0.163703
0.188695
0.335870
0.089507
0.139354
0.197361
0.318945
0.120575
0.149728
0.098938
0.065156
0.231130
0.185070
0.208253
0.118254
0.436087
0.174064
0.285095
0.186514
0.170742
0.182079
0.221931
0.339107
0.101851
0.280589
0.379905
0.059984
0.286665
0.082252
0.164871
0.141917
0.242123
0.439245
0.240422
0.109281
0.218402
0.122484
0.085579
0.130538
0.067387
0.190224
0.180866
0.092447
0.100861
0.373291
0.124047
0.020415
0.069249
0.075544
0.166677
0.103996
0.141311
0.039251
0.082246
0.095181
0.133070
0.119007
0.089492
0.031177
0.100971
0.077954
0.021745
0.109322
0.186261
0.136555
0.153219
0.093591
0.119526
0.192804
0.036904
0.205316
0.311526
0.055498
0.109967
0.067203
0.118464
0.111222
0.245062
0.285307
0.046950
0.078198
0.013738
0.054563
0.036197
0.174822
0.093399
0.079218
0.070507
0.131331
0.071374
0.116263
0.055240
0.063617
0.184700
0.224473
0.319552
0.105615
0.075040
0.038118
0.051560
0.150316
0.096528
0.384832
0.110812
0.271544
0.151289
0.176169
0.097986
0.156954
0.117182
0.145933
0.105109
0.063247
0.075105
0.079921
0.020098
0.102932
0.029751
0.127099
0.201458
0.175926
0.057169
0.048834
0.089104
0.131895
0.130239
0.148254
0.210843
0.115721
0.159149
0.299989
0.132540
0.114071
0.195114
0.168711
0.063443
0.098825
0.085773
0.025226
0.172755
0.236195
0.048994
0.052582
0.204258
0.129283
0.186996
0.101612
0.119742
0.068100
0.164252
0.152923
0.344061
0.109467
0.043185
0.030845
0.116126
0.130195
0.165972
0.109476
0.113967
0.051128
0.080816
0.216934
0.346895
0.067147
0.241284
0.105167
0.111500
0.125645
0.072256
0.217386
0.166039
0.119965
0.049489
0.145207
0.128976
0.229255
0.178774
0.118470
0.032077
0.174614
0.034673
0.228885
0.149746
0.159695
0.060611
0.124338
0.244064
0.155691
0.167666
0.058519
0.066903
0.062779
0.242748
0.140784
0.189649
0.150092
0.077338
0.128160
0.068510
0.145265
0.083613
0.167800
0.134584
0.104897
0.070385
0.102210
0.096881
0.137178
0.073057
0.031162
0.052585
0.059865
0.249806
0.144513
0.191030
0.052917
0.103286
0.095855
0.181299
0.194945
0.049862
0.133841
0.071621
0.251273
0.237660
0.074352
0.137557
0.027771
0.313341
0.115373
0.274371
0.119040
0.324887
0.026132
0.181077
0.077391
0.259885
0.090534
0.576621
0.364663
0.048702
0.071378
0.175321
0.306589
0.191799
0.092232
0.493504
0.261893
0.141664
0.138531
0.113114
0.163389
0.283406
0.171515
0.071710
0.173778
0.125078
0.052110
0.110500
0.104867
0.086797
0.149475
0.136314
0.148864
0.204674
0.142132
0.110702
0.083736
0.210575
0.188727
0.126904
0.089913
0.044818
0.152883
0.128608
0.148124
0.228141
0.128010
0.133263
0.290756
0.095257
0.038559
0.192797
0.103980
0.105602
0.077429
0.123982
0.135390
0.059889
0.248016
0.103132
0.126687
0.173395
0.175052
0.206106
0.180428
0.158003
0.067086
0.119380
0.466100
0.134125
0.208430
0.160837
0.096515
0.106027
0.079731
0.229109
0.209859
0.172366
0.077274
0.073864
0.164508
0.159909
0.130063
0.168325
0.208118
0.234616
0.064434
0.035045
0.223394
0.062502
0.140669
0.053832
0.087396
0.155467
0.262467
0.132123
0.093063
0.155012
0.264792
0.230399
0.130899
0.131359
0.204403
0.137463
0.091459
0.217736
0.127276
0.076684
0.144136
0.274147
0.124162
0.241394
0.210860
0.224214
0.086940
0.224231
0.319608
0.143654
0.251663
0.207103
0.127013
0.115773
0.088897
0.041652
0.151091
0.296257
0.110896
0.084141
0.107491
0.160906
0.237544
0.081775
0.267544
0.079228
0.139913
0.065637
0.190422
0.155377
0.060745
0.197081
0.063759
0.080829
0.108213
0.097335
0.104075
0.202849
0.270607
0.066634
0.133023
0.180991
0.188429
0.127995
0.124636
0.087795
0.030525
0.172557
0.080346
0.093418
0.140409
0.158767
0.123701
0.042030
0.183830
0.122503
0.076037
0.054563
0.108723
0.099658
0.046072
0.130352
0.319452
0.066209
0.447470
0.122882
0.113528
0.138545
0.098460
0.124672
0.237404
0.113635
0.274599
