0.006714
0.156510
0.020307
0.015626
0.010733
0.028662
0.259431
0.060409
0.053486
0.060235
0.142684
2.373112
0.086266
0.037215
0.009813
0.007467
0.005467
0.007311
0.007901
0.013278
0.011572
0.006326
0.008970
0.009154
0.009754
0.015436
0.009470
0.012274
0.012787
0.013465
0.014238
0.015796
0.011250
0.019124
0.037465
0.057140
0.100925
0.260065
0.109890
0.090443
0.027463
0.018169
0.011021
0.012331
0.010391
0.008027
0.006704
0.008230
0.010089
0.012114
0.015056
0.015869
0.024098
0.032197
0.073784
0.059310
0.069781
0.078246
0.111938
0.094790
0.280083
0.157740
0.086122
0.082857
0.152098
0.134682
0.209735
0.337556
0.246014
0.133689
0.211604
0.145503
0.383626
0.356191
0.303205
0.360318
0.431944
0.393855
0.581924
0.304787
0.219285
0.418094
0.301501
0.230781
0.391078
0.620724
0.372006
0.248915
0.219201
0.296286
0.326470
0.468060
0.514779
0.594376
0.662571
0.344507
0.360114
0.458985
0.376905
0.382803
0.423054
0.382035
0.235792
0.476583
0.388976
0.274874
0.273047
0.260461
0.635854
0.506752
0.327967
0.920126
0.498868
0.323497
0.268249
0.502518
0.365648
0.283358
0.390034
0.271650
0.475717
0.603474
0.441602
0.392944
0.389040
0.322893
0.316663
0.474396
0.636983
1.137212
0.633705
0.474205
0.382046
0.660430
0.502837
0.655251
0.485194
0.561973
0.359848
0.442254
0.485734
0.526699
0.538424
0.743300
0.651096
0.950421
0.539973
0.537467
0.405391
0.315829
0.335642
0.305490
0.447909
0.382920
0.668707
0.616525
0.593197
0.619633
0.306774
0.523974
0.320483
0.287157
0.392673
0.303667
0.362937
0.311444
0.471923
0.787808
0.314968
0.609283
0.919458
0.485960
0.415485
0.457805
0.693724
0.413573
0.393910
0.562736
0.523048
0.627060
0.557708
0.529916
0.741639
0.744254
0.608807
0.607287
0.353184
0.624281
0.530189
0.764145
0.629439
0.408146
0.561798
0.403655
1.002277
0.654965
0.394148
0.518665
0.450413
0.536929
0.438704
0.668123
0.775667
0.426429
0.522829
0.841209
0.494646
0.269164
0.601991
0.564508
0.539878
0.406748
0.568348
0.625902
0.534199
0.569431
0.630787
0.536173
0.593690
0.795704
0.325790
0.570894
0.400779
0.760333
0.393878
0.614076
0.752284
0.729854
0.412239
0.551024
0.535042
0.374658
0.443280
0.623442
0.670273
0.418361
0.626863
0.644552
0.506657
1.077999
1.080496
0.606960
0.771728
0.477299
0.640737
0.463020
0.672574
0.801787
0.607972
0.611780
0.535128
0.337891
0.508766
0.490872
0.450217
0.475804
0.382202
0.529085
0.398995
0.476048
0.657133
0.334485
0.400979
0.474076
0.499988
0.960296
0.581029
0.525718
0.513833
0.575451
0.530724
0.453326
1.281470
0.335800
0.852688
0.694639
0.347806
0.284152
0.645720
0.634241
0.667458
0.517323
0.831085
0.638024
0.441575
0.631684
0.409462
0.329846
0.584894
0.429332
0.529538
0.537312
0.286732
0.637622
0.743085
0.416466
0.448430
0.479782
0.823736
0.557073
0.695976
0.677090
0.480649
0.593140
0.451573
0.350438
0.344596
0.642742
0.496603
0.837385
0.522683
0.591032
0.772646
0.420455
0.816814
0.338584
0.386770
0.485781
0.464346
0.655974
0.553353
0.451272
0.423764
0.376454
0.409922
0.452468
0.343067
0.602505
0.537242
0.562658
0.649401
0.587135
1.420712
0.570645
0.667274
0.655069
0.483449
0.437994
0.265044
0.441795
0.318554
0.511522
0.437202
0.464402
0.575664
0.530791
0.681888
0.508211
0.369307
0.631082
0.556655
0.856837
0.512435
0.531858
0.382476
0.483475
0.640507
0.467552
0.628504
0.483361
0.729056
0.720901
0.562484
0.655749
0.692582
0.669053
0.604413
0.644190
0.704202
0.672848
0.515806
0.521995
0.565134
0.569452
0.609110
0.438870
0.623622
0.871145
0.612125
0.535079
0.458020
1.088891
0.420147
0.415503
0.580990
0.766623
0.819145
0.312046
0.902238
0.562824
0.737118
0.857851
0.695445
0.665832
0.641847
0.378229
0.521863
0.457657
0.522738
0.765987
0.446285
0.715861
0.678500
0.362008
0.474634
0.548924
0.358136
0.444402
0.837288
0.650535
0.618719
1.285375
0.347215
0.420246
0.541774
0.939057
0.789276
1.415624
0.620791
0.958920
0.893671
0.869309
0.856974
0.803766
0.454352
0.345030
0.396051
0.484637
0.832893
0.691526
0.979148
0.750939
0.978010
0.745861
0.798567
0.639365
0.717736
0.725559
0.368960
0.263416
0.611646
0.678653
0.632176
0.521915
0.496450
0.866210
0.612964
0.342237
0.590794
1.028651
0.621709
0.485969
0.551326
0.484157
0.406056
0.785425
0.584005
0.634182
0.441592
0.618671
0.577959
0.524323
0.330785
0.451913
0.338855
0.489990
0.727353
0.806325
0.455263
0.833463
0.732465
0.953195
0.511934
0.464300
0.355226
0.627188
0.635407
0.608272
0.659721
0.611410
0.778003
0.645093
0.418589
0.590506
0.580277
0.857882
0.372210
0.695595
0.414615
0.633535
0.753940
0.616360
0.728221
0.518710
0.569978
0.629614
0.619529
0.904775
0.502241
0.481803
0.588599
0.458129
0.663318
1.095624
0.588219
0.908694
0.588652
0.727975
0.791974
0.706089
0.762404
0.459916
0.528453
0.806509
0.386631
0.417324
0.535369
0.729825
0.379885
0.362250
0.570553
0.674082
0.492000
0.377126
0.589158
0.704858
0.999046
0.702904
0.557025
0.466728
0.734767
0.658486
0.348034
1.042226
0.471562
0.506372
0.573218
0.711261
0.424961
0.665797
0.604561
0.656865
0.464012
0.578104
0.970173
0.742007
0.864567
0.656112
0.512995
0.576935
1.174446
0.574118
0.644775
1.183996
0.710449
0.563332
0.575538
0.478888
0.567974
0.560240
0.616750
0.816902
0.555872
0.660016
0.369049
0.682728
0.450595
0.375397
0.348824
0.387733
0.301300
0.464607
0.401823
0.391383
0.457162
0.696187
0.655208
0.477625
0.596222
0.889300
0.638168
0.588943
0.843453
0.509869
0.735936
0.573178
0.496422
0.538851
0.988589
0.671949
0.808255
0.563325
0.843308
0.898464
0.454272
0.854026
0.576751
0.683887
0.878278
0.784026
0.476305
0.911038
0.701718
0.600826
0.590272
0.451080
0.788502
0.685067
0.445885
0.749488
0.566695
0.636886
0.696850
0.635288
0.721557
0.492796
0.506712
0.354186
0.554117
0.659401
0.886713
0.785278
0.619353
0.669632
0.743315
0.563226
0.418820
0.883274
0.808477
0.412918
0.432648
1.028459
0.739805
0.972048
0.570498
0.548842
0.511222
0.592574
0.912466
0.628385
0.503793
0.736452
0.733350
0.462557
1.175046
0.869426
0.596770
0.487553
0.777368
0.586111
0.535187
0.293921
0.648757
0.837305
0.514630
0.585497
0.483952
0.289023
0.625112
0.456734
0.725447
0.409136
0.630413
0.738762
0.594814
0.709627
0.653800
0.532830
0.634941
0.713715
0.685431
0.609313
0.443323
0.565285
0.760633
0.570043
0.451375
0.795146
0.426169
0.594011
0.427308
0.472685
0.764697
0.482589
0.795605
0.785216
0.672728
0.713485
0.938729
0.687234
1.027019
0.609448
0.485450
1.066260
0.907472
0.737486
0.654928
0.659460
0.400216
0.345231
0.383954
0.411656
0.460767
0.766331
0.624771
0.500413
0.525385
0.556421
0.697112
0.561866
0.402712
0.821696
1.341772
0.673196
0.464121
0.640093
0.392085
0.549835
0.722312
0.536695
0.345805
0.486965
0.467111
0.536530
0.539975
0.473582
0.559543
0.796779
0.665212
0.683427
0.843138
0.514561
1.128168
0.904019
0.733113
0.478955
0.590252
0.863902
0.881754
0.778965
0.663374
0.599018
0.514726
0.628744
0.718093
0.816514
0.670848
0.502134
0.604263
0.810171
0.515069
0.481755
0.654677
0.720777
0.634205
0.564583
0.847905
0.847274
0.410449
0.772005
0.466210
0.556790
0.432759
0.782858
0.838060
0.605591
0.970395
0.490604
0.573686
0.656059
0.379066
0.635691
0.596847
0.824090
0.760749
0.547119
0.952873
0.884353
0.561292
0.848607
0.905769
0.477254
0.501284
0.408983
0.490335
1.178398
0.978846
0.531015
0.581417
0.405775
0.434800
0.683400
0.824412
1.072051
0.782837
0.769695
0.645287
0.575881
0.835798
0.409669
0.596607
0.708725
0.415360
0.502165
0.573920
0.715205
0.876373
0.491552
0.774019
0.634687
0.525994
0.629604
0.709992
0.855784
0.497091
0.513536
1.020610
0.614580
0.679710
0.642759
0.672525
0.614973
1.207106
0.420911
0.800435
1.128630
0.958984
1.113538
0.475607
0.744411
0.754686
0.611776
0.877019
0.766306
0.637635
0.690346
0.561855
0.393598
0.704770
0.901262
0.611175
0.446794
0.358876
0.565921
0.582549
0.767995
0.821081
0.521396
0.808569
0.681725
0.633404
0.599197
0.525232
0.604268
0.480910
0.713965
0.624655
0.668126
0.541056
0.511043
0.592686
0.496614
0.560275
0.667152
0.442127
0.343068
0.612513
0.572918
0.886601
0.715274
0.561318
0.549879
0.571004
0.876521
0.689705
0.544192
0.808899
0.738607
0.514512
0.663395
0.546272
0.479563
0.528671
0.405728
0.465780
0.757725
0.567163
0.687061
0.610176
0.562868
0.540500
0.796072
0.639744
0.867363
0.476321
0.641210
0.628776
0.701509
0.415287
0.795360
0.731665
0.471512
0.651214
0.811004
0.611972
0.467177
0.679760
0.649353
0.710239
0.617409
0.584554
0.528822
0.406765
0.743257
0.745881
0.529981
0.758794
0.680832
0.503781
0.458677
0.751254
1.080625
0.534791
0.774841
0.747141
0.562504
0.557481
0.460991
0.740887
0.719049
0.779197
0.596460
0.535685
0.550572
0.687461
0.894262
0.524446
0.487214
0.943754
0.590686
0.668625
0.984270
0.534426
0.510977
0.511760
0.495502
0.672551
1.141788
1.033701
0.616606
0.510559
0.542093
1.101147
0.839284
0.456539
0.627452
0.685215
0.515031
0.711738
0.581922
0.577036
0.626371
0.683635
0.937756
0.760213
0.548342
0.650977
0.586895
0.425403
0.548516
0.638472
0.581151
0.683872
0.708915
0.784880
0.364815
0.594639
0.793771
0.651026
0.776319
0.709381
0.396279
0.688135
0.654364
0.506596
0.890924
0.561863
0.381908
0.452318
0.629323
0.932546
0.507129
0.540672
0.440615
0.690300
0.620892
0.523050
0.498860
0.807528
0.530104
0.505013
0.671670
0.561810
0.693545
0.556544
0.543985
0.389690
0.542173
0.528153
0.707294
0.345000
0.458799
0.682562
0.855395
0.558028
0.670522
0.591590
0.433846
0.661461
0.615931
0.542034
0.851557
0.706129
0.455995
0.653286
0.815340
1.277866
0.602732
0.681852
0.744881
0.925632
0.657445
0.499735
0.459674
0.349594
0.715120
0.327564
0.602832
0.732757
0.456457
0.413687
1.006527
0.636706
0.468511
0.508806
0.583278
0.601871
0.831084
0.371285
0.619184
0.593343
0.322609
0.490125
0.439634
0.452342
0.492651
0.424080
0.408433
0.610475
0.578535
0.632260
0.426772
0.485127
0.419426
0.652906
0.632695
0.613201
0.597256
0.452961
0.553247
0.792438
0.671436
0.568891
0.567745
0.693072
0.626328
0.692542
0.708230
0.658889
0.431695
0.450890
0.653028
0.649782
0.425114
0.744170
0.429801
0.747565
0.403955
0.541960
0.541853
0.458852
0.496455
0.672707
0.466103
0.355853
0.515149
0.701947
0.651673
0.936953
0.405407
0.630995
0.479304
0.670400
0.676874
0.657874
0.504693
0.611462
0.347577
0.685680
0.594777
0.481801
0.536102
0.477276
0.735401
0.519495
0.832456
0.554066
0.634531
0.689023
0.534667
0.548547
0.672526
0.362732
0.484756
0.470830
0.582836
0.423472
0.448784
0.510638
0.452020
0.687967
0.558622
0.787608
0.639588
0.576888
0.502046
0.395934
0.381897
0.638046
0.528897
0.714333
0.675420
0.761729
0.556925
0.728261
0.808391
0.638162
0.666139
0.547980
0.439148
0.430771
0.653137
0.470553
0.520726
0.611099
0.674583
0.558305
0.360479
0.449700
0.611696
0.464680
0.533728
0.446762
0.517357
0.549665
0.382834
0.609365
0.699437
0.786441
0.366616
0.552274
0.606017
0.809101
0.411583
0.433052
0.585746
0.466214
0.497708
0.471742
0.540242
0.516104
0.466363
0.731505
0.632042
0.478688
0.389512
0.490098
0.510448
0.496580
0.473238
0.482266
0.852414
0.625521
0.615068
0.452903
0.356003
0.539780
0.714320
0.727576
0.582097
0.426324
0.521424
0.661432
0.463118
0.627333
0.598236
0.928185
0.854882
0.683793
0.763775
0.389123
0.473995
0.602144
0.533296
0.459406
0.460728
0.517515
0.561507
0.604692
0.530668
0.836128
0.457693
0.607139
0.475448
0.398077
0.388403
0.644605
0.469859
0.438220
0.514182
0.488539
0.529496
0.404984
0.537179
0.663481
0.774154
0.624263
0.506501
0.450368
0.535767
0.545848
0.368352
0.513815
0.590316
0.605009
0.273601
0.558758
0.647326
0.395917
0.475758
0.426064
0.534643
0.506924
0.299075
0.414763
0.754027
0.621638
0.440135
0.382466
0.855756
1.068862
1.137154
0.841833
0.721890
0.768253
0.636581
0.608069
0.482778
0.502166
0.907446
0.497270
0.415567
0.607291
0.648343
0.464677
0.410984
0.840001
0.695906
0.336833
0.490184
0.328697
0.742973
0.538874
0.541521
0.555261
0.632982
0.614068
0.576284
0.466603
0.396860
0.515899
0.347136
0.619795
0.419706
0.437214
0.528781
0.479581
0.633867
0.711395
0.794588
0.382065
0.462836
0.829071
0.840579
0.572570
0.370674
1.018243
0.543224
0.549059
0.566589
0.378290
0.451630
0.570643
0.566712
0.569449
0.387071
0.357325
0.631957
0.618815
0.807068
0.710706
0.594019
0.525680
0.777515
0.451742
0.261146
0.502871
0.255574
0.910923
0.461896
0.456595
0.554047
0.593847
0.795698
0.482610
0.350885
0.582530
0.383655
0.509953
0.965505
0.623408
0.671533
0.682760
1.103824
0.451332
0.442950
0.984429
0.540273
0.755748
0.831107
0.704463
0.836005
0.580858
0.533953
0.422523
0.744348
0.660460
0.803794
0.649801
0.707592
0.636989
0.450678
0.554896
0.382673
0.558756
0.487288
0.714604
0.548646
0.583439
0.448945
0.747554
0.713884
0.481729
0.379730
0.468782
0.659231
0.689999
0.442523
0.554057
0.569307
0.937092
0.517004
0.621305
0.739934
0.397140
1.194205
0.454199
0.502917
0.542251
0.624820
0.407881
0.344802
0.329310
0.433078
0.531140
0.762071
1.007287
0.565416
0.452543
0.710832
0.658074
0.567080
0.444545
0.482645
0.449295
0.408361
0.364780
0.380184
0.596127
0.609580
0.579619
0.380158
0.628836
0.488791
0.627269
0.766653
0.460101
0.762690
0.677223
0.620286
0.611806
0.584913
0.527471
0.626652
0.958109
0.545077
0.465603
0.373408
0.476799
0.466098
0.401325
0.559590
0.696013
0.586282
0.564500
0.257510
0.592863
0.644913
0.860249
0.634223
0.775803
0.649655
0.709671
0.742885
0.624014
0.867593
0.691835
0.465040
0.637735
0.338275
0.523437
0.656071
0.939330
0.374920
0.459593
0.690583
0.819122
0.333242
0.386158
0.692563
0.807631
0.489796
0.440971
0.544439
0.606741
0.570344
0.811665
0.501434
0.662687
0.549769
0.441759
0.431451
0.568056
0.499600
0.680893
0.536890
0.337877
0.405307
0.742145
0.575473
0.708555
0.586565
0.437958
0.591662
0.538346
0.511610
0.497859
0.705357
0.525427
0.558809
0.514296
0.670089
0.488621
0.653441
0.581215
0.690346
0.739755
0.386389
0.376410
0.579908
0.794722
0.555496
0.784060
0.642235
0.524696
0.474808
0.403757
0.763654
0.511434
0.737271
0.541986
0.653089
0.536155
0.576426
0.371342
0.608845
0.492950
0.515994
0.647831
0.684340
0.841755
0.823886
0.617128
0.473100
0.524071
0.741699
0.542874
0.641860
0.543619
0.802132
0.459067
0.893639
0.590350
0.805875
1.103266
0.606668
0.570689
0.478215
0.461430
0.887163
0.396112
0.598470
0.620047
0.684416
0.498691
0.639125
0.544774
0.589745
0.731947
0.632537
0.429314
0.332920
0.710376
0.438632
0.402267
0.477741
0.536407
0.318084
0.720884
0.495542
0.533364
0.372302
0.579370
0.552356
0.532775
0.651644
0.613801
0.689881
0.513882
0.501167
0.726452
0.789194
0.710364
0.747756
0.785054
0.418079
0.529601
0.745185
0.632869
0.427649
0.399978
0.505354
0.556665
0.640745
0.410294
0.577222
0.682565
0.988158
0.435995
0.678734
0.537889
0.938513
0.288912
0.341622
0.379930
0.498961
0.376553
0.603649
0.673019
0.579729
0.729588
0.428322
0.456761
0.567620
0.362810
0.568249
0.549895
0.484999
0.424674
0.545797
0.702158
0.640736
0.710256
0.638499
0.424432
0.511359
0.667574
0.453089
0.372910
0.389450
0.592594
0.757909
0.532562
0.357171
0.510136
0.496287
0.584023
0.311780
0.482987
0.651932
0.744069
0.390835
0.479623
0.611114
0.501858
0.421594
0.571258
0.558622
0.457007
0.576221
0.670546
0.634241
0.584864
0.420368
0.343863
0.397576
0.706391
1.013066
0.531919
0.461413
0.597265
0.566815
0.578340
0.613391
0.604231
0.679485
0.511635
0.505558
0.462449
0.386860
0.456917
0.691760
0.815524
0.686334
0.682505
0.542220
0.695303
0.723220
0.652606
0.825385
0.504720
0.477376
0.376175
0.628622
0.500660
0.459997
0.398921
0.653902
0.351006
0.483481
0.535540
0.504284
0.502747
0.604192
0.503196
0.675714
0.563388
0.406733
0.645151
0.459563
0.474772
0.656132
0.524114
0.601475
0.524685
0.407776
0.317585
0.623766
0.410177
0.670281
0.395296
0.389090
0.728496
0.399407
0.375280
0.570571
0.517067
0.559684
0.407273
0.673963
0.352413
0.532912
0.866238
0.406944
0.445815
0.267068
0.418483
0.416598
0.657802
0.365104
0.684532
0.567930
0.435310
0.383286
0.436854
0.388060
0.508956
0.402043
0.705393
0.356950
0.679747
0.484296
0.708427
0.655113
0.552413
0.492135
0.449548
0.747790
0.705163
0.438398
0.393317
0.531681
0.487155
0.595351
0.443413
0.436656
0.777239
0.419502
0.530473
0.406946
0.473053
0.460449
0.357353
0.428480
0.499381
0.525930
0.505457
0.682312
0.544956
0.724844
0.497064
0.470656
0.501280
0.672437
0.545287
0.468089
0.901765
0.490800
0.600817
0.432905
0.486317
0.334041
0.454260
0.434135
0.255010
0.568193
0.883013
0.693535
0.450033
0.693425
0.478967
0.458470
0.858623
0.469177
0.564027
0.532706
0.416926
0.541709
0.440171
0.522662
0.480983
0.499410
0.333367
0.473190
0.433504
0.361545
0.566573
0.419829
0.657928
0.604791
0.728868
0.445529
0.360852
0.506595
0.760468
0.808696
0.762786
0.356363
0.481809
0.680834
0.439213
0.576992
0.395905
0.543214
0.492327
0.384389
0.515318
0.664412
0.369825
0.565814
0.450450
0.291815
0.396730
0.377064
0.601588
0.537231
0.723103
0.826640
0.755760
0.579645
0.665521
0.731128
0.468498
0.654431
0.646833
0.512594
0.402972
0.464155
0.451695
0.320760
0.622294
0.346077
0.586920
0.416390
0.622614
0.394405
0.355797
0.528238
0.537357
0.673589
0.442187
0.401952
0.455177
0.249242
0.494808
0.439769
0.602252
0.374722
0.606350
0.625836
0.673687
0.548152
0.525111
0.501173
0.555279
0.545737
0.529838
0.403050
0.427571
0.729663
0.514795
0.477713
0.429069
0.468787
0.620755
0.409705
0.430334
0.883294
0.766899
0.756319
0.443704
0.413205
0.502645
0.757679
0.648974
0.592569
0.401141
0.396531
0.482969
0.474914
0.319661
0.479848
0.424299
0.444535
0.504535
0.333908
0.439060
0.472420
0.491488
0.455311
0.504614
0.507196
0.493841
0.832737
0.653620
0.540342
0.452109
0.497956
0.848021
0.516409
0.438695
0.381417
0.374888
0.511800
0.612595
0.557698
0.371423
0.426510
0.535691
0.585637
0.626688
0.287228
0.501570
0.534757
0.590233
0.975323
0.660752
0.417563
0.385566
0.790971
0.432836
0.553327
0.610261
0.526112
0.697612
0.407128
0.303682
0.281755
0.424461
0.794396
0.475244
0.407834
0.686803
0.396274
0.482544
0.371825
0.304381
0.437873
0.499412
0.426483
0.502736
0.315739
0.457197
0.413219
0.773686
0.417615
0.499778
0.776873
0.366136
0.518840
0.690076
0.499885
0.501682
0.310288
0.454120
0.300680
0.372238
0.340087
0.462935
0.511075
0.605611
0.567688
0.542825
0.339494
0.653309
0.711628
0.362827
0.540796
0.620251
0.420590
0.687507
0.896669
0.540671
0.484398
0.563921
0.439558
0.501631
0.375834
0.965471
0.562950
0.640112
0.436367
0.703551
0.533458
0.442120
0.440699
0.515172
0.466519
0.376767
0.588799
0.508790
0.929216
0.519730
0.536989
0.616428
0.477821
0.344837
0.668258
0.573637
0.639721
0.685354
0.387073
0.357045
0.421472
0.539230
0.482229
0.422272
0.430770
0.591542
0.584792
0.664980
0.413030
0.408879
0.520796
0.336978
0.465837
0.726973
0.554152
0.575126
0.419771
0.480984
0.418223
0.381625
0.337343
0.546549
0.598438
0.417400
0.497891
0.517757
0.316670
0.539776
0.663852
0.545789
0.539860
0.296850
0.328667
0.657077
0.464357
0.280802
0.315196
0.579021
0.492963
0.492408
0.460524
0.410295
0.524665
0.322856
0.309128
0.329357
0.535883
0.619962
0.557186
0.611248
0.600926
0.553058
0.784881
0.410885
0.439554
0.459782
0.580151
0.279630
0.457038
0.598180
0.601903
0.436321
0.326227
0.458349
0.575498
0.469251
0.863070
0.332262
0.373903
0.666887
0.583350
0.327274
0.396298
0.692593
0.399508
0.719915
0.480544
0.766914
0.366579
0.423928
0.440406
0.608001
0.839811
0.491791
0.592962
0.445441
0.445447
0.321465
0.441198
0.433117
0.398079
0.935622
0.560970
0.446479
0.447934
0.345669
0.389827
0.691826
0.499077
0.482647
0.414782
0.553205
0.446577
0.465709
0.488129
0.595084
0.488490
0.446253
0.311063
0.506355
0.437744
0.347035
0.507403
0.457545
0.387059
0.445971
0.616792
0.521017
0.445479
0.418980
0.486851
0.562106
0.795221
0.463391
0.337987
0.549170
0.850181
0.647054
0.387490
0.383758
0.325434
0.799485
0.586110
0.393715
0.340925
0.491297
0.696970
0.548809
0.444513
0.538974
0.347701
0.584220
0.585353
0.768067
0.474938
0.429613
0.528033
0.396968
0.570885
0.511750
0.332511
0.933502
0.438781
0.357942
0.434913
0.569348
0.497931
0.219197
0.392513
0.408618
0.359722
0.431725
0.465948
0.366582
0.432913
0.590110
0.383707
0.621460
0.363296
0.362884
0.543942
0.475744
0.387105
0.784775
0.724933
0.436776
0.816940
0.745894
0.467803
0.342955
0.361076
0.283722
0.720145
0.457892
0.438018
0.471900
0.447978
0.465708
0.274464
0.619509
0.347482
0.523600
0.500488
0.418803
0.506208
0.440215
0.343200
0.445202
0.396575
0.493427
0.480025
0.352738
0.559543
0.523658
0.492180
0.474186
0.444820
0.426410
0.633773
0.554414
0.494952
0.457290
0.383562
0.457080
0.562832
0.505676
0.584361
0.584580
0.443523
0.550881
0.362694
0.855761
0.489854
0.533988
0.442677
0.512843
0.579059
0.384586
0.564346
0.624533
0.357271
0.605921
0.325828
0.505124
0.649537
0.361325
0.544971
0.683142
0.596276
0.836777
0.756193
0.537126
0.389642
0.538059
0.424982
0.742942
0.540245
0.398917
0.359328
0.522979
0.414736
0.867327
0.485869
0.453325
0.482549
0.539863
0.455628
0.567086
0.683681
0.654801
0.481200
0.476693
0.535979
0.471789
0.572822
0.633001
0.518274
0.325884
0.716529
0.504245
0.481554
0.358057
0.514075
0.520849
0.413591
0.285246
0.551756
0.438398
0.511283
0.485757
0.510540
0.358856
0.512513
0.509370
0.550115
0.586808
0.487853
0.679104
0.511000
0.506062
0.571868
0.538075
0.739467
0.666845
0.365118
0.670103
0.462455
0.374653
0.560673
0.455369
0.528123
0.453427
0.532509
0.637832
0.486904
0.499142
0.503464
0.304939
0.481910
0.300049
0.458982
0.508383
0.426863
0.505087
0.558618
0.310377
0.641976
0.467234
0.729300
0.329965
0.932051
0.370323
0.371185
0.408514
0.481593
0.575667
0.582338
0.416853
0.539723
0.445884
0.405431
0.405946
0.771600
0.525180
0.548318
0.309738
0.243418
0.447920
0.732171
0.372462
0.387939
0.475815
0.657279
0.450558
0.641097
0.503192
0.509899
0.422193
0.378859
0.490670
0.420456
0.419187
0.375764
0.376741
0.501668
0.836854
0.656775
0.574641
0.441174
0.392061
0.423542
0.621188
0.667663
0.552525
0.523562
0.394006
0.540719
1.000130
0.477957
0.411325
0.491044
0.386952
0.705916
0.388408
0.704647
0.596318
0.564765
0.766893
0.419737
0.432382
0.342306
0.691856
0.577329
0.558113
0.377766
0.429096
0.564141
0.604351
0.568428
0.293497
0.598572
0.314287
0.468686
0.435468
0.381153
0.315016
0.429441
0.447754
0.463528
0.437252
0.421116
0.753496
0.509036
0.360060
0.571870
0.338292
0.557902
0.409467
0.442980
0.494348
0.355243
0.306142
0.465140
0.430616
0.543104
0.623894
0.506400
0.406576
0.561014
0.630363
0.537679
0.961933
0.343400
0.416015
0.340962
0.499725
0.678787
0.343675
0.452699
0.342635
0.411206
0.460515
0.495604
0.310723
0.618705
0.365234
0.436523
0.643375
0.665430
0.339914
0.434096
0.344657
0.404167
0.361641
0.447156
0.575167
0.418690
0.548607
0.340144
0.328318
0.517702
0.525698
0.735733
0.398222
0.450100
0.866165
0.593570
0.362472
0.450074
0.646913
0.743443
0.715877
0.672670
0.521227
0.432047
0.741822
0.595471
0.607612
0.409252
0.717915
0.637498
0.817643
0.416368
0.548419
0.655352
0.384227
0.486211
0.445888
0.547996
0.490900
0.435022
0.501521
0.486015
0.623132
0.891514
0.505972
0.457218
0.432788
0.704081
0.372298
0.499018
0.403614
0.373535
0.579129
0.406588
0.384060
0.293377
0.875404
0.411588
0.325560
0.594168
0.741032
0.536883
0.322443
0.297554
0.518957
0.486571
0.524647
0.600848
0.378573
0.424623
0.507014
0.898024
0.283242
0.311794
0.501307
0.358687
0.532436
0.451502
0.767224
0.472652
0.355533
0.545290
0.446829
0.502471
0.463525
0.635942
0.573349
0.441934
0.680015
0.451307
0.441980
0.438646
0.693234
0.468795
0.623056
0.245757
0.621829
0.491540
0.452814
0.371615
0.441375
0.386749
0.738183
0.619931
0.564585
0.341494
0.420695
0.304781
0.621414
0.342898
0.479751
0.409487
0.752179
0.526982
0.301327
0.427477
0.431693
0.411276
0.377752
0.498634
0.606957
0.437140
0.372770
0.561961
0.402688
0.412752
0.402922
0.488702
0.688712
0.399421
0.203721
0.479157
0.474828
0.384333
0.298626
0.358221
0.336386
0.501472
0.544773
0.354177
0.278620
0.560558
0.429634
0.422024
0.440362
0.946084
0.426580
0.480172
0.617465
0.480951
0.427884
0.394222
0.487231
0.542904
0.513304
0.450919
0.486220
0.395800
0.335682
0.479782
0.353871
0.633568
0.426653
0.505007
0.631928
0.556668
0.507405
0.399397
0.581966
0.496729
0.406125
0.358802
0.514409
0.608868
0.521716
0.447121
0.650473
0.344451
0.509819
0.362344
0.476427
0.420786
0.835690
0.513545
0.425015
0.357270
0.599509
0.573612
0.303676
0.659749
0.588382
0.664764
0.646600
0.471811
0.396959
0.400329
0.588570
0.532177
0.330376
0.424059
0.413574
0.562898
0.805231
0.525603
0.402304
0.543657
0.779263
0.427290
0.366188
0.496724
0.348266
0.387696
0.534033
0.426277
0.403324
1.072147
0.577819
0.636871
0.587186
0.745663
0.502550
0.362700
0.593222
0.363295
0.556119
0.501703
0.394208
0.365238
0.863566
0.572164
0.383350
0.439537
0.557539
0.419182
0.630660
0.311547
0.346541
0.610616
0.688858
0.377898
0.390902
0.331762
0.329439
0.425514
0.555019
0.641683
0.386842
0.733523
0.532940
0.433977
0.717573
0.358814
0.676840
0.494240
0.435634
0.539353
0.601997
0.370481
0.503984
0.586746
0.288804
0.567298
0.736389
0.513083
0.427319
0.587622
0.511890
0.459516
0.548145
0.486637
0.680959
0.472684
0.677595
1.103205
0.552179
0.494597
0.491810
0.387721
0.577472
0.443738
0.445908
0.616522
0.724974
0.456325
0.365220
0.293005
0.326319
0.471612
0.276756
0.408022
0.463120
0.441088
0.502300
0.376612
0.300503
0.367896
0.187696
0.380017
0.546617
0.473108
0.381379
0.469812
0.705961
0.426009
0.353724
0.476444
0.712774
0.708842
0.411868
0.367509
0.371071
0.369930
0.319024
0.555158
0.454611
0.707222
0.594335
0.254797
0.470274
0.467183
0.379783
0.337961
0.604018
0.382848
0.596006
0.437223
0.331659
0.305789
0.377902
0.544686
0.508983
0.304162
0.350987
0.457616
0.328046
0.304339
0.334201
0.270188
0.357020
0.314340
0.538833
0.670155
0.249248
0.445889
0.428736
0.820982
0.826571
0.536469
0.564364
0.395861
0.887056
0.377716
0.484374
0.527123
0.347490
0.575324
0.850503
0.591192
0.504254
0.436432
0.712251
0.397380
0.258221
0.440618
1.189523
0.869725
0.355482
0.647461
0.274930
0.298186
0.502041
0.309224
0.628796
0.413902
0.525495
0.593914
0.295239
0.381013
0.628915
0.484946
0.462967
0.293101
0.610985
0.451571
0.662878
0.421226
0.365664
0.422198
0.642010
0.916650
0.386643
0.424509
0.695035
0.394251
0.547600
0.458512
0.894410
0.475804
0.549316
0.405261
0.364854
0.453624
0.466638
0.639848
0.442517
0.436995
0.380451
0.627332
0.295580
0.367658
0.486234
0.269211
0.330021
0.461258
0.289066
0.323697
0.508501
0.339507
0.392783
0.356612
0.532582
0.414211
0.302120
0.515132
0.282421
0.678465
0.332135
0.435348
0.536246
0.608284
0.533121
0.353825
0.579258
0.489578
0.438689
0.243631
0.436108
0.494728
0.560612
0.285434
0.328943
0.391475
0.284478
0.431869
0.652284
0.460169
0.484330
0.487744
0.311505
0.471333
0.308088
0.449861
0.523517
0.518961
0.754232
0.412574
0.394573
0.412727
0.243453
0.431821
0.488820
0.253732
0.469308
0.574260
0.404382
0.742176
0.385371
0.301925
0.347329
0.490081
0.532682
0.671126
0.413717
0.567256
0.502528
0.568131
0.386278
0.595275
0.351297
0.468336
0.397133
0.540553
0.411629
0.338163
0.304482
0.346473
0.400151
0.491469
0.443173
0.582222
0.550212
0.480828
0.494224
0.298979
0.579192
0.457586
0.547845
0.431203
0.309148
0.358088
0.582118
0.572205
0.550393
0.835675
0.291824
0.472515
0.570146
0.637821
0.549714
0.473191
0.279988
0.486872
0.711519
0.508057
0.300090
0.493162
0.415577
0.617424
0.731486
0.588226
0.439950
0.345228
0.683223
0.539323
0.436032
0.385762
0.454879
0.738332
0.654223
0.376795
0.392910
0.422155
0.499586
0.514264
0.568054
0.492258
0.429986
0.323624
0.467594
0.817142
0.379157
0.390700
0.584646
0.741804
0.440669
0.642696
0.648938
0.595916
0.742930
0.385217
0.336325
0.425785
0.488107
0.486950
0.455026
0.518506
0.772503
0.572610
0.423204
0.390976
0.435423
0.242380
0.463821
0.413992
0.421904
0.209788
0.494109
0.340433
0.423166
0.476253
0.463460
0.455103
0.684166
0.647139
0.525209
0.353503
0.509496
0.813793
0.395567
0.502654
0.632878
0.675994
0.277691
0.530918
0.566499
0.773995
0.435118
0.578459
0.349443
0.424223
0.356310
0.330435
0.317514
0.646372
0.407084
0.406937
0.394672
0.291152
0.389590
0.388212
0.598893
0.481101
0.473540
0.544545
0.288354
0.334077
0.570009
0.489236
0.394793
0.585874
0.752689
0.297753
0.432877
0.482106
0.390869
0.681538
0.343183
0.653604
0.266022
0.257105
0.510936
0.358103
0.386065
0.491811
0.621379
0.681678
0.260160
0.332476
0.389352
0.445531
0.422787
0.343703
0.348287
0.538680
0.560182
0.543982
0.376853
0.296782
0.447462
0.497473
0.396867
0.420094
0.519157
0.314589
0.478428
0.320442
0.546232
0.405670
0.343317
0.410167
0.436014
0.712718
0.447851
0.417554
0.400332
0.531693
0.277861
0.355216
0.338583
0.493334
0.245584
0.294406
0.506784
0.369942
0.559729
0.463109
0.338022
0.501134
0.386532
0.405645
0.412797
0.337719
0.415478
0.348966
0.326858
0.375518
0.341546
0.549941
0.358377
0.233327
0.291589
0.531519
0.295289
0.375638
0.332549
0.451399
0.459417
0.214256
0.399442
0.325208
0.270424
0.538210
0.594717
0.588055
0.268992
0.410409
0.628178
0.454958
0.379206
0.848415
0.394856
0.499539
0.241483
0.549112
0.444440
0.384800
0.329199
0.579089
0.199750
0.483724
0.564014
0.402469
0.417039
0.294828
0.489083
0.355120
0.471820
0.469502
0.404871
0.456438
0.630775
0.573357
0.414035
0.439713
0.319315
0.329798
0.601560
0.397095
0.679560
0.477033
0.312970
0.458006
0.539298
0.296511
0.522729
0.532609
0.304737
0.263052
0.298273
0.710653
0.515465
0.543585
0.502852
0.420248
0.512755
0.351023
0.523909
0.402623
0.689223
0.531427
0.505288
0.253121
0.500362
0.339693
0.333579
0.510087
0.490126
0.612142
0.310288
0.519951
0.385238
0.718612
0.396336
0.441994
0.251049
0.369135
0.329234
0.315572
0.302090
0.317122
0.479576
0.513517
0.520822
0.346174
0.475201
0.470465
0.628746
0.389548
0.425252
0.482444
0.611432
0.524484
0.580944
0.270523
0.421772
0.475690
0.649381
0.325850
0.772931
0.609392
0.398046
0.400134
0.333715
0.388053
0.447833
0.615441
0.396492
0.438943
0.275803
0.339911
0.460977
0.440533
0.257951
0.358247
0.270991
0.295148
0.304384
0.467759
0.242690
0.395073
0.482942
0.316717
0.467405
0.374576
0.462222
0.468499
0.388140
0.385984
0.693059
0.514803
0.310433
0.407652
0.728103
0.587721
0.452533
0.280531
0.372924
0.484228
0.301917
0.550970
0.499446
0.360568
0.351442
0.441329
0.450129
0.713887
0.692648
0.526945
0.491591
0.655882
0.327970
0.256043
0.499153
0.788029
0.355007
0.480972
0.537968
0.377711
0.419621
0.347911
0.207246
0.392154
0.646354
0.434250
0.400071
0.363984
0.627775
0.519865
0.364857
0.735556
0.420411
0.436315
0.425073
0.488384
0.328963
0.310000
0.295918
0.312890
0.446709
0.757592
0.414803
0.411262
0.360266
0.361894
0.343822
0.347400
0.538905
0.627730
0.291723
0.357630
0.385901
0.477006
0.269759
0.353648
0.507528
0.396143
0.569194
0.469471
0.216087
0.372466
0.631496
0.476706
0.382214
0.331614
0.547092
0.301349
0.445170
0.357902
0.378082
0.263542
0.596356
0.624256
0.451508
0.478860
0.367113
0.392901
0.486623
0.444713
0.339122
0.394970
0.899808
0.472026
0.513794
0.362272
0.482446
0.474732
0.472056
0.450564
0.445219
0.523915
0.443016
0.304465
0.348869
0.479864
0.440438
0.394116
0.432891
0.364057
0.479171
0.267608
0.511044
0.284700
0.258146
0.398442
0.499637
0.555887
0.355595
0.534258
0.321808
0.402677
0.513723
0.503252
0.346790
0.520290
0.297455
0.338841
0.348682
0.282238
0.398508
0.316394
0.623261
0.392968
0.531377
0.376130
0.400952
0.333319
0.618966
0.243047
0.719264
0.531733
0.510750
0.593778
0.320613
0.344535
0.312973
0.340703
0.368411
0.517101
0.405006
0.553175
0.405264
0.345677
0.321001
0.658696
0.361294
0.459581
0.593701
0.395846
0.424409
0.368058
0.462364
0.508206
0.437746
0.312691
0.651168
0.407255
0.248429
0.320052
0.420453
0.476370
0.403595
0.386696
0.754609
0.765074
0.285703
0.385705
0.281686
0.592603
0.552282
0.446552
0.767137
0.583834
0.409611
0.514725
0.439981
0.458261
0.391594
0.230435
0.306607
0.390533
0.517487
0.759030
0.616720
0.408480
0.232959
0.339431
0.631366
0.453088
0.266325
0.159605
0.327565
0.346058
0.585307
0.507799
0.511930
0.379978
0.325037
0.312632
0.552281
0.329394
0.382084
0.419742
0.398946
0.375812
0.441353
0.447696
0.406131
0.568393
0.385039
0.462239
0.571581
0.551714
0.455653
0.384247
0.573808
0.452020
0.244549
0.214778
0.295174
0.503418
0.390300
0.563474
0.337503
0.401119
0.505085
0.551425
0.368067
0.487450
0.572561
0.432272
0.303126
0.575940
0.963155
0.462016
0.288432
0.459214
0.277371
0.297335
0.437843
0.316703
0.240327
0.473702
0.405769
0.361492
0.431448
0.430464
0.223465
0.378836
0.531303
0.431281
0.297928
0.402999
0.354278
0.399915
0.320542
0.373142
0.419350
0.588989
0.335048
0.495705
0.316106
0.392346
0.357100
0.385603
0.277324
0.500086
0.281548
0.267047
0.557217
0.319335
0.327187
0.371694
0.492291
0.299417
0.374930
0.399600
0.517552
0.346800
0.329556
0.311255
0.284743
0.343765
0.445967
0.327326
0.388405
0.261725
0.571201
0.456570
0.346619
0.499623
0.312524
0.611205
0.393223
0.515816
0.495833
0.473073
0.382059
0.286276
0.368440
0.264597
0.338750
0.312664
0.320929
0.494107
0.359688
0.458231
0.340277
0.358445
0.398466
0.245468
0.467015
0.638248
0.393877
0.268801
0.653532
0.703529
0.406912
0.558912
0.450774
0.292703
0.481087
0.344427
0.404675
0.395247
0.467933
0.429897
0.314042
0.369826
0.377156
0.656242
0.420713
0.311606
0.456900
0.453642
0.317209
0.320195
0.547767
0.345721
0.454875
0.588688
0.259560
0.441324
0.420052
0.340127
0.428223
0.326439
0.345996
0.422556
0.344451
0.401922
0.602385
0.494105
0.310668
0.368974
0.435823
0.761223
0.468208
0.556577
0.672452
0.424375
0.475173
0.651223
0.321282
0.516960
0.640329
0.485157
0.439300
0.383887
0.310958
0.408941
0.463887
0.511040
0.476286
0.426055
0.372046
0.535587
0.357293
0.384042
0.396887
0.379133
0.728697
0.708452
0.416515
0.539714
0.453179
0.527019
0.271009
0.669869
0.290360
0.385456
0.470081
0.341648
0.393062
0.601861
0.622777
0.406267
0.462237
0.549834
0.458919
0.409696
0.419080
0.305900
0.257334
0.469352
0.353997
0.486854
0.303299
0.377741
0.181129
0.453123
0.331596
0.331805
0.379989
0.479226
0.341471
0.422535
0.254090
0.242444
0.325599
0.254110
0.441453
0.292606
0.455850
0.289040
0.444279
0.494227
0.411519
0.553808
0.372580
0.469229
0.570099
0.236435
0.388509
0.706989
0.380454
0.381390
0.509763
0.420148
0.346020
0.316201
0.584875
0.401391
0.435082
0.345623
0.419391
0.431042
0.446372
0.479144
0.286392
0.511939
0.539022
0.596274
0.342641
0.319419
0.390165
0.402252
0.285451
0.393336
0.438488
0.491893
0.285939
0.246921
0.211007
0.498147
0.265800
0.465905
0.314721
0.372324
0.347265
0.401515
0.455129
0.395419
0.756757
0.516582
0.408367
0.259742
0.517571
0.393148
0.546780
0.464244
0.440519
0.408364
0.409964
0.389725
0.364642
0.381789
0.455528
0.428950
0.343314
0.529804
0.459761
0.449281
0.515653
0.230400
0.314191
0.484035
0.299190
0.397255
0.341732
0.422118
0.331891
0.706762
0.297230
0.255201
0.410793
0.860637
0.557777
0.345370
0.272688
0.600299
0.517614
0.418354
0.743760
0.511262
0.510021
0.731109
0.417455
0.487672
0.620290
0.415863
0.549238
0.419327
0.384058
0.369630
0.335067
0.495519
0.428531
0.370765
0.437245
0.394901
0.378424
0.332613
0.361128
0.334195
0.651841
0.394244
0.416456
0.304096
0.361951
0.378404
0.567817
0.406479
0.464087
0.363209
0.458983
0.352121
0.289963
0.540968
0.319729
0.287923
0.453496
0.489037
0.315869
0.354708
0.557908
0.748130
0.478243
0.511415
0.507270
0.575958
0.455986
0.389297
0.344286
0.449028
0.399958
0.406227
0.569703
0.409345
0.346409
0.439663
0.355804
0.502860
0.396541
0.566405
0.420184
0.464537
0.403937
0.493379
0.750586
0.561388
0.410157
0.489330
0.464646
0.501018
0.588706
0.647560
0.345214
0.597535
0.581953
0.568848
0.579138
0.581779
0.435924
0.438221
0.418671
0.540145
0.397878
0.301305
0.270021
0.537851
0.486603
0.599109
0.392322
0.265749
0.394246
0.324146
0.749352
0.344411
0.459005
0.411568
0.300881
0.442237
0.533930
0.444805
0.284891
0.261795
0.421060
0.838155
0.683550
0.649168
0.268703
0.455118
0.355624
0.504236
0.382760
0.389756
0.391111
0.496557
0.580093
0.364265
0.239555
0.362287
0.294253
0.611046
0.396846
0.489128
0.226282
0.325326
0.401557
0.535274
0.363703
0.435652
0.500422
0.579130
0.358213
0.380197
0.210742
0.471014
0.461593
0.416520
0.353187
0.477381
0.277397
0.666828
0.359549
0.490048
0.685449
0.359324
0.334742
0.369862
0.419265
0.545253
0.223240
0.344077
0.412397
0.507015
0.323925
0.324834
0.328588
0.447115
0.311974
0.495262
0.444003
0.312241
0.428286
0.295361
0.387488
0.268556
0.414209
0.352105
0.464304
0.400746
0.387656
0.374976
0.278292
0.593486
0.724605
0.442275
0.323832
0.385101
0.456204
0.610922
0.319553
0.418892
0.328041
0.526439
0.373537
0.549838
0.460025
0.240269
0.211029
0.268980
0.415755
0.472330
0.437064
0.599427
0.583181
0.313453
0.307824
0.358708
0.625203
0.474415
0.209484
0.289055
0.447895
0.412930
0.375723
0.466592
0.563426
0.353869
0.506394
0.328740
0.345555
0.403314
0.528429
0.313970
0.337798
0.273399
0.350721
0.542029
0.648146
0.284764
0.306648
0.342823
0.339088
0.372615
0.369364
0.468578
0.283738
0.385456
0.317664
0.390959
0.331078
0.306946
0.230410
0.247765
0.279348
0.268900
0.403098
0.373446
0.253358
0.437315
0.207936
0.467873
0.315696
0.244801
0.591967
0.529024
0.596280
0.724809
0.380547
0.529307
0.483966
0.628824
1.013814
0.348045
0.391919
0.422443
0.350407
0.461776
0.283658
0.408339
0.376470
0.451393
0.484017
0.424419
0.262183
0.423104
0.533428
0.308471
0.358061
0.261549
0.261704
0.525638
0.522402
0.780404
0.389861
0.264117
0.425054
0.458338
0.377712
0.374865
0.395147
0.539872
0.385341
0.672691
0.196683
0.376109
0.330851
0.306860
0.460696
0.311063
0.359160
0.308876
0.246428
0.258516
0.330259
0.252465
0.393165
0.348432
0.389230
0.290299
0.348996
0.553311
0.338923
0.411230
0.398097
0.324786
0.395271
0.386080
0.295960
0.257061
0.566715
0.291996
0.242615
0.321263
0.451700
0.509426
0.527151
0.410627
0.337319
0.399340
0.400482
0.308968
0.429221
0.249360
0.396240
0.275608
0.611934
0.409018
0.348227
0.395397
0.473183
0.508739
0.356926
0.461290
0.619710
0.385600
0.694917
0.522481
0.497071
0.452512
0.573879
0.456281
0.721473
0.316301
0.251622
0.309099
0.667106
0.460938
0.442567
0.521691
0.322262
0.175158
0.384682
0.508657
0.372829
0.673660
0.448780
0.508372
0.449212
0.549463
0.337645
0.619696
0.436180
0.198573
0.293563
0.330921
0.403306
0.275741
0.358741
0.359395
0.463028
0.227469
0.439769
0.382149
0.575754
0.388386
0.300927
0.413063
0.296563
0.430764
0.340821
0.433550
0.495670
0.398252
0.462997
0.241779
0.239463
0.443565
0.420684
0.267297
0.304075
0.265999
0.476039
0.374130
0.241298
0.224151
0.461739
0.458107
0.422773
0.531556
0.323720
0.321470
0.290851
0.275150
0.388116
0.608642
0.397590
0.491771
0.617695
0.467753
0.379104
0.272084
0.331713
0.335562
0.714779
0.381290
0.439282
0.273981
0.283954
0.412813
0.372143
0.389143
0.445246
0.533247
0.398865
0.314464
0.404588
0.487859
0.401628
0.427376
0.290250
0.549279
0.392085
0.496091
0.464545
0.432308
0.439175
0.576534
0.467360
0.500639
0.428066
0.236636
0.649293
0.447494
0.477312
0.665490
0.294909
0.247400
0.531190
0.383047
0.472026
0.364016
0.406643
0.405475
0.635514
0.260227
0.479785
0.577471
0.459320
0.452420
0.267791
0.649186
0.419396
0.475262
0.390209
0.476300
0.464489
0.714131
0.216444
0.442255
0.541493
0.388368
0.298610
0.409221
0.437196
0.491392
0.453657
0.415060
0.316945
0.884068
0.450053
0.369886
0.479137
0.335377
0.741082
0.396493
0.371080
0.550765
0.314149
0.447057
0.411403
0.581441
0.329399
0.470359
0.276141
0.440832
0.426916
0.581948
0.348087
0.559803
0.423222
0.300586
0.405589
0.421905
0.774016
0.762860
0.300426
0.513814
0.323578
0.228895
0.300148
0.393757
0.425907
0.271156
0.344179
0.258880
0.290445
0.492015
0.253521
0.490404
0.331784
0.683978
0.600394
0.549720
0.334541
0.299218
0.276637
0.232771
0.439104
0.384643
0.539890
0.774814
0.324625
0.388293
0.448344
0.423044
0.325288
0.283462
0.240578
0.583666
0.622667
0.386366
0.328181
0.311653
0.265988
0.209183
0.204917
0.361480
0.272544
0.281246
0.503247
0.687798
0.571155
0.369761
0.328991
0.276658
0.272112
0.381257
0.364955
0.315223
0.366513
0.153324
0.156674
0.340740
0.375958
0.355837
0.524740
0.310466
0.329254
0.314762
0.239173
0.506120
0.362828
0.304520
0.326561
0.260385
0.406620
0.387054
0.378177
0.293168
0.532334
0.494271
0.217383
0.305963
0.352482
0.257491
0.609408
0.728312
0.467449
0.800125
0.269372
0.367534
0.307828
0.299333
0.637904
0.469435
0.361786
0.443148
0.317956
0.389756
0.373208
0.326436
0.205630
0.478061
0.314788
0.324465
0.173271
0.374867
0.328257
0.514738
0.373192
0.385336
0.259916
0.298029
0.342612
0.335406
0.534264
0.326608
0.186561
0.523607
0.673035
0.686677
0.426501
0.285793
0.310369
0.285901
0.246101
0.477945
0.531913
0.288666
0.418951
0.448711
0.336710
0.280271
0.224353
0.298899
0.315766
0.419664
0.391829
0.452413
0.668857
0.362524
0.312548
0.235161
0.365105
0.384027
0.222910
0.198750
0.265091
0.545410
0.556252
0.467027
0.203162
0.237423
0.396345
0.401400
0.497556
0.641647
0.423002
0.463232
0.336568
0.413706
0.433435
0.541464
0.269729
0.364039
0.552913
0.642070
0.445639
0.180989
0.388947
0.293385
0.248732
0.308301
0.403880
0.420839
0.397464
0.527166
0.250357
0.435703
0.487693
0.335529
0.430991
0.293474
0.430466
0.501314
0.279357
0.543656
0.416762
0.593268
0.324416
0.296944
0.721183
0.409881
0.589811
0.479237
0.267255
0.321757
0.288819
0.212349
0.489268
0.379569
0.748636
0.379168
0.213463
0.502170
0.347272
0.545975
0.345109
0.406187
0.367765
0.300479
0.308042
0.242207
0.259563
0.259776
0.324376
0.415037
0.322146
0.366825
0.257886
0.478899
0.470379
0.266457
0.245556
0.302843
0.462549
0.353176
0.314929
0.288495
0.357663
0.315665
0.443017
0.412444
0.337205
0.233143
0.337408
0.427645
0.504730
0.649038
0.334705
0.303433
0.347884
0.366258
0.269039
0.482565
0.272042
0.339216
0.391660
0.320864
0.255413
0.408384
0.359144
0.194114
0.522941
0.288820
0.294107
0.261393
0.452123
0.468398
0.544648
0.304065
0.388824
0.400218
0.451592
0.293170
0.238377
0.258931
0.441099
0.419326
0.352963
0.397012
0.213095
0.311361
0.300817
0.453910
0.356223
0.493044
0.286945
0.339709
0.353019
0.261248
0.461858
0.454513
0.397607
0.369559
0.351218
0.302293
0.340843
0.316183
0.496199
0.436131
0.522368
0.365273
0.435046
0.398558
0.175522
0.572457
0.588471
0.403170
0.374952
0.225705
0.471950
0.368135
0.638689
0.391089
0.278513
0.251273
0.459142
0.240756
0.255447
0.213087
0.320964
0.385388
0.321413
0.368785
0.314117
0.452661
0.295117
0.359485
0.262736
0.216829
0.769086
0.353803
0.376566
0.286404
0.530470
0.383311
0.480324
0.409315
0.721109
0.486395
0.269106
0.410734
0.488981
0.423260
0.678383
0.401518
0.343491
0.628172
0.442013
0.391007
0.412574
0.588082
0.336381
0.214274
0.424617
0.297827
0.322890
0.486782
0.327364
0.386864
0.477219
0.406994
0.296025
0.421977
0.332553
0.464616
0.554634
0.537647
0.207866
0.251855
0.461343
0.420713
0.506787
0.414879
0.383388
0.489405
0.457705
0.314438
0.246828
0.323458
0.389300
0.306734
0.353883
0.200498
0.216178
0.219166
0.327114
0.329692
0.300437
0.392033
0.616694
0.492586
0.478614
0.409581
0.470735
0.263196
0.347668
0.454327
0.231933
0.201645
0.163976
0.385273
0.240862
0.424009
0.235372
0.473557
0.253684
0.290274
0.371901
0.351133
0.390459
0.262843
0.339703
0.213251
0.397673
0.405275
0.482424
0.372798
0.600403
0.331465
0.631919
0.413119
0.593622
0.270609
0.243655
0.369913
0.417678
0.257336
0.281424
0.565500
0.348326
0.426773
0.379308
0.220423
0.513756
0.660353
0.871201
0.248440
0.352444
0.376549
0.409111
0.353440
0.571120
0.332292
0.223439
0.349102
0.615789
0.280822
0.372549
0.277447
0.231162
0.295335
0.181698
0.159836
0.251554
0.324820
0.207242
0.246353
0.585850
0.404931
0.350401
0.366524
0.317494
0.269224
0.251522
0.331231
0.357926
0.246615
0.272548
0.488841
0.256302
0.258627
0.480121
0.375495
0.501150
0.337117
0.298205
0.371944
0.280699
0.321532
0.422618
0.290608
0.183642
0.454343
0.381721
0.514542
0.301711
0.506589
0.502967
0.230565
0.422279
0.282229
0.384657
0.277522
0.584990
0.424444
0.292227
0.227149
0.203249
0.422796
0.198289
0.351766
0.228971
0.398283
0.479338
0.399837
0.478250
0.413735
0.316729
0.423634
0.347207
0.457755
0.404186
0.368988
0.446645
0.349043
0.230103
0.408426
0.228282
0.144546
0.515718
0.780896
0.246590
0.255126
0.566933
0.469921
0.627271
0.564255
0.600926
0.562964
0.601741
0.344176
0.669399
0.212993
0.636551
0.609443
0.337490
0.366627
0.483506
0.212458
0.266626
0.339365
0.526208
0.307827
0.298391
0.285894
0.390239
0.340462
0.198778
0.552749
0.597829
0.302506
0.378486
0.171661
0.292415
0.236868
0.587940
0.173551
0.553834
0.427898
0.394137
0.249983
0.237867
0.250624
0.236906
0.392148
0.456846
0.171543
0.523584
0.369755
0.293730
0.651843
0.429564
0.314465
0.337294
0.302697
0.385525
0.302600
0.553066
0.172613
0.300141
0.289011
0.261188
0.442430
0.365482
0.409417
0.579681
0.467976
0.352156
0.561968
0.279851
0.401083
0.289715
0.392407
0.398185
0.757663
0.400556
0.313978
0.495757
0.382746
0.441041
0.405668
0.396403
0.327790
0.469818
0.513955
0.211693
0.324120
0.266345
0.242599
0.376383
0.406838
0.277504
0.302688
0.410165
0.341590
0.501529
0.272352
0.222797
0.238734
0.306459
0.238975
0.370180
0.201345
0.416916
0.346679
0.339754
0.382251
0.472324
0.407183
0.257734
0.288313
0.433027
0.417306
0.365594
0.240849
0.341865
0.317115
0.275895
0.327028
0.323864
0.441423
0.287676
0.629116
0.367761
0.168825
0.553480
0.423499
0.415213
0.499043
0.460051
0.544224
0.395103
0.381578
0.285226
0.484193
0.415691
0.267221
0.314259
0.399699
0.341816
0.397505
0.549986
0.276383
0.241431
0.226734
0.176553
0.449691
0.484181
0.416290
0.253921
0.310007
0.317559
0.626694
0.510010
0.799839
0.468307
0.348880
0.199773
0.373690
0.378606
0.733887
0.245117
0.459634
0.358242
0.225587
0.354418
0.429020
0.310059
0.415497
0.350973
0.322857
0.586857
0.290169
0.190964
0.458671
0.313586
0.312660
0.329828
0.344339
0.321112
0.220242
0.243175
0.424236
0.175287
0.335618
0.392394
0.561516
0.350646
0.306839
0.249834
0.348783
0.405492
0.235196
0.376888
0.380819
0.284248
0.368824
0.214991
0.369393
0.421800
0.264377
0.239001
0.171196
0.266202
0.303793
0.242265
0.342605
0.387495
0.762277
0.360896
0.242366
0.452782
0.221530
0.389343
0.632549
0.408161
0.481201
0.653579
0.277089
0.427503
0.268068
0.750327
0.311672
0.534670
0.369225
0.524632
0.328408
0.378008
0.279973
0.551597
0.373568
0.564981
0.542022
0.497965
0.519148
0.421287
0.366604
0.458296
0.477783
0.604608
0.325342
0.410524
0.298607
0.383688
0.323672
0.348967
0.167740
0.306347
0.239299
0.502803
0.461638
0.338232
0.370229
0.255421
0.305250
0.431138
0.591276
0.533532
0.611248
0.372677
0.363524
0.241048
0.444741
0.446708
0.557224
0.478169
0.324141
0.338310
0.410045
0.426610
0.408584
0.407994
0.502346
0.537327
0.447712
0.343237
0.267846
0.173671
0.216813
0.281501
0.127082
0.327612
0.283131
0.148626
0.361697
0.193182
0.217368
0.257151
0.352798
0.448163
0.229917
0.291852
0.272090
0.124053
0.261513
0.374295
0.282405
0.586857
0.160857
0.260568
0.300879
0.571024
0.277307
0.251790
0.234984
0.197620
0.353131
0.316505
0.351112
0.260500
0.492654
0.326877
0.306383
0.169621
0.390620
0.265196
0.287769
0.303491
0.199293
0.222058
0.817718
0.142580
0.223249
0.440769
0.521815
0.564150
0.379071
0.362392
0.366032
0.424632
0.452911
0.203743
0.553164
0.326107
0.263561
0.359603
0.251286
0.437486
0.389976
0.390121
0.251551
0.324011
0.322754
0.180512
0.284750
0.450372
0.213660
0.390284
0.474762
0.459852
0.373182
0.300508
0.503970
0.257140
0.218326
0.269223
0.304692
0.235952
0.293866
0.374805
0.158849
0.439063
0.241262
0.377107
0.392820
0.372367
0.427248
0.314564
0.344708
0.423915
0.332661
0.304982
0.337484
0.261081
0.310168
0.418822
0.202989
0.190937
0.290148
0.205111
0.384905
0.303956
0.352633
0.180734
0.529719
0.268971
0.335349
0.257882
0.476489
0.427559
0.307688
0.311052
0.136145
0.257509
0.300733
0.210168
0.198369
0.401781
0.444818
0.270555
0.261218
0.356658
0.294469
0.383949
0.294172
0.424758
0.342824
0.383309
0.453774
0.231943
0.250397
0.317867
0.268369
0.365209
0.265848
0.320947
0.220429
0.191043
0.340114
0.516119
0.470360
0.201418
0.317244
0.167482
0.264412
0.208171
0.190191
0.353106
0.347165
0.616971
0.361043
0.430670
0.269325
0.538251
0.324552
0.388207
0.625471
0.433374
0.465375
0.316911
0.679567
0.385796
0.330410
0.730261
0.565433
0.463744
0.348252
0.477581
0.496223
0.257811
0.235613
0.318052
0.423890
0.277480
0.488457
0.364558
0.464358
0.486539
0.401730
0.258575
0.369981
0.722688
0.360438
0.465802
0.340312
0.639275
0.651589
0.399834
0.331462
0.434971
0.344827
0.372070
0.339025
0.190407
0.340138
0.438685
0.525921
0.222274
0.169094
0.585198
0.273148
0.219986
0.636473
0.343933
0.422979
0.404151
0.295175
0.249044
0.184228
0.389359
0.540683
0.383941
0.395053
0.432818
0.278303
0.357098
0.461437
0.256646
0.399025
0.711302
0.298064
0.180521
0.319751
0.253210
0.399609
0.149596
0.235899
0.389799
0.346072
0.230885
0.578632
0.373533
0.250588
0.323523
0.296529
0.225441
0.370453
0.147054
0.260953
0.384773
0.266651
0.260408
0.318183
0.203675
0.252222
0.192163
0.471696
0.193036
0.467098
0.216373
0.354382
0.647256
0.278490
0.227230
0.321714
0.502191
0.295591
0.164213
0.300034
0.607743
0.413071
0.353896
0.485577
0.335983
0.275392
0.477671
0.403168
0.577447
0.428257
0.267140
0.275890
0.493236
0.186699
0.549710
0.210218
0.336916
0.600037
0.474688
0.701744
0.216532
0.378158
0.379584
0.304646
0.426315
0.439737
0.401902
0.371179
0.405212
0.194586
0.231048
0.249034
0.375089
0.361977
0.404552
0.287733
0.217608
0.363844
0.157350
0.367389
0.370691
0.261163
0.290829
0.310385
0.466505
0.783281
0.332538
0.371010
0.307392
0.346661
0.766517
0.258447
0.365533
0.303282
0.482595
0.316821
0.372249
0.377428
0.382002
0.279883
0.327671
0.378085
0.321824
0.243209
0.646669
0.277188
0.349713
0.448905
0.289342
0.319401
0.449584
0.489621
0.188530
0.396595
0.408891
0.442725
0.215802
0.428472
0.516085
0.295003
0.384344
0.237995
0.247334
0.283254
0.264223
0.303327
0.259786
0.437872
0.516028
0.555580
0.378211
0.491376
0.564910
0.542621
0.269444
0.253941
0.671350
0.546694
0.334457
0.445972
0.541134
0.224280
0.174128
0.354699
0.620044
0.287150
0.426702
0.378451
0.468450
0.294229
0.441754
0.383757
0.250675
0.519873
0.383062
0.402211
0.388942
0.307610
0.591112
0.320996
0.425180
0.316100
0.520833
0.544219
0.311213
0.515397
0.234060
0.503047
0.205149
0.122040
0.253369
0.287850
0.243623
0.172013
0.165806
0.159042
0.250566
0.264807
0.266972
0.268850
0.251214
0.386662
0.202245
0.326834
0.163021
0.342386
0.225872
0.250363
0.194684
0.236180
0.207291
0.135223
0.673200
0.178152
0.211074
0.483973
0.280722
0.266471
0.567578
0.274427
0.203828
0.179306
0.242158
0.171738
0.397762
0.373686
0.196830
0.257764
0.407602
0.324678
0.265812
0.179894
0.447022
0.372557
0.373234
0.289900
0.307860
0.349262
0.303379
0.282153
0.228768
0.370184
0.276573
0.292304
0.205466
0.270773
0.253965
0.203971
0.542157
0.526154
0.341091
0.392397
0.267299
0.313942
0.264785
0.505595
0.417492
0.339051
0.352203
0.275940
0.341096
0.350101
0.511378
0.570021
0.290564
0.357087
0.580395
0.322041
0.564285
0.382691
0.469456
0.427922
0.404028
0.519177
0.416048
0.263812
0.228451
0.351836
0.378517
0.320300
0.268642
0.348912
0.359155
0.298666
0.188262
0.304868
0.221301
0.399758
0.447266
0.160532
0.539262
0.665665
0.404688
0.237553
0.162603
0.290398
0.180472
0.338506
0.434379
0.504661
0.278743
0.131026
0.301236
0.203678
0.338720
0.207315
0.232259
0.260269
0.221700
0.143391
0.141401
0.199693
0.225412
0.281376
0.164092
0.289894
0.351559
0.335431
0.169612
0.233670
0.328602
0.308039
0.222864
0.111992
0.303931
0.509122
0.325024
0.323589
0.286228
0.267164
0.212751
0.307003
0.253247
0.358385
0.452234
0.290728
0.324170
0.322488
0.363850
0.223742
0.441278
0.268446
0.424270
0.323601
0.271665
0.280753
0.272548
0.467861
0.291626
0.417977
0.749940
0.148811
0.459633
0.275499
0.422524
0.451360
0.301546
0.569872
0.292221
0.492525
0.622066
0.223450
0.422601
0.613552
0.413700
0.327596
0.152513
0.389439
0.324721
0.297517
0.563397
0.327791
0.377121
0.260910
0.276990
0.499649
0.388643
0.411220
0.422288
0.333808
0.152246
0.265889
0.351099
0.235493
0.477641
0.222434
0.295677
0.223937
0.320955
0.294112
0.343644
0.341806
0.250210
0.622725
0.212714
0.212889
0.493989
0.319103
0.404065
0.187355
0.373705
0.231009
0.310405
0.203712
0.466463
0.231224
0.334951
0.394145
0.371384
0.228684
0.317051
0.331094
0.617049
0.262342
0.237668
0.301880
0.363362
0.213829
0.237738
0.371337
0.465814
0.445495
0.250634
0.250506
0.405904
0.403030
0.162189
0.247320
0.717367
0.279501
0.269782
0.568334
0.448644
0.339537
0.357503
0.223594
0.195342
0.388708
0.444178
0.249805
0.195111
0.442931
0.271680
0.250337
0.268785
0.243154
0.351957
0.216015
0.289675
0.291507
0.262012
0.281363
0.253295
0.484373
0.371643
0.372196
0.358036
0.400620
0.265758
0.347837
0.303978
0.154086
0.264429
0.356766
0.255231
0.257610
0.372609
0.277557
0.332825
0.164682
0.212714
0.439212
0.324085
0.395272
0.240113
0.194827
0.408151
0.308305
0.451929
0.261194
0.290923
0.203912
0.252811
0.613360
0.374085
0.445771
0.302414
0.338829
0.460974
0.269823
0.242166
0.759567
0.206384
0.362896
0.196785
0.599397
0.346961
0.311327
0.423710
0.379838
0.358540
0.718376
0.351988
0.229293
0.317768
0.403781
0.334921
0.281375
0.200305
0.632329
0.332097
0.612003
0.153708
0.477871
0.512521
0.680710
0.204575
0.332360
0.330480
0.200329
0.423598
0.271481
0.648885
0.286283
0.333325
0.447157
0.346950
0.273187
0.291327
0.522499
0.292459
0.352732
0.535724
0.361802
0.388481
0.321316
0.277236
0.403275
0.292504
0.289915
0.441183
0.239910
0.371118
0.267363
0.442663
0.422097
0.490345
0.216086
0.285111
0.386841
0.342418
0.324406
0.358270
0.251604
0.240778
0.398575
0.328221
0.424014
0.311430
0.200675
0.201836
0.207915
0.269128
0.290307
0.232315
0.284445
0.361652
0.346180
0.277496
0.381031
0.147350
0.321715
0.248492
0.474291
0.451897
0.404955
0.356629
0.249953
0.278038
0.594842
0.151723
0.399022
0.333884
0.286450
0.230842
0.206901
0.309372
0.349301
0.809094
0.385933
0.226428
0.285519
0.312277
0.097683
0.256292
0.336535
0.343080
0.357432
0.278735
0.243551
0.244405
0.295179
0.171116
0.164480
0.443516
0.377345
0.432312
0.276656
0.660594
0.289974
0.196558
0.204727
0.123399
0.281252
0.442099
0.306634
0.377816
0.150044
0.353469
0.226969
0.382216
0.349244
0.177350
0.274476
0.405911
0.460674
0.437579
0.145071
0.599152
0.239662
0.359373
0.357421
0.188804
0.381665
0.384320
0.574084
0.424816
0.587536
0.420616
0.212824
0.458634
0.382560
0.315670
0.374566
0.465544
0.266047
0.223480
0.295755
0.381185
0.424771
0.387283
0.357180
0.194174
0.364944
0.205489
0.156717
0.317520
0.810601
0.532211
0.286125
0.218912
0.325652
0.419648
0.630750
0.258006
0.327243
0.428031
0.326206
0.625197
0.386946
0.430412
0.466371
0.355244
0.380335
0.560591
0.404530
0.333813
0.309478
0.418773
0.322574
0.262894
0.218663
0.247232
0.336440
0.385614
0.333831
0.252104
0.258547
0.507178
0.405897
0.231895
0.340582
0.331730
0.301107
0.202185
0.137268
0.237937
0.242278
0.429318
0.226510
0.399024
0.214317
0.320058
0.210105
0.185839
0.241972
0.283498
0.417926
0.469409
0.157460
0.274633
0.263708
0.343739
0.293546
0.194134
0.366436
0.271724
0.628360
0.258854
0.637256
0.682752
0.453159
0.179799
0.455813
0.462162
0.645786
0.458356
0.204733
0.334431
0.252301
0.462651
0.318830
0.316439
0.493312
0.446858
0.372457
0.326669
0.572860
0.284431
0.171264
0.422847
0.294963
0.334373
0.333322
0.466306
0.343416
0.424771
0.262771
0.447757
0.578234
0.348745
0.291253
0.471397
0.463578
0.523223
0.445532
0.504314
0.420606
0.531675
0.239572
0.401295
0.466284
0.243469
0.347158
0.317931
0.821570
0.448836
0.255310
0.166377
0.356146
0.333981
0.285506
0.203753
0.225453
0.485618
0.245775
0.158402
0.188596
0.221583
0.446533
0.192043
0.476070
0.174609
0.374302
0.192243
0.372481
0.175212
0.218244
0.409289
0.329408
0.518048
0.215233
0.639452
0.450665
0.352278
0.226730
0.193424
0.448184
0.192072
0.418736
0.218528
0.436262
0.443265
0.594899
0.408743
0.680187
0.234731
0.235202
0.216117
0.303068
0.298797
0.541151
0.519627
0.575343
0.162246
0.209551
0.245913
0.231024
0.451668
0.315510
0.206679
0.381913
0.523197
0.280199
0.228126
0.325387
0.241333
0.395378
0.229483
0.340052
0.443630
0.203798
0.561333
0.291640
0.217632
0.342938
0.294109
0.340764
0.351759
0.222474
0.316962
0.366078
0.500768
0.273411
0.284456
0.286754
0.647466
0.390743
0.247177
0.304066
0.255141
0.283662
0.314324
0.319324
0.236123
0.208067
0.302487
0.220808
0.357376
0.572687
0.219226
0.466191
0.427602
0.702527
0.210429
0.351595
0.277624
0.165332
0.275386
0.494604
0.399002
0.275326
0.362954
0.265182
0.345085
0.326882
0.669772
0.285985
0.378905
0.493544
0.317034
0.348519
0.561951
0.630525
0.261935
0.515028
0.433181
0.353785
0.359420
0.281802
0.285456
0.493912
0.290976
0.315109
0.573402
0.416612
0.387248
0.232038
0.266341
0.473584
0.701943
0.367123
0.316647
0.106268
0.201811
0.259465
0.283043
0.291202
0.469901
0.327168
0.393242
0.404522
0.281541
0.252876
0.463565
0.387812
0.269826
0.286519
0.272027
0.151575
0.256325
0.255451
0.195892
0.229990
0.188942
0.313315
0.173026
0.539559
0.425024
0.371118
0.536364
0.300535
0.426145
0.124033
0.139018
0.152735
0.193855
0.513166
0.435562
0.318429
0.339761
0.312540
0.260522
0.538128
0.388139
0.458889
0.363059
0.241485
0.247570
0.348450
0.431134
0.225044
0.389835
0.157969
0.370624
0.180132
0.379403
0.339347
0.214408
0.494139
0.229517
0.380313
0.305612
0.315944
0.282954
0.251356
0.152029
0.688669
0.146881
0.297143
0.235124
0.196924
0.258666
0.220277
0.159976
0.348273
0.282160
0.194491
0.302762
0.227097
0.153196
0.154377
0.258746
0.148128
0.323331
0.222354
0.304038
0.336717
0.159190
0.108316
0.272702
0.240506
0.345611
0.160011
0.255524
0.482713
0.468161
0.223709
0.196624
0.258172
0.173725
0.482546
0.256601
0.326467
0.338285
0.251205
0.190544
0.223445
0.252921
0.225728
0.271004
0.319611
0.272048
0.308093
0.318646
0.282469
0.231697
0.372884
0.220261
0.307413
0.434053
0.252742
0.541436
0.233642
0.263629
0.244859
0.277692
0.471699
0.377825
0.269963
0.182304
0.255230
0.494896
0.400664
0.613707
0.427154
0.395054
0.336408
0.202354
0.422698
0.669498
0.480131
0.192677
0.206326
0.371189
0.589235
0.391267
0.333723
0.183127
0.296931
0.231064
0.158828
0.305694
0.251056
0.222893
0.192542
0.167296
0.227750
0.180373
0.376235
0.360452
0.437736
0.225641
0.176898
0.318125
0.199151
0.254900
0.372773
0.415240
0.322556
0.463511
0.138416
0.208719
0.488566
0.262269
0.462933
0.311217
0.366325
0.239204
0.440050
0.274631
0.222306
0.213815
0.208420
0.261049
0.539579
0.213574
0.157898
0.382824
0.178090
0.348800
0.264275
0.300714
0.363270
0.212994
0.295305
0.292699
0.131192
0.318973
0.254433
0.337275
0.237079
0.207524
0.342534
0.462109
0.154802
0.441632
0.834181
0.380783
0.437323
0.176140
0.271784
0.529394
0.353277
0.439751
0.281494
0.393566
0.422836
0.203045
0.420927
0.448470
0.368928
0.515225
0.245279
0.306274
0.333244
0.340877
0.202188
0.592320
0.446186
0.387359
0.396521
0.424347
0.637781
0.413716
0.527147
0.283916
0.464363
0.243812
0.220480
0.344267
0.307696
0.316274
0.512799
0.290407
0.499883
0.303870
0.296837
0.372233
0.308740
0.257857
0.624558
0.342270
0.247550
0.318685
0.356575
0.237434
0.245559
0.302448
0.255316
0.263713
0.175770
0.268586
0.278093
0.202229
0.314972
0.375420
0.396177
0.224754
0.232531
0.243201
0.274450
0.287987
0.176236
0.199496
0.276661
0.375213
0.520749
0.410061
0.214186
0.280396
0.212437
0.376530
0.434646
0.179169
0.322273
0.275177
0.332382
0.319470
0.213541
0.289268
0.333199
0.253066
0.341650
0.304999
0.140702
0.229589
0.462379
0.188180
0.295397
0.272934
0.292009
0.486387
0.192018
0.251121
0.434018
0.241049
0.290993
0.386960
0.375325
0.262907
0.137984
0.321719
0.192008
0.263931
0.222222
0.224623
0.219040
0.316761
0.241650
0.156990
0.155778
0.283785
0.204307
0.134543
0.238070
0.219458
0.508153
0.416954
0.220826
0.260334
0.357769
0.452845
0.281967
0.344671
0.295233
0.225231
0.232332
0.134221
0.326723
0.190465
0.207425
0.256153
0.301287
0.169828
0.271235
0.094034
0.169055
0.293936
0.195922
0.274367
0.192088
0.326807
0.231827
0.173289
0.234477
0.379300
0.241908
0.170556
0.286161
0.326540
0.328289
0.534388
0.184424
0.318896
0.242473
0.234615
0.314573
0.318856
0.226753
0.295748
0.467425
0.375873
0.234471
0.288188
0.360096
0.468955
0.588214
0.260574
0.409321
0.443700
0.302942
0.242404
0.332372
0.546846
0.551444
0.198913
0.230573
0.269083
0.360001
0.274529
0.220482
0.186548
0.228536
0.241617
0.258442
0.302656
0.642562
0.301198
0.517817
0.217109
0.123848
0.336626
0.382179
0.232748
0.204788
0.263951
0.572082
0.525912
0.410923
0.255245
0.555839
0.215571
0.366324
0.457631
0.315212
0.249199
0.365419
0.723402
0.212028
0.344228
0.207606
0.461517
0.448710
0.294528
0.248082
0.312571
0.527146
0.412866
0.325482
0.490002
0.330260
0.354038
0.340250
0.403601
0.247514
0.477746
0.303968
0.316768
0.139060
0.259453
0.327850
0.307284
0.221871
0.299606
0.275615
0.467166
0.462902
0.336251
0.132327
0.216928
0.241219
0.383827
0.299263
0.241294
0.251083
0.345044
0.358718
0.956672
0.155598
0.099087
0.182926
0.486032
0.231807
0.230173
0.372579
0.405876
0.180498
0.148823
0.163387
0.434702
0.339491
0.298998
0.440184
0.217781
0.473663
0.265927
0.168560
0.310084
0.568869
0.102488
0.333311
0.514412
0.260940
0.348502
0.197751
0.161537
0.361663
0.358113
0.139470
0.303634
0.144948
0.246471
0.374800
0.647621
0.285417
0.207400
0.175273
0.168362
0.597245
0.295299
0.192947
0.385579
0.473393
0.300449
0.168607
0.178558
0.391296
0.372273
0.265333
0.263212
0.255914
0.151468
0.330905
0.279240
0.114298
0.189172
0.131100
0.181268
0.287099
0.142643
0.270751
0.213550
0.166147
0.263025
0.174404
0.278838
0.117942
0.300560
0.405738
0.128668
0.293897
0.184563
0.428513
0.211908
0.139719
0.411953
0.253742
0.223141
0.252076
0.139143
0.310101
0.299708
0.241025
0.224902
0.224087
0.337864
0.298361
0.722212
0.248053
0.189307
0.313770
0.506098
0.236068
0.281819
0.281972
0.240738
0.297211
0.205182
0.395473
0.172028
0.416791
0.520189
0.298923
0.372735
0.273746
0.785797
0.229481
0.362753
0.259413
0.375114
0.252546
0.354812
0.184310
0.568558
0.981791
0.296207
0.187815
0.240865
0.249686
0.218050
0.338736
0.234174
0.309262
0.233618
0.359290
0.173928
0.254134
0.275474
0.289516
0.180171
0.138429
0.202987
0.269903
0.252670
0.281590
0.246064
0.173828
0.213177
0.596772
0.211799
0.420947
0.324729
0.186208
0.235880
0.171474
0.416515
0.256441
0.154715
0.268250
0.125878
0.384882
0.336699
0.198670
0.234361
0.192161
0.362398
0.278426
0.341123
0.385788
0.210746
0.354328
0.322089
0.160868
0.396709
0.446932
0.380355
0.436125
0.244330
0.168090
0.327977
0.195812
0.193376
0.265590
0.222698
0.387723
0.382151
0.191100
0.200455
0.241135
0.210953
0.337416
0.308722
0.368184
0.214173
0.254396
0.274604
0.185408
0.608496
0.444120
0.178370
0.458312
0.363461
0.197127
0.337719
0.267897
0.263243
0.170908
0.333393
0.437202
0.237481
0.500148
0.586297
0.315800
0.212559
0.295977
0.430833
0.395724
0.577002
0.204484
0.559402
0.501102
0.491194
0.253754
0.374145
0.409004
0.548066
0.197301
0.424565
0.695540
0.412101
0.457200
0.480298
0.221227
0.311340
0.379427
0.371619
0.294910
0.213336
0.249916
0.169073
0.293042
0.162562
0.444150
0.185612
0.414939
0.298720
0.217924
0.259623
0.193053
0.179887
0.106274
0.488125
0.340638
0.180617
0.298342
0.254276
0.236565
0.263730
0.239111
0.429689
0.205194
0.424746
0.151262
0.192736
0.140193
0.282088
0.248393
0.256853
0.286228
0.164811
0.244557
0.319652
0.538357
0.183936
0.167724
0.239026
0.121406
0.195722
0.143539
0.561246
0.175806
0.395552
0.260511
0.179353
0.229648
0.369267
0.375601
0.253359
0.645823
0.259093
0.142942
0.275644
0.177618
0.397956
0.432429
0.415021
0.283945
0.417256
0.184293
0.427375
0.212216
0.323970
0.446085
0.334079
0.450031
0.275002
0.245176
0.422843
0.475243
0.412715
0.243661
0.217567
0.449057
0.272674
0.268555
0.283650
0.495097
0.264159
0.154450
0.241822
0.523453
0.294608
0.292056
0.357444
0.182861
0.425468
0.297840
0.294993
0.240569
0.320452
0.343001
0.233276
0.278379
0.221517
0.202876
0.348808
0.207681
0.300034
0.180595
0.331393
0.361633
0.450821
0.355580
0.333313
0.422084
0.311690
0.208474
0.173255
0.228812
0.269094
0.414522
0.728068
0.367463
0.402923
0.437064
0.297679
0.538081
0.388748
0.761252
0.328857
0.270480
0.322282
0.384095
0.242718
0.353339
0.452713
0.165997
0.451365
0.301173
0.391799
0.219857
0.233931
0.349137
0.390424
0.381950
0.383423
0.206227
0.185591
0.147989
0.389533
0.288170
0.274217
0.254678
0.310766
0.158470
0.377424
0.428566
0.508554
0.338616
0.302365
0.270905
0.457378
0.347709
0.177182
0.139406
0.332004
0.412714
0.255901
0.211086
0.357447
0.531923
0.322240
0.257176
0.290174
0.439771
0.161305
0.337767
0.207712
0.355111
0.192133
0.267745
0.166716
0.352581
0.651004
0.232183
0.078904
0.549695
0.213002
0.551891
0.132656
0.091486
0.369006
0.164138
0.319345
0.247191
0.390941
0.231170
0.282181
0.276307
0.450637
0.546948
0.799484
0.217067
0.144894
0.401042
0.841087
0.663206
0.329271
0.226125
0.158511
0.410124
0.186192
0.137515
0.235932
0.187510
0.215716
0.311753
0.332561
0.293196
0.224497
0.189624
0.302283
0.212171
0.284268
0.241329
0.172644
0.098495
0.204331
0.283186
0.539936
0.119788
0.387275
0.053641
0.156224
0.323848
0.181435
0.298865
0.299780
0.206297
0.366986
0.316990
0.372849
0.300602
0.418781
0.788664
0.512131
0.156633
0.329376
0.502093
0.269682
0.282982
0.340712
0.425432
0.223191
0.160777
0.257303
0.327888
0.514536
0.295548
0.181847
0.331341
0.176711
0.192747
0.248075
0.312882
0.145943
0.414949
0.399666
0.215366
0.214201
0.341785
0.190352
0.141964
0.169488
0.527933
0.266507
0.345388
0.376976
0.348825
0.232221
0.288975
0.129215
0.303804
0.306291
0.376824
0.304170
0.111451
0.217454
0.306887
0.238481
0.129267
0.158341
0.211286
0.233209
0.125898
0.263282
0.180135
0.198155
0.234447
0.125018
0.414803
0.198557
0.348676
0.258003
0.208735
0.300556
0.285668
0.529884
0.282244
0.227588
0.329311
0.232152
0.258675
0.357851
0.242473
0.300370
0.327344
0.368890
0.271798
0.247319
0.317305
0.413280
0.124472
0.210221
0.203915
0.155300
0.260063
0.337686
0.307484
0.133210
0.272624
0.347339
0.240350
0.128338
0.430775
0.292458
0.283311
0.258124
0.229960
0.414850
0.137621
0.103715
0.281137
0.311768
0.114126
0.159646
0.489136
0.480850
0.352919
0.250519
0.134258
0.236593
0.306116
0.519357
0.213605
0.442259
0.424556
0.291113
0.251700
0.322878
0.164658
0.344292
0.212677
0.098112
0.208615
0.363365
0.184989
0.196425
0.283848
0.230420
0.239359
0.359044
0.299067
0.387051
0.452630
0.628152
0.326363
0.237674
0.221873
0.331028
0.261995
0.631356
0.308786
0.184425
0.376664
0.428586
0.298262
0.308790
0.285879
0.196229
0.350297
0.279142
0.309170
0.339659
0.329581
0.500334
0.375006
0.348841
0.321921
0.335932
0.242047
0.559667
0.579823
0.252718
0.369539
0.153400
0.371540
0.289680
0.272678
0.226055
0.205704
0.184609
0.217644
0.088460
0.196056
0.192285
0.215523
0.240536
0.326519
0.278550
0.283169
0.318852
0.132105
0.147156
0.233793
0.336024
0.200727
0.572633
0.201891
0.607939
0.441568
0.498870
0.218276
0.235393
0.199328
0.662549
0.463621
0.289848
0.180614
0.335652
0.303907
0.181305
0.313598
0.206486
0.352983
0.211744
0.433992
0.233202
0.255682
0.273000
0.159074
0.227358
0.202777
0.332473
0.551090
0.221462
0.236244
0.352635
0.187743
0.625114
0.203059
0.324879
0.226600
0.319817
0.145375
0.405278
0.163805
0.219337
0.137936
0.424554
0.330721
0.144587
0.221268
0.311648
0.383741
0.319551
0.225622
0.405806
0.251940
0.452857
0.325613
0.200947
0.239097
0.178899
0.169958
0.238774
0.300282
0.349973
0.278941
0.479845
0.399935
0.342324
0.446764
0.192591
0.320599
0.263455
0.266300
0.463986
0.286004
0.180007
0.659182
0.204109
0.396124
0.495892
0.754878
0.221362
0.263799
0.444717
0.140566
0.174500
0.439451
0.472272
0.482344
0.275720
0.359573
0.314827
0.267145
0.325218
0.267812
0.293420
0.634256
0.280535
0.264109
0.479680
0.266959
0.243249
0.407362
0.397665
0.391905
0.232077
0.558824
0.497166
0.427350
0.275888
0.245257
0.319740
0.335349
0.373286
0.515928
0.459308
0.305962
0.269276
0.170689
0.337461
0.414404
0.491852
0.192931
0.231740
0.155034
0.308641
0.419245
0.202220
0.139341
0.211593
0.443599
0.495358
0.321267
0.352998
0.301370
0.230517
0.297340
0.170937
0.502898
0.348470
0.223114
0.190209
0.499168
0.289931
0.360270
0.326355
0.576985
0.245515
0.474592
0.342297
0.328681
0.201900
0.106190
0.216876
0.274162
0.164296
0.286143
0.119210
0.235411
0.142348
0.176354
0.232205
0.249020
0.105437
0.247481
0.154276
0.326607
0.087458
0.347864
0.286719
0.273840
0.281201
0.371666
0.109569
0.112746
0.467800
0.426794
0.156247
0.336838
0.095413
0.171100
0.364368
0.423024
0.110399
0.126740
0.189817
0.130704
0.407828
0.279638
0.354894
0.201532
0.142919
0.131997
0.246231
0.203180
0.282198
0.212845
0.211002
0.339426
0.263845
0.218443
0.051473
0.392082
0.104736
0.221630
0.267719
0.381216
0.168208
0.539206
0.299462
0.068298
0.384251
0.197327
0.427011
0.280672
0.324088
0.415837
0.235296
0.115168
0.221625
0.372416
0.376472
0.488795
0.319932
0.198451
0.125602
0.406181
0.156549
0.396174
0.391873
0.283909
0.191483
0.620439
0.230308
0.105353
0.342244
0.219572
0.189851
0.255817
0.230209
0.194215
0.569244
0.152852
0.285040
0.135155
0.199297
0.249903
0.121587
0.306169
0.226493
0.222868
0.188589
0.145260
0.316163
0.165466
0.380508
0.322840
0.075796
0.146073
0.189897
0.210719
0.402136
0.302185
0.127535
0.310498
0.229875
0.181232
0.268418
0.150136
0.161939
0.200946
0.238308
0.476638
0.157658
0.222549
0.305945
0.234050
0.097560
0.228843
0.371720
0.320769
0.328852
0.130768
0.291701
0.124931
0.296238
0.268864
0.282981
0.268124
0.417787
0.119373
0.221197
0.170772
0.160015
0.276870
0.139567
0.230438
0.529103
0.373404
0.248557
0.223565
0.328303
0.263506
0.326374
0.149328
0.398098
0.332723
0.590378
0.234600
0.318369
0.215185
0.360205
0.237637
0.197806
0.257982
0.282709
0.332354
0.197710
0.321427
0.350081
0.255205
0.211208
0.247459
0.258959
0.089715
0.194246
0.114553
0.201793
0.229591
0.297682
0.155369
0.454660
0.261512
0.294813
0.315252
0.155606
0.379527
0.410716
0.339267
0.299825
0.373636
0.393743
0.791870
0.606428
0.209683
0.586670
0.132497
0.195857
0.231061
0.384822
0.387981
0.380556
0.336136
0.283687
0.577327
0.317135
0.254088
0.386832
0.342594
0.234428
0.192342
0.295301
0.190296
0.237549
0.262276
0.193252
0.290224
0.511209
0.256406
0.483662
0.320188
0.241545
0.329256
0.239094
0.297491
0.204870
0.247592
0.120944
0.273129
0.308921
0.185181
0.307123
0.236043
0.336158
0.257816
0.417386
0.284564
0.246281
0.131212
0.293132
0.322277
0.471979
0.389989
0.245010
0.376403
0.383597
0.266822
0.586274
0.261444
0.415559
0.448035
0.421492
0.546163
0.419676
0.208181
0.256217
0.156330
0.283168
0.312147
0.215760
0.321937
0.260439
0.219751
0.195812
0.254711
0.375558
0.228906
0.233132
0.170999
0.323697
0.236561
0.340081
0.267571
0.319036
0.280639
0.195642
0.221082
0.237326
0.264047
0.273013
0.337091
0.304540
0.323032
0.118524
0.351598
0.174689
0.458064
0.182121
0.276266
0.232702
0.418405
0.263666
0.304505
0.119213
0.290788
0.238012
0.133187
0.294996
0.181650
0.163183
0.248784
0.242949
0.264401
0.253407
0.196727
0.110502
0.427455
0.201759
0.326771
0.294856
0.163663
0.264463
0.226190
0.122294
0.162836
0.284823
0.580956
0.262370
0.266788
0.285954
0.240323
0.253419
0.360018
0.170200
0.250580
0.229338
0.386227
0.666307
0.572077
0.176201
0.267166
0.436647
0.265197
0.106825
0.176367
0.521416
0.506650
0.357784
0.261997
0.248888
0.251621
0.244893
0.315446
0.241475
0.223512
0.233512
0.255868
0.163890
0.470443
0.373983
0.252772
0.320308
0.246885
0.416255
0.362099
0.564103
0.301227
0.199460
0.173801
0.371915
0.377488
0.469961
0.221266
0.297896
0.421898
0.376626
0.360412
0.163841
0.460849
0.217563
0.401070
0.401757
0.206885
0.310175
0.299764
0.370462
0.631661
