2.149934
6.156971
3.189279
3.372104
3.607858
2.427532
2.487085
1.404267
1.578855
1.272622
0.927558
1.095904
2.367502
0.890267
0.909056
1.225223
1.316384
1.205849
1.411773
1.395335
1.000465
1.391900
1.999628
0.880577
1.287681
1.424790
1.537858
2.819600
1.936641
2.057203
3.661066
1.862854
1.492104
1.790318
2.013711
2.535617
2.750603
1.327022
1.526220
2.175794
1.717799
1.245072
1.375196
1.627170
1.334497
1.214973
1.205709
1.388416
1.396782
1.418262
1.277310
1.725587
1.115519
0.977044
1.662681
1.461554
1.034950
0.963159
1.432936
1.437786
1.519933
1.114744
0.912537
0.985380
1.346121
1.023690
0.990964
1.194130
1.400933
1.043710
1.451704
0.924734
1.400464
1.194394
1.530795
1.178400
1.042649
0.845338
1.265337
1.326965
0.790131
1.082657
1.223600
1.297424
1.100164
0.876538
1.452578
0.993346
1.008890
1.331206
0.973849
1.286980
1.364431
0.915485
1.185211
1.091298
1.081315
0.867928
1.034535
0.889949
2.093775
1.154037
1.092376
1.017856
1.320429
1.196512
1.128867
0.978013
0.818300
1.026050
0.973679
1.249887
0.826694
0.870869
0.608512
0.869065
0.935631
1.123831
1.100236
0.828549
0.987198
1.019356
1.693478
1.227844
0.847616
0.913714
0.882549
1.021780
1.235845
0.905158
0.837252
1.047979
1.156038
1.404710
0.797790
1.918636
1.168956
1.195153
0.985532
1.529281
0.927953
1.498728
1.119501
1.241096
1.124091
1.841773
1.472647
0.808641
1.266052
1.834204
0.960759
0.727136
0.861013
1.020118
1.743809
1.084166
0.859199
1.323758
0.825947
1.136256
1.156133
0.898851
1.062657
0.758925
1.023887
1.133222
1.316533
1.384841
1.116059
1.269508
1.829179
1.348229
1.084116
1.274783
1.157604
1.155099
1.235690
1.017817
1.191544
0.872134
1.008634
0.631076
1.189227
1.248793
0.890826
1.056319
0.926745
1.369873
0.861778
1.005642
1.313664
1.027342
1.446131
1.142011
1.214474
0.780700
1.218160
1.708179
1.115054
0.973206
0.794427
1.819223
0.844963
0.666525
0.842587
1.119354
1.251579
1.047308
0.913067
0.854924
0.719732
0.676473
0.885497
1.121236
1.143078
0.814435
0.941710
0.727906
1.018850
1.290844
1.064818
1.179477
1.379235
1.588212
1.078011
0.807592
1.283717
1.977333
1.135627
1.189537
1.315413
0.881338
1.136436
0.996959
1.366163
0.845435
0.884567
1.123983
0.946109
1.782230
1.116746
1.403187
0.903428
1.065453
1.687660
1.244020
0.890238
1.147924
0.699221
1.647932
1.212190
0.659600
0.869142
0.957583
0.825210
0.866368
0.849714
1.067457
0.691579
0.828383
1.184470
0.939618
1.030802
0.850245
1.025447
1.483543
0.839632
0.920066
1.000320
0.817321
0.952066
0.640241
1.226637
0.789394
0.608112
0.879001
1.290477
0.530033
0.941733
1.320833
0.925228
0.761451
1.039374
0.982366
0.832891
0.935319
0.792173
0.530348
0.943918
0.535544
0.950506
1.144138
0.907631
0.959545
0.974809
0.560646
0.866256
0.886692
1.229521
1.054136
0.632273
0.781258
0.649352
0.796235
0.844558
0.824871
1.120543
0.842555
0.938928
1.441214
0.795761
0.838503
0.837271
0.738066
0.722753
1.018019
0.835257
0.974082
0.768140
1.237771
1.005450
0.773246
0.782673
0.796897
1.116030
0.861272
0.860545
1.170499
0.544975
0.843508
1.045153
0.962611
0.969148
1.072751
0.828085
0.976499
0.770104
0.896457
0.951751
1.024155
0.534813
0.762213
1.084948
1.075425
0.992575
0.660659
0.772330
0.957585
0.646754
0.895863
0.797005
1.164532
1.026344
1.119420
0.691803
1.238565
1.244959
1.390334
1.124297
1.090513
1.220694
1.292151
1.173456
1.062287
0.984289
1.203501
0.573963
0.779169
0.693705
0.729814
0.880020
0.665713
0.784633
0.752020
0.994961
0.910450
0.736393
1.193539
0.659758
1.410620
0.593641
1.282494
0.683221
0.916608
0.699614
0.964173
0.741864
0.724626
1.233168
0.828604
0.783695
1.200335
1.070792
0.897485
0.867324
0.605220
0.445469
0.510658
0.763957
0.899663
1.003326
1.058976
0.837314
0.742173
0.938908
1.036823
0.784288
0.516222
0.797411
0.970756
0.639074
0.704043
1.012931
0.666105
0.930013
0.704893
0.546762
0.689447
0.940113
1.176356
1.168381
0.489966
1.045419
0.964223
0.898890
0.831503
0.750683
0.789334
0.942354
0.893816
1.282658
0.897668
1.403131
0.816015
0.926049
0.859093
0.680241
0.586428
0.956348
0.638352
1.368671
0.855525
1.048768
0.862960
0.797939
0.873902
0.772374
1.146786
0.991763
0.593340
0.907925
1.065845
0.923366
0.911185
0.901156
0.868093
0.986452
0.942027
0.799471
1.058119
0.623367
0.897302
0.591094
0.725303
0.635377
0.751845
0.938827
0.812994
0.917244
1.506060
0.751457
0.874653
0.981520
0.821742
0.882541
0.865895
0.906546
0.672847
1.491271
0.869592
0.727216
0.817497
0.746869
1.076075
0.995173
0.836398
0.855474
0.806523
1.014937
0.664894
0.627564
0.904737
0.963822
0.814369
0.634004
0.734860
0.969070
0.721254
0.859672
0.897978
0.674553
0.868570
0.701835
1.141109
0.687800
1.096425
0.893704
0.888243
0.919691
0.974698
0.997056
0.773806
0.594213
1.317169
0.688010
0.623393
1.049304
1.343210
0.520352
0.680680
0.924361
0.783448
0.706214
0.642652
0.919747
0.664613
0.869412
1.035347
0.827480
0.775799
0.775776
0.692228
0.834607
1.075526
0.748442
0.692844
1.014488
0.806108
0.458276
0.636271
0.783311
0.729896
0.855199
0.826573
0.806802
0.554565
0.765638
0.821856
1.096058
1.091382
0.767741
0.936195
0.652908
0.999972
1.255476
1.151299
0.918670
0.873134
1.077756
0.875199
0.930206
0.936254
0.841229
1.389193
0.748746
1.362254
0.956715
0.732462
0.796455
0.917688
0.693539
0.532173
0.936394
0.853564
0.714181
0.991344
0.786093
0.720733
0.740180
0.857885
0.906682
0.568851
0.845973
0.768657
0.951710
0.889757
0.729560
0.605463
0.668653
1.181512
0.895749
0.946234
0.882939
0.902500
0.789803
0.879987
1.021091
0.663399
0.924829
0.900201
0.919907
1.004420
0.784976
0.836213
1.178619
0.898803
0.596004
1.029570
0.860184
0.519279
1.048360
0.910455
0.523065
0.752097
0.868920
0.636537
0.813085
0.651868
0.781535
1.287003
0.928897
0.918864
0.940919
0.751268
0.670444
1.247806
1.041565
0.909440
0.721485
1.066216
0.836729
1.406351
1.020444
1.450324
0.665350
0.692305
0.675774
0.866620
0.876208
0.848786
0.613868
0.590325
0.631619
0.709873
0.856784
0.536793
0.607197
0.755371
0.740473
0.803143
0.731335
0.579444
0.690144
0.606150
0.540897
0.903737
0.771490
0.645527
0.896464
1.195174
0.760309
1.040385
0.671327
0.594067
0.630479
0.536401
0.511479
0.687528
0.605363
0.776017
0.795918
0.622522
0.717619
0.728978
1.019332
0.757836
0.511441
0.612516
0.713776
0.763117
0.860109
0.657398
1.054787
0.823096
0.764489
0.569245
0.603205
0.931984
0.773863
1.048017
0.950336
1.025354
0.659807
1.486638
0.892540
0.774239
0.823577
0.924629
1.120787
0.813170
0.617850
0.679106
0.755789
1.046184
0.872226
0.551998
0.688680
0.642880
0.625053
0.712206
0.602434
0.622657
0.864515
0.685342
0.434270
0.523692
0.587248
0.843649
0.790963
0.748121
0.682818
0.897486
0.509474
0.548311
0.669343
0.718474
0.632175
0.900947
0.637203
0.751257
0.879404
0.893463
0.644717
0.547802
0.672208
0.701771
1.099449
0.853541
0.886399
0.831760
0.675580
0.502080
0.608795
0.597425
0.959227
1.123314
0.676105
0.742245
0.904208
0.770385
1.072665
0.959268
0.666613
0.677292
0.562684
0.771240
0.915423
1.629190
0.867244
0.669007
0.792904
0.959382
0.802401
1.116603
0.955060
0.870085
0.689659
0.962526
0.985224
0.600291
0.782690
0.790712
0.672607
0.868749
0.960197
0.613611
1.092584
0.811934
0.853970
0.915953
0.773017
1.028171
0.453303
0.424688
0.604153
0.886598
0.958039
0.717775
0.798296
0.457689
1.038611
0.836828
0.779789
0.814994
1.060594
0.865317
0.572690
0.524456
0.859535
0.947625
0.620005
0.592412
0.418507
0.679778
0.746505
0.683756
0.926435
0.878108
0.552237
0.584195
0.844672
0.972814
0.690110
0.914506
0.602841
0.546713
0.864021
0.780167
0.645815
0.764737
0.974962
0.931129
0.970371
0.582865
0.901811
1.077487
0.807513
1.012763
0.778192
0.910796
0.872298
0.811954
0.786879
0.746927
0.919853
0.630631
0.798347
0.649017
0.545125
0.620424
0.743067
0.514754
0.690340
0.890700
0.772429
1.042865
0.735238
0.589148
0.423149
0.876115
0.503049
0.547570
1.035874
0.813029
0.668393
0.778391
0.501603
0.777135
0.816605
0.799365
0.972107
0.771482
0.420747
0.978275
0.913325
0.699689
0.883556
0.717444
1.355168
0.998907
0.696616
0.558219
0.506526
0.534876
0.767001
0.457647
0.611288
0.618680
0.507313
0.977027
0.455137
0.556360
1.090217
0.655414
0.574507
0.612407
1.061584
1.037824
0.616927
0.893273
0.683337
1.234955
0.821549
1.235413
0.934208
0.732649
0.613957
1.069857
0.799821
0.945201
0.596186
0.789935
0.923805
0.527847
1.224251
0.603723
0.742353
1.059650
0.652521
0.763415
0.684939
0.591174
0.877741
0.788676
0.878957
0.652991
0.709733
0.767814
0.560024
0.439645
0.500986
1.149699
0.787464
0.653258
0.598967
0.638347
0.634791
0.680413
0.793116
0.507323
0.853111
1.042666
0.868768
0.653008
0.962373
1.004714
0.935463
0.628666
0.968676
1.039897
1.105689
0.605710
0.762934
0.571525
0.631450
0.684980
0.511225
1.067405
0.627465
0.895959
0.757607
0.671599
1.026355
0.549098
0.619591
0.471790
0.827790
0.571428
0.698569
0.521489
0.524553
0.641262
0.566636
0.590493
1.054587
0.643637
0.637399
0.797332
0.431423
0.658721
0.830883
0.541182
0.516936
0.757716
0.714403
0.624418
0.663314
0.942937
0.570570
0.840355
0.641305
0.592653
0.833577
1.075595
0.825482
1.009294
0.540799
0.562630
0.516638
0.661888
1.265818
0.507990
0.457310
0.515560
0.640716
0.699385
0.570010
0.638788
0.667512
0.731680
0.923722
0.884192
0.649166
0.931029
0.717388
0.765056
0.743710
0.414705
0.890945
0.552556
0.486347
0.580537
0.625032
0.547597
0.560476
0.709235
0.429707
0.949524
0.869810
0.915498
0.574465
0.729798
0.580265
0.634006
0.632625
0.793342
0.757309
0.414851
0.552530
0.598162
0.754840
0.721541
0.761234
0.830243
0.504749
0.478834
0.731911
0.829493
0.574055
0.765500
0.595569
0.628223
0.679261
0.641009
0.904935
0.714499
0.742734
0.497438
0.772347
0.503886
1.065895
0.632108
0.821714
0.579316
0.331193
0.714657
0.639356
0.750716
1.120378
0.907435
1.022318
0.602588
0.657558
0.589041
0.529093
1.016006
1.070592
0.641105
0.683469
0.751878
0.839814
0.686367
0.702856
0.725372
0.604088
0.903864
0.825131
0.534742
0.706184
0.734226
0.677463
0.857276
0.818432
0.369844
0.705804
0.634087
0.582161
0.843548
0.906058
0.647207
0.728065
0.746191
0.952072
0.468476
0.868909
0.593786
0.557680
0.474277
0.777726
0.606159
0.451313
0.574491
0.704842
0.777961
0.602098
0.532723
0.857646
0.682337
0.565760
0.555084
0.845028
0.657170
0.602014
1.136045
0.491334
0.540955
0.695279
0.895249
0.951905
0.737279
1.014814
0.722176
0.837879
0.580334
0.833459
0.571799
0.683692
0.663022
0.579112
0.596489
0.713252
0.729526
0.721334
0.873328
0.624342
0.514683
0.596665
0.767497
0.895789
0.534246
0.677980
0.731368
0.752270
0.921809
0.567379
0.552379
1.022697
0.691357
0.579469
0.565109
0.497603
0.585497
0.849932
0.475629
0.722756
0.689277
0.424559
0.594004
0.533636
0.834356
0.787422
0.436974
0.533539
0.664394
0.557300
0.508673
0.538588
0.757715
0.731751
0.548377
0.834670
1.034150
1.091043
0.674587
0.533027
0.487475
0.671379
0.661537
0.702481
0.574501
0.723914
0.444664
0.946000
0.574833
0.529716
0.944483
0.411883
0.731658
0.882312
0.611296
0.595874
0.924680
0.738126
0.559378
0.661832
0.512881
0.886456
0.569846
0.577144
0.483412
0.635484
0.537044
0.463272
0.825330
0.648114
0.487701
0.873315
1.109912
0.479329
0.669258
0.504702
0.823022
0.677896
0.598227
0.751420
0.650631
0.703381
0.914368
0.632720
0.652879
0.561111
0.655298
0.551989
0.813819
0.721456
0.406776
0.747884
0.626059
0.566146
0.519908
0.628826
0.466488
0.711940
0.568326
0.860484
0.761938
0.913092
0.813518
0.532843
0.606588
0.675117
0.932468
0.758614
0.939637
0.613144
0.766697
1.203456
1.349326
0.791252
0.844118
0.588091
0.618502
0.906903
0.427089
0.515986
0.729140
0.660396
0.708952
0.572777
0.955652
0.543022
0.764340
0.975066
0.837059
0.603632
1.039242
0.598519
0.725566
0.619674
0.944413
0.598214
0.730721
0.872750
0.729258
0.782061
0.742699
0.678706
0.495681
0.719653
0.796121
0.749328
0.947095
0.620483
0.700113
0.873625
0.658716
0.724593
0.539052
0.517184
0.491944
0.718390
0.542987
0.515947
0.597658
0.573992
0.427545
0.487265
0.663568
0.857205
0.645747
0.682358
0.593509
0.567009
0.496297
0.557568
0.742285
0.672769
0.421824
0.491539
0.381367
0.601332
0.981250
0.725273
0.505231
0.778672
0.545250
0.680543
0.696658
0.639766
0.742829
0.813514
0.736972
0.558832
1.317565
0.632437
0.444968
0.686245
0.744733
0.488760
0.458368
0.588515
0.502552
0.582660
0.720265
0.618395
0.532340
0.720328
0.501894
0.553192
0.749774
0.926108
0.615825
0.592725
0.976197
0.691006
0.647397
0.586023
0.574032
0.938080
0.892368
0.528070
0.523472
0.442662
0.448469
0.442902
0.328767
0.598100
0.484194
0.434338
0.576608
1.295673
0.566244
0.528209
0.821265
0.641632
0.554490
0.513689
0.846567
0.660090
0.883894
0.587751
0.797531
0.885985
0.668865
0.656768
0.568380
0.857858
0.797269
0.687471
0.545031
0.542826
0.847434
1.290273
0.806030
0.852352
0.708868
0.639641
0.933425
1.153374
0.621618
0.748436
0.503846
0.769554
0.613860
0.453645
1.212348
0.547060
0.618560
0.379275
0.640332
0.600003
0.836730
0.560759
0.563201
0.646556
0.630157
0.513713
0.521147
0.585626
0.748067
1.019780
0.844144
0.707071
0.546262
0.548900
0.668802
0.478701
0.951139
0.447187
0.687143
0.695001
0.570160
0.720428
0.513696
0.581188
0.616691
0.628081
0.605108
0.394642
0.389510
0.709414
0.586963
0.998048
0.606171
0.569377
1.023701
0.646808
0.635447
0.713738
0.508995
0.816797
1.129871
0.618228
0.502614
0.763707
0.984407
0.703722
0.658140
0.451364
0.529710
0.750420
0.765057
1.126663
0.794387
0.986088
0.492991
0.718734
0.447073
0.924167
0.908360
1.023994
0.725913
0.711646
0.645006
0.681755
0.702618
1.316539
0.915569
0.649011
1.069641
0.432433
0.833231
0.718559
0.633356
0.620188
1.007502
0.719750
0.987179
0.535583
0.934307
0.569290
0.669551
0.727104
0.853321
0.653477
0.729158
0.836990
0.942131
0.611033
1.147500
0.763028
0.742333
0.592449
0.446080
0.865439
0.637529
0.937413
0.420412
0.801165
0.588894
0.773452
0.563711
0.678429
0.654813
0.733212
0.752363
0.549888
0.648161
0.403754
0.717494
0.610907
0.767147
0.623509
0.770829
0.902650
0.663842
0.715137
0.544542
0.429502
1.023247
0.822005
0.719253
0.465463
0.899249
0.569957
0.402486
0.669178
0.566374
0.859372
0.762091
0.484353
0.663770
0.826286
0.663377
0.722879
0.596309
0.530882
0.619272
0.446150
0.566154
0.519526
0.701222
0.718135
0.917279
0.600856
0.504962
0.676519
0.524003
0.938626
0.645759
0.695688
0.445450
0.627114
0.678210
0.716422
0.573517
0.618007
0.539171
0.513100
0.511674
0.699688
0.499254
0.734844
0.931120
0.734947
0.460632
0.771322
0.745619
0.634001
0.661730
0.656490
0.423142
0.550526
0.735646
0.486214
0.904743
0.516666
0.724077
0.680116
0.589465
0.524717
0.414758
0.718012
0.593661
0.474072
0.605761
0.772584
0.378911
0.743347
0.823299
0.411194
1.101062
0.391198
0.481894
0.445855
0.737833
0.600625
0.507364
0.654102
0.513688
0.516535
0.490391
0.486368
0.743671
0.495534
0.469464
0.595913
0.351910
0.548914
0.430884
0.694472
1.121879
0.800596
0.542765
0.518446
0.371147
0.723054
0.526504
0.493819
0.566070
1.136947
0.489695
0.495294
0.508360
0.529631
0.594035
0.707570
0.414770
0.372065
0.546198
1.128926
0.622822
0.624314
0.430885
0.378121
0.762639
0.784424
0.507756
0.682703
0.544780
0.733229
0.625397
0.435617
0.975815
0.652844
0.492543
0.609422
0.740440
0.639863
0.668597
0.691980
0.746147
0.556577
0.700659
0.611255
0.607567
0.659604
0.607757
0.818587
0.545539
0.565088
0.385827
0.579510
0.406119
0.605400
0.554819
0.636537
0.326563
0.785661
0.759008
0.615665
0.796489
0.531931
0.749112
0.558818
0.499999
0.518079
0.716726
0.587062
0.616412
0.867938
0.585020
0.533309
0.544868
0.484321
0.398011
0.628966
0.743432
0.729561
0.549946
0.934921
0.644333
0.551463
0.572545
0.542315
0.457392
0.821662
0.380952
0.692715
0.462552
0.600400
0.431540
0.484467
0.428028
0.456809
0.482796
0.519871
0.430382
0.395780
0.505109
0.467836
0.539334
0.790936
0.552563
0.840291
0.590088
0.579448
0.446176
0.491175
0.651830
0.518023
0.611399
0.532075
0.497641
0.863466
0.900382
0.430873
0.737838
0.713122
0.613539
0.664711
0.480034
0.714523
0.752965
0.497885
0.491502
0.679684
0.491601
0.609393
0.503483
0.772475
0.756616
0.543953
0.780675
0.821227
0.929198
0.573896
0.515116
0.823947
0.377690
0.581569
0.470415
0.459289
0.829178
0.609035
0.491996
0.568895
0.513738
0.501853
0.487411
0.417200
0.971716
0.545027
0.606439
0.526200
0.335860
0.547758
0.726820
0.573484
0.433124
0.523370
0.546806
0.503212
0.675961
0.601372
0.775978
0.652049
0.528416
0.540549
0.525885
0.889447
0.534794
0.542666
0.495272
0.732166
0.597157
0.663110
0.620385
0.649339
0.613425
0.388907
0.569654
0.563917
0.616216
0.595501
0.692786
0.574797
0.500542
0.439571
0.645930
0.787368
0.508855
0.858772
0.922825
0.489159
0.693162
0.604017
0.510562
0.544015
0.568651
0.756114
0.825734
0.648834
0.847507
0.434075
0.764540
0.740246
0.692126
0.499812
0.633844
0.423956
0.518808
0.530304
1.010079
0.450978
0.541957
0.513132
0.591858
0.426873
0.454031
0.752928
0.737850
0.394810
0.550826
0.833905
0.763469
0.543837
0.652034
0.482977
0.430155
0.947037
0.426513
0.833622
0.469291
0.644166
0.571847
0.419140
0.366116
0.500140
0.640249
0.484087
0.615928
0.672853
0.560448
0.723020
0.642779
0.570263
0.408485
0.481320
0.690251
0.486080
0.545448
0.643548
0.699487
0.770233
0.695159
0.598573
0.465260
0.574482
0.656544
0.662367
0.552002
0.642324
0.516467
0.823206
0.603059
0.723727
0.611598
0.512834
0.735005
0.637079
0.534690
0.642309
0.462224
0.793922
0.416331
0.790576
0.664906
0.803454
0.493687
0.529918
0.530560
0.694374
0.577585
0.838201
0.492732
0.487960
0.617212
0.356925
0.496610
0.643211
0.468490
0.460322
0.603184
0.868282
0.828391
0.646739
0.467392
0.588700
0.462759
0.473205
0.650086
0.900176
0.580864
0.546533
0.429227
0.349514
0.418525
0.584061
0.463692
0.602463
0.320210
0.469027
0.601587
0.536693
0.588339
0.746722
0.585906
0.397265
0.438312
0.802016
0.497198
0.503029
0.448961
0.633701
0.755895
0.690780
0.339159
0.476134
0.603028
0.698389
0.565598
0.702170
0.583857
0.557682
0.518743
0.735009
0.400680
0.572755
0.737656
0.632374
0.490584
0.850642
0.464781
0.599759
0.362824
0.868045
0.745130
0.372546
0.398037
0.323470
0.416218
0.542458
0.454160
0.504682
0.609623
0.444255
0.585473
0.507944
0.434728
0.695911
0.635692
0.306345
0.447167
0.610339
0.572217
0.451951
0.608057
0.359357
0.611815
0.432419
0.498121
0.431911
0.460222
0.577260
0.481745
0.555505
0.485152
0.702367
0.546493
0.694841
0.310503
0.523165
1.103993
0.547260
0.636865
0.819918
0.770943
0.600513
0.460587
0.578261
0.626443
0.598052
0.625078
0.547669
0.559913
0.472950
0.850575
0.520032
0.941392
0.339657
0.721210
0.446310
0.572803
0.656180
0.728783
0.299962
0.667024
0.578534
0.533504
0.727539
0.709755
0.434936
0.604339
0.372969
0.303924
0.895298
0.724568
0.459408
0.423807
0.302477
0.492299
0.350427
0.810311
0.907270
0.792801
0.447197
0.714753
0.813098
0.562054
0.593599
0.347736
0.605267
0.519275
0.376102
0.601023
0.800738
0.564141
0.691695
0.722695
0.509080
0.468324
0.614137
0.694322
0.541105
0.541360
0.627908
0.477937
0.539089
0.583825
0.626520
0.570463
0.389625
0.661035
0.553276
0.792537
0.660655
0.682620
0.492875
0.606026
0.650687
0.741658
0.601284
0.629260
0.533533
0.751083
0.410481
0.399033
0.481538
0.944335
0.445474
0.502772
0.750459
0.819780
0.540917
0.612088
0.424376
0.580907
0.558002
0.474176
0.383251
0.553355
0.648465
0.512172
0.583037
0.745039
0.645618
0.783301
1.038252
0.464004
0.638228
0.391069
0.572929
0.371535
1.054630
0.769068
0.457649
0.829212
0.482026
0.454863
0.724908
0.579408
0.609998
0.584636
0.708754
0.404924
0.467847
0.672233
0.462952
0.442910
0.503132
0.528951
0.491341
0.528233
0.842724
0.748078
0.656057
0.510674
0.352895
0.661225
0.461700
0.634053
0.574155
0.653748
0.440849
0.477637
0.441076
0.448663
0.455252
0.797454
0.701004
0.631229
0.476901
0.439120
0.555641
0.507867
0.489076
0.374295
0.474400
0.511441
0.374259
0.413617
0.844688
0.641792
0.476351
0.639867
0.614925
0.642638
0.562458
0.503801
0.322911
0.645719
0.423602
0.376507
0.559642
0.471972
0.399604
0.411622
0.655022
0.412297
0.533758
0.544632
0.476383
0.537164
0.491478
0.443737
0.764566
0.397469
0.449616
0.456253
0.721857
0.805566
0.419926
0.438176
0.735924
0.726155
0.490446
0.761426
0.734814
0.635921
0.586247
0.265611
0.654044
0.396022
0.480332
0.624798
0.477098
0.351113
0.732726
0.600679
0.554905
0.434146
0.459319
0.548266
0.501166
0.853958
0.564694
0.585264
0.354434
0.658222
0.665515
0.396858
0.548732
0.385217
0.519866
0.601953
0.379408
0.415290
0.292799
0.620797
0.637890
0.475559
0.674513
0.641497
0.342145
0.472896
0.572429
0.419787
0.637247
0.435715
0.867715
0.441970
0.678568
0.703231
0.520686
0.413831
0.455574
0.835685
0.374151
0.409674
0.406123
0.454111
1.014151
0.737480
0.855077
0.556394
0.891575
0.643177
0.538712
0.693942
0.652527
0.621308
0.450074
0.750330
0.441791
0.596412
0.530978
0.316826
0.734193
0.592057
0.487743
0.393290
0.501082
0.566163
0.626426
0.592465
0.647680
0.544468
0.779603
0.564026
0.538427
0.720055
0.908387
0.503993
0.442472
0.631088
0.482545
0.419416
0.523331
0.670447
0.283247
0.585532
0.490437
0.394268
0.433993
0.486634
0.611431
0.564020
0.363098
0.477728
0.641947
0.547028
0.467774
0.783138
0.469743
0.499642
0.401077
0.555143
0.512431
0.471127
0.769971
0.439146
0.429896
0.549222
0.765789
0.719011
0.555216
0.473382
0.543180
0.626938
0.810458
0.616876
0.689471
0.257083
0.568598
0.307189
0.624154
0.431707
0.575184
0.417439
0.451811
0.644809
0.618116
0.789625
0.631858
0.383714
0.621865
0.495961
0.400605
0.824805
0.490307
0.675759
0.682253
1.023505
0.418940
0.416160
0.533977
0.731049
0.811367
0.581703
0.760111
0.412843
0.613811
0.363043
0.686407
0.745617
0.644927
0.660745
0.441813
0.528883
0.371497
1.093245
0.331640
0.467575
0.367300
0.448499
0.419797
0.467490
0.304566
0.372428
0.592934
0.215335
0.343138
0.378466
0.458002
0.241230
0.313015
0.577897
0.680594
0.395547
0.554860
0.497327
0.400480
0.712729
0.314952
0.803743
0.816688
0.466243
0.577014
0.577180
0.545670
0.611404
0.520234
0.467090
0.679830
0.629004
0.519011
0.645781
0.625689
0.402266
0.387169
0.652360
0.271086
0.516660
0.886839
0.452043
0.530364
0.369987
0.518059
0.448199
0.422545
0.465389
0.606024
0.608797
0.629438
0.431342
0.537958
0.442623
0.557105
0.520440
0.262137
0.444519
0.431972
0.326347
0.500387
0.458050
0.455928
0.431389
0.254985
0.395566
0.540088
0.593647
0.553223
0.563433
0.520670
0.627094
0.562085
0.587178
0.584643
0.541281
0.516722
0.527027
0.462478
0.329111
0.615547
0.534454
0.572570
0.497748
0.359943
0.525820
0.315624
0.423202
0.322720
0.329921
0.531717
0.477992
0.216036
0.381884
0.335715
0.297704
0.659262
0.497551
0.342755
0.344056
0.412339
0.347199
0.454586
0.439974
0.796114
0.509928
0.462128
0.317249
0.473282
0.477257
0.721687
0.344863
0.556701
0.390803
0.810690
0.704567
0.238116
0.836009
0.654176
0.383990
0.420582
0.489826
0.695120
0.408724
0.615258
0.358200
0.386497
0.396206
0.429880
0.411692
0.675914
0.508768
0.681036
0.473816
0.472807
0.956358
0.585104
0.586625
0.357083
0.713994
0.700095
0.341825
0.616817
0.746046
0.679491
0.402923
0.514126
0.467921
0.712969
0.599563
0.295766
0.422075
0.529560
0.318476
0.558797
0.399364
0.664921
0.572118
0.591098
0.441504
0.747017
0.728817
0.449991
0.363035
0.272508
0.379509
0.415246
0.771172
0.408011
0.769641
0.659386
0.524543
0.591394
0.520820
0.405393
0.348549
0.548516
0.427203
0.490236
0.376742
0.526581
0.534289
0.385047
0.540548
0.454430
0.802957
0.706237
0.762875
0.329694
0.495569
0.537035
0.470584
0.833134
0.501384
0.715777
0.648988
0.796898
0.466014
0.697352
0.305323
0.389974
0.547653
0.478892
0.468252
0.304750
0.244348
0.391733
0.487491
0.531081
0.426647
0.509479
0.513664
0.458854
0.646762
0.465925
0.367071
0.340631
0.545803
0.383142
0.586355
0.632540
0.574488
0.361112
0.565108
0.582469
0.465719
0.460200
0.675903
0.563809
0.418736
0.394959
0.452672
0.486166
0.395543
0.394402
0.299809
0.348123
0.581641
0.516209
0.291367
0.558908
0.254080
0.479724
0.558571
0.790014
0.256015
0.718262
0.393922
0.490373
0.631437
0.381171
0.732335
0.361132
0.467447
0.529969
0.541149
0.327906
0.449910
0.365250
0.807189
0.700321
0.609628
0.394095
0.417076
0.498782
0.700258
0.489083
0.337374
0.751476
0.560204
0.554297
0.620705
0.557625
0.366398
0.544914
0.340351
0.421998
0.361145
0.536616
0.787317
0.435199
0.493313
0.624118
0.349894
0.815549
0.698013
0.451019
0.672518
0.594136
0.490628
0.422049
0.802712
0.354550
0.590858
1.169060
0.389908
0.400706
0.562735
0.249585
0.513866
0.390200
0.791690
0.380499
0.667826
0.483165
0.795348
0.554479
0.353063
0.438687
0.730969
0.772908
0.607018
0.391726
0.453191
0.502065
0.713342
0.908751
0.526015
0.732665
0.879511
0.362246
0.421944
0.587449
0.479059
0.526113
0.583044
0.621153
0.640068
0.966601
0.481436
0.437177
0.502450
0.454930
0.433312
0.532157
0.796324
0.521866
0.438499
0.474892
0.438389
0.521185
0.391657
0.374582
0.339075
0.747339
0.427051
0.624321
0.483416
0.660857
0.434025
0.631811
0.390703
0.461993
0.571253
0.783805
0.616586
0.961809
0.415525
0.500001
0.416754
0.538616
0.582618
0.716090
0.808047
0.444567
0.247807
0.360109
0.319857
0.351082
0.508140
0.449647
0.448374
0.272879
0.797880
0.483975
0.364939
0.371641
0.570246
0.537375
0.747151
0.325317
0.609997
0.860322
0.376643
0.364809
0.292073
0.336029
0.602917
0.318348
0.341406
0.398786
0.505831
0.156293
0.229148
0.295061
0.412622
0.247088
0.355430
0.851886
0.369093
0.511539
0.451237
0.379776
0.222449
0.621684
0.687843
0.639585
0.429760
0.574789
0.323458
0.419918
0.567163
0.436055
0.420460
0.472974
0.759121
0.740032
0.433637
0.512375
0.634437
0.574236
0.283010
0.421494
0.437837
0.662407
0.606202
0.731820
0.456762
0.359650
0.379872
0.565060
0.314910
0.258000
0.398632
0.667827
0.454959
0.403583
0.411007
0.451213
0.396727
0.605462
0.371296
0.349491
0.357319
0.718036
0.529017
0.292105
0.492685
0.593819
0.425611
0.273344
0.249240
0.470984
0.316621
0.414845
0.386438
0.431288
0.605012
0.289233
0.405593
0.346075
0.434289
0.372404
0.361817
0.220747
0.336825
0.262326
0.785490
0.250757
0.506933
0.333829
0.325680
0.753944
0.585992
0.569013
0.586079
0.324925
0.719350
0.434728
0.361293
0.306070
0.389975
0.429751
0.436418
0.233362
0.442250
0.381855
0.342652
0.491747
0.445439
0.251707
0.329916
0.500333
0.433193
0.341889
0.486284
0.704996
0.538120
0.343757
0.360100
0.443450
0.461596
0.323634
0.485315
0.482789
0.411492
0.295740
0.590086
0.281686
0.201013
0.295035
0.490733
0.323590
0.306980
0.579666
0.489336
0.382170
0.652516
0.562989
0.599022
0.451433
0.433679
0.293432
0.546723
0.517385
0.804314
0.384516
0.637191
0.586914
0.451393
0.485856
0.410441
0.378025
0.728777
0.707813
0.613958
0.419945
0.315676
0.342063
0.552725
0.216761
0.489221
0.419711
0.407336
0.372363
0.374133
0.347672
0.345192
0.486802
0.335118
0.551199
0.243078
0.528487
0.288146
0.490365
0.416634
0.524000
0.276726
0.431085
0.441421
0.397497
0.736917
0.404168
0.446122
0.261492
0.417093
0.458790
0.705866
0.537848
0.654791
0.294193
0.433637
0.415961
0.544967
0.602448
0.446618
0.379608
0.356893
0.417118
0.810316
0.513351
0.356833
0.381501
0.362773
0.422912
0.266784
0.409893
0.652224
0.475583
0.427749
0.606052
0.601375
0.474263
0.374266
0.299409
0.323225
0.427962
0.504496
0.540123
0.336938
0.424449
0.371380
0.510872
0.716257
0.438998
0.414482
0.331265
0.366560
0.728494
0.659580
0.256119
0.536140
0.340198
0.456515
0.266293
0.674695
0.319835
0.425336
0.410773
0.590076
0.414375
0.532938
0.545283
0.297811
0.461383
0.338127
0.361679
0.393765
0.320869
0.467304
0.296898
0.219514
0.422702
0.535968
0.631400
0.307762
0.580513
0.476795
0.782400
0.564806
0.407768
0.394502
0.377790
0.685162
0.469172
0.610782
0.412297
0.941177
0.401169
0.375809
0.262824
0.434291
0.317675
0.271105
0.902524
0.476080
0.775644
0.515595
0.233933
0.420665
0.622540
0.367941
0.341576
0.385495
0.644201
0.457183
0.460105
0.314261
0.199726
0.454567
0.430385
0.407063
0.678909
0.405428
0.430027
0.557332
0.418810
0.646027
0.542118
0.294257
0.381343
0.503898
0.372829
0.358331
0.454472
0.378494
0.309133
0.271345
0.422790
0.445466
0.449093
0.339889
0.499494
0.643658
0.193596
0.387704
0.243320
0.672456
0.508160
0.383004
0.439285
0.495563
0.502600
0.503341
0.342988
0.284390
0.275699
0.304743
0.545970
0.657346
0.340299
0.374436
0.317807
0.418465
0.382770
0.434810
0.383612
0.394044
0.535119
0.453628
0.346408
0.421054
0.228278
0.432083
0.471880
0.422919
0.395130
0.370531
0.477537
0.419405
0.359354
0.634159
0.441144
0.528799
0.493656
0.487848
0.604961
0.241707
0.425241
0.387769
0.221997
0.633448
0.353258
0.568332
0.410844
0.407241
0.666481
0.327391
0.412488
0.202854
0.475504
0.630683
0.869421
0.819802
0.369721
0.261928
0.517752
0.586742
0.339880
0.501622
0.481896
0.394574
0.716454
0.396208
0.413988
0.330200
0.357311
0.503799
0.638113
0.425296
0.552215
0.628267
0.428709
0.544700
0.437925
0.326420
0.249430
0.458592
0.400135
0.333324
0.399921
0.287752
0.318919
0.652782
0.245277
0.287977
0.439194
0.308677
0.431997
0.421394
0.561746
0.381060
0.248120
0.513930
0.120632
0.268709
0.319062
0.357526
0.430790
0.378093
0.394248
0.345687
0.247391
0.534780
0.363309
0.320167
0.246521
0.291521
0.343178
0.308053
0.477820
0.295878
0.594987
0.353258
0.360731
0.400703
0.365431
0.598279
0.281417
0.404963
0.539204
0.690231
0.285254
0.261992
0.279806
0.487305
0.713479
0.366856
0.436042
0.198600
0.272984
0.424034
0.477313
0.432987
0.483507
0.284350
0.586013
0.322977
0.544249
0.671080
0.355721
0.288393
0.356483
0.333038
0.421961
0.204880
0.244713
0.430850
0.641190
0.343371
0.474896
0.318487
0.375768
0.454207
0.243842
0.400787
0.602120
0.444613
0.577273
0.202225
0.563153
0.419766
0.589683
0.363420
0.424196
0.424097
0.291318
0.242120
0.274993
0.320091
0.479701
0.522456
0.569887
0.319402
0.430415
0.456055
0.366166
0.432911
0.249765
0.437029
0.171010
0.465129
0.274986
0.219494
0.291336
0.413413
0.231988
0.550233
0.252388
0.516714
0.248720
0.403853
0.399495
0.923157
0.312635
0.544349
0.463819
0.479695
0.411531
0.399537
0.429003
0.501297
0.272647
0.496646
0.389503
0.604098
0.426999
0.254926
0.291218
0.341015
0.192155
0.440558
0.500864
0.485636
0.634934
0.294156
0.480252
0.539544
0.625929
0.525757
0.329581
0.253467
0.345581
0.569376
0.684767
0.481999
0.220478
0.362601
0.413127
0.428773
0.322131
0.557658
0.641901
0.401676
0.475748
0.624625
0.393879
0.443625
0.756045
0.382657
0.292284
0.407822
0.517550
0.597998
0.459076
0.543379
0.644672
0.199779
0.313067
0.241686
0.283392
0.255800
0.269381
0.355234
0.362250
0.685386
0.176668
0.429706
0.299633
0.511037
0.279688
0.451164
0.429628
0.700502
0.341709
0.225973
0.426644
0.408648
0.359423
0.476228
0.403315
0.390092
0.703491
0.516792
0.393427
0.238808
0.586974
0.542579
0.742088
0.509342
0.391368
0.252729
0.328004
0.297879
0.503620
0.451020
0.427595
0.548701
0.314831
0.480640
0.468636
0.458873
0.370308
0.515144
0.310093
0.406527
0.416804
0.398677
0.372009
0.447422
0.443719
0.735206
0.365958
0.469451
0.177949
0.316597
0.612345
0.452303
0.655489
0.251600
0.621609
0.362389
0.561610
0.542706
0.524122
0.361095
0.306028
0.366697
0.364136
0.596825
0.436560
0.291172
0.391524
0.570508
0.497182
0.364479
0.372644
0.435693
0.381264
0.433855
0.566392
0.330620
0.435379
0.219341
0.466478
0.396140
0.478358
0.454879
0.669565
0.648622
0.314331
0.313315
0.420310
0.422076
0.519835
0.375770
0.291815
0.434672
0.440678
0.372717
0.284519
0.735332
0.412866
0.387580
0.360093
0.374764
0.721629
0.466042
0.362901
0.416769
0.817788
0.571724
0.467449
0.422857
0.415945
0.608609
0.441240
0.586375
0.495187
0.520518
0.539222
0.508178
0.313375
0.472367
0.300790
0.258644
0.384709
0.538247
0.502571
0.576384
0.683622
0.428318
0.435565
0.354890
0.504698
0.262663
0.291194
0.447232
0.842286
0.321416
0.289711
0.293980
0.650437
0.633596
0.544301
0.857213
0.369672
0.957631
0.807486
0.308071
0.565952
0.560104
0.333953
0.791734
0.457785
0.476768
0.252820
0.523852
0.252976
0.420810
0.411988
0.606242
0.421228
0.424276
0.224333
0.325911
0.891874
0.332947
0.224088
0.426941
0.366389
0.391085
0.420192
0.288381
0.376864
0.271378
0.386532
0.797687
0.281314
0.258648
0.403293
0.338570
0.247484
0.389001
0.436249
0.459925
0.297195
0.447311
0.580478
0.368670
0.581017
0.323487
0.537500
0.541049
0.393017
0.381261
0.348208
0.858591
0.240951
0.521351
0.312577
0.280462
0.383766
0.453903
0.445186
0.355369
0.474461
0.423638
0.605493
0.352690
0.480490
0.303417
0.521088
0.546770
0.427883
0.288756
0.481548
0.222659
0.153466
0.299061
0.325818
0.267758
0.358475
0.419614
0.370891
0.284188
0.223828
0.325576
0.307499
0.403180
0.224171
0.378808
0.198060
0.257235
0.287348
0.250618
0.148710
0.324568
0.247582
0.261454
0.110152
0.266858
0.425112
0.478102
0.412434
0.219168
0.218788
0.267735
0.260891
0.247025
0.327390
0.350557
0.362455
0.361200
0.245242
0.440399
0.160345
0.263079
0.417675
0.433662
0.313653
0.157022
0.527965
0.340893
0.115425
0.433170
0.655814
0.309935
0.309011
0.420027
0.407053
0.467126
0.210286
0.341925
0.564248
0.217338
0.251346
0.468018
0.294973
0.472202
0.505615
0.339395
0.238313
0.518335
0.402023
0.305308
0.351132
0.258369
0.317848
0.390364
0.351134
0.219787
0.291012
0.371052
0.620621
0.476531
0.262996
0.460599
0.369438
0.832879
0.528326
0.340472
0.383466
0.615038
0.825112
0.404654
0.504552
0.346467
0.274986
0.342072
0.396927
0.328448
0.297447
0.426345
0.282125
0.272194
0.319370
0.351677
0.217033
0.205620
0.225397
0.197578
0.270628
0.508640
0.532796
0.486764
0.497003
0.336817
0.401652
0.451099
0.372710
0.361866
0.523966
0.452905
0.439949
0.307867
0.403392
0.395119
0.389309
0.367800
0.559079
0.417954
0.255306
0.295384
0.387530
0.464233
0.400543
0.432871
0.321686
0.213082
0.408060
0.381933
0.307558
0.371206
0.347573
0.508201
0.269242
0.401329
0.421314
0.288422
0.270526
0.214985
0.291816
0.401160
0.192958
0.376850
0.210229
0.387171
0.268688
0.266342
0.278028
0.282204
0.347037
0.377982
0.434512
0.314849
0.382055
0.299414
0.427653
0.665540
0.472714
0.458679
0.404151
0.279528
0.344641
0.372533
0.503117
0.567733
0.229344
0.252414
0.516997
0.439886
0.274422
0.364868
0.346228
0.209250
0.446682
0.231818
0.426717
0.559900
0.524311
0.463173
0.196808
0.267313
0.366399
0.235283
0.508737
0.769404
0.323051
0.304868
0.420981
0.503075
0.368991
0.426027
0.345064
0.260852
0.279994
0.389268
0.571418
0.323352
0.355253
0.308332
0.343581
0.411368
0.321831
0.488833
0.404574
0.371928
0.348961
0.312048
0.321522
0.545955
0.368217
0.368950
0.382814
0.381216
0.224106
0.277255
0.452379
0.408271
0.551693
0.392610
0.403897
0.714077
0.385129
0.210348
0.314854
0.543761
0.462998
0.486500
0.429350
0.335788
0.448440
0.624163
0.214959
0.342407
0.492447
0.209131
0.647022
0.357020
0.713803
0.639860
0.381358
0.421771
0.680409
0.243044
0.382069
0.498372
0.475897
0.299781
0.285732
0.236863
0.224692
0.369269
0.293812
0.451722
0.680800
0.559710
0.267866
0.408231
0.130383
0.575278
0.670796
0.283053
0.375323
0.255065
0.369719
0.307909
0.181630
0.374438
0.478304
0.276217
0.383753
0.479807
0.396401
0.357629
0.449343
0.331270
0.308466
0.268275
0.403704
0.534464
0.333183
0.223691
0.394922
0.422115
0.360725
0.523368
0.229589
0.375578
0.364388
0.287005
0.359584
0.286525
0.209815
0.435348
0.537532
0.386153
0.199782
0.581943
0.340153
0.328704
0.294997
0.343723
0.286040
0.256048
0.445868
0.801997
0.363064
0.441613
0.377268
0.368208
0.493966
0.401306
0.433011
0.527963
0.191668
0.284920
0.390653
0.352367
0.396418
0.839633
0.482865
0.660370
0.356129
0.608270
0.286089
0.254954
0.290646
0.344366
0.488457
0.465349
0.638216
0.671485
0.625723
0.548311
0.268112
0.575477
0.475352
0.499829
0.339949
0.364863
0.458191
0.424280
0.325043
0.287480
0.262167
0.241498
0.453598
0.594163
0.307438
0.242273
0.323919
0.312648
0.422419
0.646741
0.369601
0.272655
0.719766
0.517551
0.326812
0.420601
0.240071
0.288305
0.600544
0.391141
0.441549
0.464411
0.559007
0.333168
0.895121
0.423734
0.340432
0.305691
0.296515
0.344746
0.480369
0.224777
0.627388
0.801631
0.416852
0.287203
0.490367
0.489848
0.254073
0.207316
0.258266
0.207944
0.328121
0.248991
0.361731
0.188000
0.300826
0.281332
0.131383
0.299300
0.346229
0.225586
0.270181
0.281043
0.487635
0.191505
0.135677
0.231059
0.347084
0.571071
0.519893
0.418923
0.457061
0.180743
0.343817
0.197785
0.256048
0.354547
0.097720
0.293660
0.237131
0.375974
0.323460
0.213320
0.441780
0.700646
0.405414
0.214660
0.168929
0.285218
0.280343
0.260510
0.209031
0.153997
0.333505
0.393917
0.414623
0.209608
0.319825
0.305741
0.130138
0.381253
0.153920
0.244156
0.325711
0.379379
0.213904
0.361808
0.412276
0.352224
0.523970
0.232465
0.225428
0.283187
0.323996
0.264827
0.279713
0.513890
0.296143
0.397736
0.514227
0.492339
0.178048
0.273429
0.182761
0.414844
0.326089
0.502295
0.203501
0.340058
0.307514
0.446423
0.539349
0.182972
0.333401
0.305837
0.171423
0.531323
0.480259
0.150757
0.311633
0.435960
0.213103
0.193288
0.193747
0.353960
0.373770
0.262565
0.481731
0.458273
0.313337
0.364717
0.161099
0.361403
0.364677
0.146698
0.302854
0.200834
0.152014
0.253106
0.245034
0.317919
0.265590
0.246384
0.252429
0.407123
0.243831
0.230405
0.283129
0.321922
0.417266
0.153909
0.356470
0.324463
0.415937
0.505694
0.243822
0.231900
0.349510
0.338419
0.431965
0.234870
0.169559
0.258548
0.201955
0.428041
0.269358
0.163328
0.390059
0.425212
0.226920
0.391604
0.253259
0.499123
0.462928
0.452821
0.385636
0.321347
0.203842
0.173283
0.136531
0.255215
0.154454
0.232183
0.519778
0.170068
0.475621
0.297340
0.224206
0.331460
0.163414
0.657887
0.189251
0.377436
0.322714
0.134725
0.360348
0.388897
0.431818
0.181225
0.398932
0.340112
0.228650
0.467899
0.191862
0.328802
0.286784
0.227580
0.278144
0.537416
0.414160
0.160423
0.336438
0.240511
0.268650
0.216722
0.405249
0.384810
0.202287
0.355435
0.251292
0.410680
0.289512
0.421432
0.468282
0.196437
0.413734
0.362271
0.460682
0.304775
0.200326
0.299605
0.479706
0.194440
0.556196
0.318123
0.354808
0.380803
0.176820
0.194455
0.246378
0.154800
0.509940
0.241580
0.597786
0.307488
0.598548
0.384107
0.335650
0.386209
0.526417
0.433824
0.638061
0.424826
0.317837
0.320731
0.542873
0.153511
0.423724
0.365723
0.339940
0.403091
0.315912
0.233129
0.226797
0.486828
0.392595
0.215887
0.355552
0.379524
0.371826
0.400356
0.354031
0.267469
0.390708
0.712220
0.135814
0.500891
0.494454
0.341857
0.210941
0.641824
0.223198
0.296860
0.300480
0.392855
0.341617
0.245969
0.243275
0.261595
0.402401
0.200883
0.374259
0.274390
0.347913
0.370514
0.425363
0.561047
0.316748
0.179089
0.825611
0.319561
0.401870
0.376222
0.335942
0.375449
0.375618
0.153879
0.231867
0.190814
0.227867
0.275015
0.362752
0.333926
0.293506
0.139666
0.360098
0.149684
0.379473
0.319596
0.244236
0.273654
0.458568
0.258318
0.259614
0.279438
0.332419
0.321443
0.263003
0.271671
0.388421
0.295542
0.285764
0.582127
0.410752
0.116556
0.343355
0.309369
0.302139
0.378189
0.433700
0.216370
0.439383
0.457832
0.314496
0.418207
0.280971
0.485942
0.275167
0.385532
0.279206
0.663695
0.437990
0.281024
0.273406
0.288948
0.194650
0.220795
0.492550
0.380536
0.336621
0.509498
0.219488
0.254023
0.557953
0.323041
0.376352
0.288699
0.252245
0.113729
0.182325
0.864680
0.250648
0.664854
0.365489
0.741434
0.527892
0.264532
0.799984
0.329944
0.401749
0.251088
0.331017
0.315826
0.278430
0.173664
0.530797
0.616765
0.368646
0.240914
0.197477
0.428210
0.290472
0.226329
0.268100
0.547515
0.288472
0.327212
0.166712
0.361543
0.287087
0.348657
0.531143
0.273597
0.326428
0.246002
0.418301
0.189835
0.176959
0.518187
0.204920
0.518469
0.310672
0.313774
0.491357
0.475458
0.352497
0.327340
0.256304
0.309149
0.254987
0.361270
0.251760
0.250667
0.332594
0.165159
0.355596
0.343390
0.302336
0.457140
0.139235
0.304705
0.239678
0.340147
0.588694
0.403110
0.415217
0.263574
0.231905
0.320191
0.154231
0.157314
0.256615
0.310450
0.180048
0.369710
0.384878
0.543459
0.475385
0.384755
0.199286
0.288235
0.147776
0.277837
0.229983
0.282586
0.297177
0.153397
0.186509
0.388203
0.371450
0.228428
0.168792
0.275875
0.316674
0.321655
0.209488
0.291407
0.317274
0.302763
0.223730
0.284265
0.262614
0.409815
0.184984
0.333830
0.341983
0.166812
0.297920
0.260803
0.309124
0.500023
0.393275
0.103629
0.400974
0.274588
0.256879
0.426383
0.495243
0.392360
0.146470
0.455422
0.672661
0.257412
0.260317
0.393814
0.278080
0.181011
0.452604
0.333426
0.287666
0.226399
0.420518
0.284763
0.221891
0.537695
0.273609
0.318567
0.367906
0.470637
0.451623
0.177965
0.233068
0.190857
0.176328
0.213844
0.625249
0.266052
0.322014
0.661141
0.325057
0.278126
0.155073
0.256601
0.374995
0.341762
0.284337
0.476598
0.271681
0.447881
0.241000
0.149932
0.241515
0.181650
0.222048
0.159904
0.293042
0.433104
0.228424
0.506813
0.174877
0.209842
0.214340
0.470141
0.344869
0.288902
0.176244
0.434534
0.272923
0.180055
0.159034
0.252908
0.312859
0.224006
0.335792
0.117411
0.405237
0.268941
0.249456
0.291567
0.190014
0.627227
0.171613
0.463030
0.193194
0.303517
0.145917
0.309607
0.181514
0.455672
0.226072
0.144755
0.235680
0.207191
0.189116
0.234605
0.215003
0.169390
0.310854
0.330236
0.399595
0.336542
0.236459
0.395962
0.297915
0.170909
0.256349
0.177702
0.132274
0.216249
0.229725
0.345143
0.546783
0.455848
0.222645
0.322863
0.363549
0.176282
0.309265
0.204079
0.503672
0.174393
0.247456
0.314930
0.163096
0.545083
0.323101
0.317244
0.498981
0.268895
0.276597
0.962963
0.435695
0.376200
0.134692
0.403145
0.532211
0.514331
0.592089
0.916893
0.210481
0.196346
0.362170
0.313611
0.306402
0.292692
0.373081
0.299826
0.334441
0.184823
0.359775
0.300275
0.440022
0.576877
0.151245
0.365459
0.331622
0.280419
0.397938
0.288225
0.270806
0.350524
0.268646
0.202863
0.269798
0.328383
0.247474
0.315152
0.441635
0.245779
0.254760
0.180428
0.345014
0.273985
0.301606
0.436288
0.400914
0.272543
0.260455
0.374757
0.360599
0.166905
0.203984
0.280118
0.262735
0.190241
0.400627
0.209753
0.375147
0.255097
0.268352
0.690600
0.119113
0.403318
0.355095
0.275869
0.271424
0.336504
0.362090
0.555609
0.335624
0.749336
0.230890
0.206510
0.368950
0.194937
0.406994
0.434064
0.307810
0.341750
0.330922
0.374297
0.303561
0.554786
0.288442
0.275051
0.324189
0.182404
0.148278
0.532816
0.397624
0.293567
0.571568
0.431701
0.234286
0.149857
0.253716
0.384776
0.302438
0.379183
0.827443
0.546644
0.532015
0.367852
0.353479
0.288978
0.216564
0.549740
0.448155
0.247585
0.173058
0.310646
0.268211
0.405250
0.158503
0.160334
0.453275
0.216373
0.349995
0.219019
0.283167
0.254419
0.284602
0.182406
0.180635
0.150035
0.264264
0.152992
0.208829
0.294262
0.301706
0.264157
0.289644
0.272411
0.283110
0.262834
0.373595
0.230556
0.168725
0.323980
0.211955
0.539782
0.246389
0.188956
0.594915
0.291640
0.392002
0.189630
0.414473
0.456514
0.285305
0.244399
0.253830
0.219115
0.180104
0.566705
0.415248
0.317679
0.240076
0.262081
0.179865
0.294954
0.291005
0.521499
0.357192
0.362218
0.265384
0.352119
0.338618
0.330826
0.601188
0.228634
0.224429
0.237945
0.307800
0.413414
0.184843
0.299756
0.532301
0.332443
0.457142
0.328748
0.130015
0.168899
0.453274
0.149305
0.394051
0.507076
0.283981
0.474962
0.439866
0.370382
0.147010
0.289195
0.244081
0.241224
0.203616
0.380669
0.365957
0.272986
0.213652
0.615634
0.333681
0.259325
0.278058
0.099421
0.341074
0.336985
0.187856
0.280472
0.141657
0.452967
0.294304
0.245106
0.379423
0.211495
0.337615
0.466054
0.204535
0.191671
0.310157
0.146364
0.272894
0.257225
0.324304
0.109914
0.371038
0.249458
0.269035
0.154940
0.279666
0.241929
0.210825
0.168707
0.228956
0.259907
0.570574
0.237884
0.270141
0.306998
0.199539
0.376413
0.177763
0.313709
0.517483
0.145657
0.471502
0.311431
0.230273
0.237372
0.101748
0.313524
0.141819
0.231644
0.187905
0.292088
0.482355
0.299836
0.359463
0.396022
0.383619
0.177953
0.151477
0.244769
0.323098
0.286424
0.184206
0.471991
0.080102
0.413211
0.154234
0.106767
0.239254
0.317502
0.437367
0.244874
0.244451
0.359541
0.386176
0.174250
0.130010
0.436014
0.281214
0.438064
0.971251
0.299384
0.239045
0.175919
0.301520
0.386332
0.369719
0.353292
0.205535
0.344296
0.388320
0.260263
0.215301
0.401288
0.529894
0.306307
0.571593
0.233151
0.331101
0.246667
0.268593
0.278830
0.550001
0.407995
0.239486
0.280263
0.127164
0.266718
0.349074
0.310403
0.293835
0.451595
0.105256
0.126028
0.410839
0.241899
0.446234
0.171315
0.345955
0.470561
0.129129
0.477491
0.149321
0.395205
0.280196
0.351794
0.406896
0.332043
0.300693
0.310624
0.244376
0.250466
0.165395
0.187992
0.245150
0.187204
0.286074
0.270827
0.360868
0.528541
0.252385
0.288237
0.100427
0.179798
0.528838
0.285741
0.215407
0.093663
0.167704
0.293919
0.342434
0.418302
0.240622
0.267212
0.156767
0.093102
0.180217
0.191843
0.362879
0.358068
0.184852
0.168437
0.429147
0.353397
0.142801
0.597151
0.134918
0.337713
0.281682
0.255372
0.311854
0.225855
0.313216
0.339685
0.312454
0.212898
0.218765
0.350751
0.385425
0.282074
0.437581
0.168039
0.272255
0.318049
0.202693
0.364704
0.497791
0.294908
0.154657
0.481309
0.418088
0.275905
0.356968
0.248765
0.313948
0.276415
0.293599
0.139539
0.414095
0.193372
0.152616
0.377814
0.167624
0.237198
0.298021
0.221574
0.289458
0.415158
0.268891
0.247454
0.246270
0.240984
0.311281
0.206018
0.214477
0.229976
0.281555
0.149886
0.130578
0.141664
0.383451
0.377774
0.294599
0.168203
0.223318
0.149931
0.597009
0.310499
0.222230
0.241350
0.409385
0.213914
0.259297
0.301370
0.242812
0.476403
0.120427
0.312306
0.292968
0.138597
0.204890
0.316899
0.277469
0.291155
0.105385
0.205139
0.356198
0.214471
0.387597
0.260011
0.273941
0.474470
0.333538
0.195638
0.150841
0.126969
0.343095
0.471908
0.172593
0.246481
0.163790
0.508233
0.472012
0.248696
0.287984
0.253755
0.281850
0.394245
0.208486
0.471098
0.370625
0.346953
0.287158
0.187533
0.194777
0.265501
0.530158
0.296136
0.739311
0.338412
0.427165
0.269085
0.152638
0.306090
0.329361
0.309372
0.161267
0.232487
0.221389
0.166172
0.296179
0.418143
0.413460
0.284957
0.289341
0.285707
0.221247
0.121362
0.174474
0.223190
0.409369
0.439569
0.608255
0.263502
0.301070
0.555926
0.278301
0.300849
0.218805
0.292169
0.383069
0.481236
0.184751
0.320229
0.430985
0.340835
0.382225
0.105242
0.269526
0.235383
0.396729
0.121939
0.365763
0.300035
0.234512
0.374548
0.174398
0.362121
0.302024
0.355724
0.248480
0.340978
0.251775
0.327568
0.297457
0.303010
0.291996
0.329402
0.432275
0.178720
0.364526
0.300475
0.437488
0.233661
0.203340
0.269737
0.269525
0.217166
0.153751
0.236900
0.165219
0.196554
0.329396
0.155883
0.146908
0.407410
0.289817
0.238125
0.433263
0.125763
0.298082
0.128658
0.143815
0.135247
0.186796
0.141875
0.244733
0.171534
0.210977
0.261425
0.317927
0.416694
0.235496
0.222474
0.276566
0.144626
0.197708
0.187478
0.120940
0.267935
0.313913
0.399545
0.155084
0.083361
0.209407
0.194590
0.495456
0.208059
0.361071
0.274695
0.174358
0.222698
0.126127
0.309838
0.180804
0.244731
0.319216
0.391362
0.271631
0.237800
0.089744
0.132384
0.289860
0.202828
0.299200
0.095776
0.536926
0.380205
0.348532
0.124444
0.328752
0.184444
0.053377
0.271760
0.397968
0.353349
0.255350
0.141214
0.090691
0.051177
0.353700
0.242303
0.249659
0.317726
0.110796
0.259066
0.208639
0.313016
0.160764
0.281333
0.269202
0.296720
0.159176
0.259683
0.175992
0.339384
0.338516
0.116128
0.212105
0.582901
0.157793
0.166640
0.338769
0.389738
0.290469
0.302792
0.206677
0.348450
0.393972
0.232193
0.208756
0.240985
0.234300
0.287734
0.396284
0.111562
0.495485
0.430848
0.118558
0.174562
0.288169
0.214732
0.304754
0.244758
0.137001
0.257774
0.444676
0.288114
0.115727
0.170532
0.276414
0.400795
0.171203
0.277421
0.507455
0.170512
0.213058
0.190070
0.312579
0.212694
0.229837
0.094788
0.278313
0.311506
0.200365
0.267737
0.325514
0.180697
0.205308
0.275843
0.152073
0.186887
0.215242
0.220408
0.276386
0.168096
0.312307
0.146375
0.251570
0.283576
0.308462
0.170843
0.063497
0.067764
0.283367
0.113756
0.296417
0.219215
0.164930
0.126727
0.252297
0.181533
0.146679
0.084957
0.189445
0.172320
0.123869
0.198384
0.255198
0.170219
0.058508
0.279824
0.252741
0.196458
0.203464
0.292959
0.388810
0.239029
0.154640
0.276892
0.185226
0.484420
0.122679
0.248311
0.283473
0.217842
0.408123
0.385127
0.265735
0.423637
0.181022
0.231399
0.169305
0.230503
0.177927
0.197948
0.080981
0.349184
0.342009
0.604652
0.237501
0.073856
0.345343
0.214310
0.232366
0.367339
0.130981
0.351638
0.222628
0.285620
0.286312
0.389372
0.313287
0.100276
0.314921
0.199086
0.246840
0.148752
0.332976
0.516520
0.299083
0.207024
0.091813
0.454634
0.218448
0.227260
0.164056
0.313802
0.145552
0.117356
0.213196
0.195723
0.341395
0.427914
0.283016
0.273155
0.262451
0.233371
0.473676
0.131654
0.334528
0.222492
0.173668
0.154440
0.379299
0.321291
0.277155
0.333447
0.237118
0.839537
0.165179
0.475002
0.210400
0.344099
0.322666
0.152001
0.098908
0.217611
0.324943
0.234492
0.278111
0.306330
0.233721
0.140571
0.372151
0.100196
0.231930
0.248984
0.214977
0.253953
0.051939
0.255824
0.326973
0.236630
0.357566
0.273734
0.107482
0.251078
0.262179
0.431133
0.275970
0.166091
0.095873
0.247339
0.416573
0.189393
0.161634
0.095711
0.335473
0.153913
0.183248
0.073444
0.233380
0.400618
0.326842
0.204072
0.160069
0.494874
0.121838
0.199922
0.328887
0.175360
0.345507
0.149525
0.091666
0.244738
0.202908
0.175744
0.238465
0.139046
0.284997
0.359439
0.263435
0.426649
0.197365
0.140157
0.269851
0.446172
0.097478
0.073357
0.371442
0.233279
0.382769
0.457125
0.214227
0.325230
0.270517
0.117349
0.299185
0.345084
0.153847
0.160340
0.350765
0.205062
0.246822
0.318190
0.519746
0.203629
0.307960
0.212326
0.403696
0.277794
0.306916
0.302741
0.471713
0.127276
0.206686
0.321521
0.307803
0.156324
0.221515
0.146684
0.228073
0.259489
0.391676
0.315276
0.180577
0.237072
0.334139
0.237348
0.269003
0.293329
0.329653
0.078064
0.124578
0.213308
0.243477
0.126803
0.302652
0.241209
0.204547
0.473050
0.109495
0.104984
0.340419
0.328771
0.546462
0.273407
0.436415
0.064289
0.262557
0.198600
0.167676
0.237725
0.165315
0.512598
0.058315
0.386505
0.214484
0.261405
0.196428
0.810355
0.245094
0.366654
0.212774
0.310838
0.228340
0.314737
0.322198
0.400889
0.314575
0.116070
0.261352
0.489482
0.347165
0.251039
0.426792
0.212037
0.284647
0.247381
0.348487
0.156513
0.406743
0.241154
0.373255
0.161283
0.581913
0.228205
0.237695
0.280162
0.175696
0.334921
0.259106
0.390765
0.276997
0.189635
0.281333
0.513913
0.403262
0.390397
0.262840
0.150266
0.497485
0.080744
0.129269
0.396949
0.194304
0.329105
0.220096
0.329714
0.156485
0.256246
0.235739
0.248055
0.235519
0.268293
0.305827
0.221772
0.057992
0.110133
0.249870
0.224397
0.127833
0.522985
0.121426
0.394898
0.470210
0.063702
0.361627
0.183474
0.328206
0.331858
0.509968
0.237909
0.189866
0.155526
0.129427
0.233142
0.196124
0.179530
0.257619
0.196718
0.092461
0.041272
0.349977
0.266585
0.254233
0.194111
0.266262
0.349252
0.159206
0.243685
0.166551
0.241786
0.088013
0.161695
0.169265
0.352879
0.348031
0.185692
0.126771
0.268378
0.234818
0.189960
0.313609
0.172240
0.156549
0.114299
0.355340
0.262785
0.197242
0.140183
0.274850
0.057575
0.200163
0.231098
0.169156
0.159139
0.227236
0.076448
0.141087
0.371854
0.062230
0.270549
0.137142
0.226922
0.221491
0.169465
0.157341
0.249408
0.148298
0.396522
0.318665
0.128245
0.180419
0.184242
0.144918
0.185343
0.087163
0.126073
0.093006
0.166248
0.492085
0.215789
0.146768
0.080366
0.145328
0.369642
0.291584
0.283833
0.114023
0.064945
0.218031
0.347231
0.242251
0.241057
0.133734
0.322356
0.116533
0.050606
0.202937
0.048989
0.376918
0.125023
0.260861
0.190968
0.185279
0.116959
0.401164
0.280600
0.163437
0.211359
0.146941
0.272694
0.195213
0.292602
0.104477
0.262592
0.117691
0.402499
0.273315
0.241107
0.218716
0.115656
0.156432
0.388394
0.271121
0.160561
0.419720
0.193622
0.402453
0.269436
0.025242
0.203561
0.193233
0.048939
0.281080
0.292906
0.192815
0.215706
0.224740
0.225393
0.189060
0.202883
0.275802
0.135517
0.243574
0.194587
0.445514
0.367722
0.258177
0.635079
0.323431
0.465550
0.176634
0.130490
0.184914
0.226677
0.265348
0.357172
0.380274
0.180224
0.150622
0.330980
0.283673
0.108895
0.455117
0.178071
0.245840
0.059176
0.320156
0.195455
0.211513
0.215568
0.280191
0.287644
0.190815
0.234087
0.178585
0.187142
0.318438
0.354086
0.025427
0.265011
0.345411
0.316025
0.404301
0.367819
0.121993
0.331457
0.319929
0.401766
0.205945
0.315110
0.367675
0.317474
0.135729
0.319656
0.371710
0.168870
0.210000
0.218713
0.243179
0.209869
0.289409
0.423987
0.400711
0.211471
0.375599
0.255137
0.253307
0.101447
0.274997
0.184145
0.174377
0.242191
0.120461
0.130520
0.422910
0.219996
0.396477
0.251199
0.081050
0.197924
0.316143
0.213945
0.316032
0.346193
0.321614
0.225234
0.222054
0.217713
0.271916
0.270167
0.339806
0.221861
0.247744
0.285091
0.162208
0.148303
0.096518
0.198862
0.106980
0.147309
0.173032
0.268398
0.121384
0.140626
0.158595
0.118672
0.196663
0.109752
0.160872
0.220840
0.109948
0.142737
0.229901
0.362950
0.246826
0.152373
0.273194
0.132983
0.228812
0.078345
0.191676
0.275495
0.235056
0.133900
0.395262
0.379308
0.301827
0.298715
0.151023
0.216578
0.160779
0.188094
0.313371
0.146082
0.347588
0.357641
0.110343
0.117624
0.191461
0.131391
0.343154
0.297832
0.193560
0.323169
0.177128
0.276234
0.509215
0.713109
0.144904
0.215087
0.254927
0.218376
0.335827
0.289050
0.196646
0.542341
0.178595
0.317272
0.359401
0.542879
0.274035
0.148198
0.194136
0.211304
0.131344
0.402511
0.260834
0.108468
0.144554
0.181177
0.336049
0.307948
0.103921
0.285521
0.330410
0.251521
0.258572
0.336747
0.142534
0.142974
0.226649
0.222657
0.278067
0.341632
0.152014
0.291246
0.180537
0.284721
0.207000
0.263030
0.081437
0.264394
0.356992
0.193316
0.190447
0.283903
0.220698
0.451574
0.335580
0.119066
0.405913
0.297112
0.265782
0.220971
0.156135
0.268207
0.571524
0.408650
0.146527
0.151059
0.390776
0.217023
0.129908
0.191010
0.241635
0.299562
0.363644
0.217316
0.249029
0.274558
0.360109
0.257039
0.330686
0.556062
0.244072
0.153258
0.601054
0.381366
0.205581
0.408021
0.354640
0.061410
0.328035
0.289379
0.350013
0.445082
0.064543
0.259178
0.336250
0.147716
0.288820
0.244935
0.240225
0.317427
0.196027
0.141231
0.309133
0.225943
0.152164
0.170743
0.087924
0.130923
0.052292
0.276348
0.149752
0.144284
0.149004
0.174601
0.210709
0.337822
0.411918
0.320345
0.144156
0.071982
0.285804
0.134908
0.113007
0.133927
0.151015
0.216779
0.150013
0.285326
0.153768
0.089902
0.167318
0.062849
0.168406
0.140709
0.201173
0.148712
0.087875
0.204701
0.288913
0.147643
0.104521
0.165646
0.271226
0.097882
0.199535
0.112751
0.185192
0.258312
0.100801
0.143134
0.221568
0.300756
0.161857
0.208535
0.132179
0.141013
0.157853
0.357640
0.146062
0.146601
0.065836
0.156407
0.109578
0.405139
0.301882
0.015436
0.221923
0.122818
0.173324
0.144104
0.196060
0.518638
0.121033
0.223627
0.120976
0.306660
0.330511
0.218165
0.226682
0.347596
0.370254
0.172746
0.174210
0.097005
0.074555
0.221081
0.312169
0.107670
0.182727
0.322154
0.444738
0.216285
0.118594
0.386476
0.096012
0.119021
0.166702
0.313148
0.195887
0.178551
0.300555
0.362421
0.133458
0.156540
0.321650
0.211011
0.113510
0.148027
0.224803
0.124882
0.190604
0.206301
0.151861
0.139747
0.232837
0.149345
0.183684
0.264715
0.302153
0.176341
0.171119
0.141429
0.366092
0.168750
0.268380
0.354519
0.461697
0.185391
0.184566
0.093532
0.178480
0.129906
0.182630
0.207101
0.268691
0.088308
0.167186
0.325440
0.095917
0.206192
0.125522
0.257285
0.311055
0.227297
0.145108
0.296887
0.245408
0.314982
0.362876
0.190637
0.301292
0.176211
0.144828
0.168804
0.286111
0.155272
0.328824
0.190380
0.467496
0.383289
0.159216
0.282996
0.222237
0.343378
0.133923
0.102109
0.353723
0.232763
0.157198
0.215853
0.111522
0.322526
0.131197
0.232724
0.316654
0.337717
0.314539
0.243403
0.231681
0.129037
0.290692
0.134075
0.382702
0.185265
0.181942
0.030042
0.291435
0.101495
0.251080
0.104628
0.350772
0.149662
0.216767
0.131005
0.485854
0.376607
0.205657
0.158115
0.286458
0.169814
0.183456
0.226394
0.530159
0.243024
0.111587
0.194355
0.298279
0.249860
0.238556
0.287866
0.221828
0.385225
0.413104
0.557296
0.179940
0.337269
0.195214
0.087401
0.303800
0.339310
0.279021
0.278319
0.182512
0.161999
0.163956
0.170941
0.363048
0.382638
0.195350
0.114204
0.320692
0.147584
0.237740
0.329738
0.085313
0.303995
0.221292
0.242556
0.307529
0.314862
0.159976
0.439004
0.374818
0.261713
0.326776
0.095079
0.070176
0.187733
0.232903
0.257299
0.213980
0.399497
0.288068
0.277747
0.170013
0.147309
0.166306
0.275734
0.161955
0.156602
0.186200
0.406217
0.347187
0.166462
0.304518
0.091029
0.190793
0.181295
0.175039
0.122650
0.073864
0.119136
0.350291
0.379320
0.278877
0.183375
0.122695
0.242238
0.245637
0.097366
0.289955
0.353662
0.227114
0.191389
0.046252
0.199907
0.158246
0.212307
0.268541
0.166923
0.206402
0.387481
0.357014
0.378151
0.232030
0.269834
0.328541
0.231568
0.154903
0.164080
0.259601
0.148892
0.370176
0.325507
0.176056
0.114050
0.106724
0.367003
0.235466
0.142301
0.126181
0.257665
0.548332
0.321624
0.222165
0.144434
0.175717
0.067203
0.142455
0.290797
0.426710
0.183170
0.254435
0.074720
0.259240
0.147369
0.189032
0.037596
0.233553
0.374259
0.354528
0.206970
0.111730
0.196714
0.167045
0.170570
0.163427
0.279949
0.231508
0.222072
0.178942
0.161897
0.153467
0.497090
0.177268
0.270126
0.214397
0.136540
0.180612
0.253491
0.036231
0.279886
0.117880
0.129871
0.098530
0.155936
0.129832
0.084188
0.463205
0.175836
0.270035
0.190700
0.353868
0.150720
0.290379
0.227880
0.177921
0.360888
0.141948
0.160002
0.226069
0.233013
0.037025
0.362153
0.174767
0.164489
0.148847
0.276323
0.058853
0.204388
0.218939
0.222747
0.359066
0.144306
0.182069
0.178498
0.179303
0.179865
0.209063
0.283312
0.218427
0.091309
0.124150
0.655064
0.130703
0.128501
0.061720
0.155938
0.187187
0.323128
0.298929
0.072877
0.234546
0.145181
0.155423
0.289707
0.056993
0.144918
0.201788
0.358039
0.037309
0.206469
0.244655
0.270328
0.160081
0.204422
0.198889
0.339218
0.072694
0.159177
0.246247
0.189634
0.285822
0.048401
0.161381
0.292447
0.330683
0.056390
0.172669
0.321606
0.162492
0.142484
0.092982
0.090088
0.368202
0.516688
0.341306
0.110594
0.306377
0.061656
0.220664
0.129635
0.242090
0.202126
0.056766
0.294638
0.243412
0.257107
0.140555
0.253063
0.228925
0.297354
0.060348
0.574637
0.148481
0.097283
0.215717
0.445269
0.160101
0.093006
0.388808
0.181832
0.352274
0.126692
0.128636
0.407255
0.141868
0.264160
0.123014
0.279386
0.184345
0.157525
0.167644
0.063432
0.247807
0.309682
0.235091
0.112464
0.292720
0.060968
0.327889
0.111348
0.357624
0.065405
0.081849
0.167971
0.402571
0.160114
0.269612
0.115735
0.218294
0.282147
0.221070
0.146957
0.354725
0.286892
0.110097
0.152504
0.093251
0.283747
0.282908
0.181303
0.393894
0.253964
0.310462
0.335375
0.247943
0.170588
0.182467
0.186145
0.197767
0.268545
0.303704
0.433673
0.277003
0.106302
0.203746
0.197782
0.146622
0.324500
0.373161
0.249091
0.200150
0.320750
0.141635
0.210358
0.089634
0.054551
0.161481
0.208919
0.302851
0.171130
0.144030
0.135847
0.398336
0.342374
0.318677
0.337407
0.117446
0.613160
0.235388
0.142211
0.215687
0.393286
0.183832
0.289389
0.160768
0.313011
0.293792
0.183774
0.226477
0.168691
0.247004
0.192433
0.370759
0.497905
0.217577
0.136235
0.184456
0.280107
0.202402
0.188585
0.252145
0.214521
0.239628
0.281270
0.320420
0.291784
0.144191
0.109667
0.065966
0.287213
0.278768
0.365953
0.341171
0.242919
0.086360
0.139008
0.252625
0.237706
0.302991
0.091427
0.209576
0.201101
0.213145
0.314861
0.308682
0.168325
0.442924
0.172245
0.287160
0.222052
0.312616
0.158732
0.275030
0.132913
0.703212
0.230884
0.318738
0.215437
0.302423
0.313157
0.245370
0.472958
0.188425
0.349357
0.205919
0.173033
0.176096
0.503392
0.226085
0.414308
0.184154
0.303774
0.234548
0.205422
0.255241
0.163309
0.295283
0.123860
0.121212
0.202116
0.204015
0.088511
0.188378
0.234419
0.209738
0.179514
0.256799
0.226244
0.125980
0.177781
0.251974
0.180118
0.264815
0.222563
0.402953
0.223977
0.110402
0.188968
0.191432
0.112425
0.189471
0.235058
0.178236
0.294366
0.267607
0.060451
0.190596
0.134418
0.129942
0.286744
0.278943
0.229518
0.230344
0.298069
0.181677
0.259568
0.203558
0.140542
0.267337
0.137925
0.174854
0.330282
0.316169
0.154659
0.293961
0.295186
0.201087
0.249388
0.257541
0.138167
0.157970
0.182311
0.139441
0.237972
0.182292
0.256368
0.131828
0.330636
0.137521
0.113749
0.252420
0.282117
0.161297
0.102091
0.090252
0.085428
0.319659
0.278685
0.142091
0.128335
0.162383
0.231557
0.139825
0.161849
0.088368
0.155626
0.135410
0.101287
0.149317
0.455323
0.113520
0.143713
0.138931
0.260234
0.183789
0.091666
0.185168
0.135222
0.207247
0.187512
0.237877
0.086188
0.169170
0.331997
0.407577
0.078700
0.201179
0.141882
0.204173
0.198421
0.229667
0.136689
0.356039
0.169429
0.105869
0.210220
0.162126
0.236421
0.188357
0.139117
0.231440
0.316783
0.261037
0.116714
0.318473
0.251693
0.207391
0.296630
0.173372
0.173625
0.140975
0.190310
0.330661
0.288087
0.351057
0.348850
0.342654
0.189813
0.205558
0.257974
0.204234
0.156286
0.265875
0.128996
0.083112
0.288546
0.248203
0.270798
0.168689
0.384972
0.293747
0.158044
0.068704
0.213206
0.162862
0.193431
0.288636
0.082404
0.225726
0.130383
0.103449
0.277890
0.103043
0.137664
0.062450
0.156246
0.056238
0.130418
0.059926
0.171764
0.117678
0.187337
0.214002
0.204774
0.258156
0.264053
0.250040
0.069106
0.060186
0.328190
0.113560
0.150235
0.240735
0.309960
0.121865
0.113838
0.112152
0.178890
0.115683
0.069348
0.181666
0.182933
0.162258
0.413051
0.085682
0.346317
0.181880
0.305721
0.181520
0.017900
0.029216
0.182165
0.262158
0.355393
0.274620
0.178878
0.097269
0.166288
0.234115
0.157046
0.190539
0.252632
0.049298
0.323276
0.170883
0.112107
0.352666
0.126102
0.464251
0.148994
0.082487
0.165986
0.145187
0.084001
0.111967
0.168843
0.095389
0.402101
0.204039
0.380205
0.174172
0.447064
0.152584
0.136625
0.182295
0.146907
0.159590
0.361687
0.102444
0.142884
0.206109
0.463432
0.268989
0.251970
0.233904
0.125216
0.345176
0.141778
0.387233
0.142886
0.174506
0.256321
0.208040
0.274090
0.159911
0.278404
0.424811
0.154038
0.378318
0.189835
0.516636
0.310353
0.194167
0.380695
0.168906
0.311629
0.135091
0.091724
0.109179
0.224835
0.224181
0.161628
0.326985
0.381756
0.321246
0.113288
0.171082
0.080043
0.153216
0.112366
0.170266
0.225524
0.188901
0.298729
0.283390
0.094031
0.208010
0.526670
0.218034
0.175369
0.437546
0.104431
0.223493
0.317444
0.228359
0.185767
0.449060
0.085405
0.184883
0.216643
0.210506
0.416700
0.621628
0.086209
0.154090
0.215439
0.349409
0.151300
0.353008
0.059764
0.242683
0.555445
0.223570
0.150722
0.185346
0.184849
0.267115
0.218874
0.168399
0.074360
0.056220
0.128146
0.158181
0.191453
0.168202
0.235877
0.251510
0.110553
0.140207
0.179367
0.388092
0.105906
0.141021
0.190271
0.198972
0.317901
0.279332
0.204831
0.346815
0.258828
0.328265
0.196796
0.217713
0.260006
0.138063
0.145062
0.292087
0.271674
0.355453
0.223843
0.208124
0.190599
0.133855
0.268994
0.087163
0.234852
0.096542
0.228909
0.276812
0.135090
0.231498
0.330906
0.427719
0.135712
0.236748
0.129071
0.347678
0.203284
0.102942
0.151025
0.146450
0.242665
0.131209
0.175313
0.280326
0.073893
0.112589
0.206281
0.211818
0.220152
0.094495
0.149609
0.150110
0.160764
0.099972
0.379873
0.352698
0.262442
0.264212
0.191549
0.302808
0.168342
0.139368
0.175542
0.195250
0.226811
0.172373
0.232976
0.179662
0.148818
0.094004
0.432116
0.386067
0.215056
0.264708
0.193354
0.378215
0.137022
0.199974
0.100318
0.150121
0.122627
0.124597
0.074905
0.391973
0.177845
0.169141
0.201634
0.237214
0.176953
0.247465
0.165999
0.217345
0.315303
0.341291
0.131274
0.208356
0.297813
0.057199
0.232239
0.255910
0.094888
0.171724
0.169015
0.117234
0.079189
0.155722
0.129402
0.197304
0.079946
0.270463
0.176233
0.200266
0.118518
0.074442
0.276931
0.184060
0.112022
0.210566
0.229355
0.140482
0.080014
0.078538
0.133512
0.179500
0.093958
0.117632
0.115171
0.295974
0.283422
0.408207
0.122797
0.329531
0.101585
0.138499
0.225521
0.142157
0.254513
0.205501
0.229365
0.251291
0.093734
0.066805
0.150309
0.224081
0.343716
0.318185
0.223339
0.171431
0.217124
0.338549
0.352481
0.275889
0.329605
0.139278
0.269414
0.112265
0.273211
0.227701
0.467826
0.524008
0.370006
0.181764
0.205890
0.186547
0.230267
0.287002
0.243014
0.350628
0.148894
0.199236
0.357286
0.214013
0.215271
0.254454
0.253385
0.387776
0.412203
0.280612
0.118273
0.300126
0.333652
0.233633
0.470464
0.140397
0.429463
0.285649
0.113835
0.134667
0.182913
0.150804
0.103429
0.213092
0.092967
0.079655
0.108839
0.424069
0.111607
0.242373
0.167496
0.229299
0.327628
0.215730
0.315894
0.138889
0.324818
0.528398
0.347301
0.114651
0.073009
0.163395
0.172561
0.325455
0.319833
0.369149
0.158571
0.476898
0.259010
0.345181
0.147810
0.122617
0.321738
0.333600
0.152902
0.250524
0.064495
0.365250
0.203924
0.218685
0.136332
0.108078
0.204598
0.031894
0.074589
0.107198
0.207502
0.176181
0.225796
0.227083
0.254617
0.169808
0.113061
0.132535
0.109659
0.203540
0.072220
0.271323
0.078942
0.103518
0.224338
0.108780
0.164786
0.206748
0.256369
0.033710
0.106826
0.053600
0.187467
0.068443
0.130072
0.072309
0.168276
0.116742
0.188018
0.074464
0.282664
0.182237
0.195145
0.081465
0.039784
0.233521
0.221221
0.199308
0.099766
0.252417
0.366430
0.167267
0.083031
0.069493
0.081886
0.165804
0.230627
0.178227
0.298304
0.127092
0.172135
0.086415
0.138891
0.086755
0.256391
0.237293
0.292012
0.277194
0.577587
0.300569
0.153523
0.167500
0.098595
0.290284
0.286254
0.261813
0.307618
0.069448
0.418169
0.138918
0.041623
0.157118
0.193168
0.288624
0.150847
0.300418
0.118496
0.196324
0.053496
0.113233
0.119516
0.164396
0.088349
0.305960
0.434742
0.251104
0.280385
0.178980
0.349690
0.088971
0.114741
0.122150
0.033013
0.039676
0.173113
0.186797
0.165178
0.216574
0.159786
0.391503
0.206099
0.132324
0.137805
0.126363
0.147212
0.360244
0.197240
0.182334
0.196731
0.321476
0.116015
0.261729
0.124049
0.146346
0.302694
0.212337
0.235476
0.253535
0.110022
0.234114
0.114386
0.208157
0.041509
0.273055
0.314801
0.162189
0.187565
0.369044
0.307080
0.152159
0.504626
0.135057
0.224617
0.221123
0.327601
0.355951
0.271976
0.326655
0.144045
0.203191
0.768050
0.419735
0.092393
0.353931
0.185847
0.367300
0.549973
0.193760
0.351766
0.480394
0.435687
0.552356
0.124376
0.109114
0.200114
0.211518
0.242354
0.313869
0.198512
0.210551
0.243651
0.226822
0.198529
0.178568
0.282634
0.057196
0.212008
0.228538
0.217883
0.113488
0.199455
0.072335
0.294025
0.190703
0.220644
0.177467
0.176243
0.046447
0.044010
0.261569
0.099054
0.044338
0.200338
0.182960
0.083806
0.108847
0.092542
0.234063
0.230689
0.257124
0.365836
0.149140
0.335909
0.190324
0.126416
0.160811
0.080245
0.163084
0.148041
0.225481
0.153582
0.142682
0.057052
0.161592
0.064468
0.148302
0.213414
0.311889
0.270466
0.208513
0.222218
0.164506
0.141966
0.152617
0.059034
0.266855
0.246874
0.028744
0.082710
0.035065
0.308289
0.086452
0.194565
0.118904
0.034304
0.273209
0.106274
0.130372
0.160704
0.124132
0.230685
0.321437
0.273677
0.063521
0.396036
0.082064
0.215535
0.201646
0.087429
0.324640
0.487129
0.171026
0.239404
0.261627
0.217378
0.171241
0.032257
0.199319
0.187838
0.212431
0.439615
0.402191
0.320885
0.164500
0.073441
0.106101
0.441448
0.140527
0.150171
0.222928
0.092810
0.310835
0.226547
0.159740
0.305710
0.070957
0.195306
0.201033
0.079360
0.348050
0.147032
0.319721
0.265741
0.229623
0.277525
0.375768
0.106370
0.294208
0.065682
0.123325
0.247258
0.273472
0.108491
0.160203
0.054174
0.129426
0.091950
0.245393
0.093852
0.116645
0.213442
0.125376
0.127214
0.230149
0.139337
0.199086
0.327188
0.091783
0.147513
0.293737
0.059965
0.142878
0.230823
0.118063
0.390926
0.211152
0.092839
0.192716
0.247767
0.174564
0.170685
0.170998
0.458717
0.266757
0.141072
0.159223
0.095972
0.220983
0.658007
0.133915
0.144524
0.069187
0.213956
0.190820
0.085365
0.190452
0.227848
0.347812
0.357864
0.049888
0.114411
0.100382
0.133026
0.142918
0.136600
0.084444
0.171103
0.057072
0.255541
0.137701
0.498639
0.223865
0.032608
0.128840
0.053828
0.226232
0.300541
0.280231
0.300660
0.387919
0.234255
0.476893
0.320430
0.289689
0.331730
0.096638
0.171132
0.214220
0.197777
0.345417
0.239716
0.257256
0.093738
0.260608
0.390568
0.180605
0.230992
0.541230
0.246557
0.233788
0.258081
0.322775
0.252291
0.203394
0.245990
0.116140
0.205082
0.267411
0.114249
0.176659
0.241241
0.572847
0.117649
0.194286
0.284600
0.156437
0.146640
0.076494
0.151329
0.266493
0.220808
0.136987
0.127621
0.086668
0.192065
0.180496
0.080401
0.186624
0.258685
0.188295
0.062962
0.143203
0.062420
0.306595
0.239240
0.301191
0.079107
0.068319
0.188327
0.151905
0.150006
0.218262
0.270142
0.348147
0.097408
0.122595
0.080210
0.133467
0.093436
0.172369
0.111440
0.260654
0.327605
0.070833
0.350691
0.109823
0.177367
0.198091
0.040212
0.216006
0.241925
0.081128
0.119710
0.094960
0.037333
0.177458
0.140541
0.214881
0.241348
0.162874
0.049802
0.054109
0.154277
0.126784
0.079426
0.064851
0.084491
0.053665
0.208735
0.131953
0.170101
0.299921
0.174198
0.230531
0.192317
0.197873
0.048155
0.134253
0.110943
0.260744
0.201216
0.178425
0.206943
0.311327
0.219104
0.114432
0.189322
0.157928
0.219868
0.267079
0.323269
0.133792
0.789394
0.029428
0.076174
0.308584
0.293892
0.168763
0.256288
0.168335
0.561772
0.586458
0.220275
0.093055
0.139470
0.342669
0.155875
0.186837
0.143576
0.380891
0.309499
0.303881
0.185428
0.194808
0.098078
0.227777
0.225788
0.251784
0.289657
0.251970
0.253458
0.102845
0.193905
0.080626
0.168465
0.086238
0.313838
0.469475
0.183282
0.213072
0.238930
0.275647
0.238765
0.206452
0.165435
0.076471
0.133689
0.309469
0.110234
0.271204
0.094952
0.113089
0.129101
0.184823
0.112534
0.236630
0.065712
0.210448
0.113058
0.129031
0.238232
0.280600
0.177192
0.219612
0.212403
0.149926
0.022180
0.246386
0.111933
0.250624
0.121881
0.250887
0.231767
0.081747
0.223535
0.128337
0.021425
0.090478
0.188109
0.268018
0.149824
0.133671
0.123367
0.274872
0.220940
0.075360
0.076555
0.438258
0.066051
0.113060
0.145910
0.267238
0.221060
0.204825
0.252573
0.097315
0.073052
0.133447
0.075257
0.209933
0.188825
0.248144
0.382883
0.100105
0.121146
0.217779
0.101767
0.155372
0.170105
0.108896
0.231616
0.079549
0.376483
0.084668
0.129267
0.196664
0.105792
0.096248
0.088352
0.128615
0.162442
0.300577
0.208012
0.151966
0.168689
0.344803
0.107456
0.115412
0.077056
0.143112
0.132365
0.209890
0.051329
0.068432
0.222145
0.247563
0.125715
0.252310
0.177344
0.104893
0.161130
0.187924
0.023759
0.246860
0.099563
0.318943
0.265675
0.187501
0.074638
0.160025
0.073679
0.051804
0.307238
0.074778
0.454191
0.121828
0.145780
0.147247
0.132596
0.073921
0.145993
0.241659
0.246889
0.201253
0.130317
0.181552
0.088557
0.277349
0.155634
0.124987
0.144164
0.333543
0.358012
0.073184
0.142229
0.172504
0.390106
0.148322
0.141199
0.250062
0.169888
0.398590
0.133060
0.226611
0.186125
0.338825
0.277029
0.203644
0.111645
0.053502
0.154113
0.131889
0.127232
0.227464
0.249032
0.154496
0.162234
0.259072
0.268896
0.136511
0.094733
0.082260
0.334246
0.096297
0.107591
0.149705
0.241537
0.324608
0.126285
0.281918
0.350432
0.158887
0.332790
0.279328
0.301221
0.209336
0.243071
0.117165
0.166591
0.327454
0.250690
0.294957
0.062015
0.353890
0.129602
0.298393
0.177342
0.325293
0.162643
0.126708
0.281507
0.198772
0.258639
0.223799
0.173502
0.125534
0.228187
0.171952
0.088231
0.126756
0.403440
0.117850
0.227780
0.218863
0.245537
0.045007
0.142280
0.215425
0.125417
0.227860
0.340231
0.212454
0.044775
0.243420
0.299630
0.124470
0.134780
0.139918
0.117980
0.250876
0.256025
0.221660
0.151761
0.155283
0.127948
0.289106
0.047176
0.177285
0.290621
0.104269
0.241825
0.132774
0.373117
0.084785
0.261214
0.082197
0.149954
0.195426
0.184611
0.114271
0.077820
0.165597
0.214462
0.310778
0.132561
0.260064
0.155137
0.128703
0.136222
0.070292
0.238806
