2.149934
3.294334
2.410935
3.813747
2.837399
1.960509
3.768241
2.383578
2.391419
1.880041
1.949629
1.283777
2.940426
1.310879
1.440854
1.668016
1.192108
1.211894
1.257697
2.009472
1.747725
2.298223
2.080658
1.849100
2.161839
2.044254
1.965042
3.370362
2.978974
1.955409
3.441548
1.973122
2.634004
1.961198
1.775837
2.477631
3.135935
1.159829
2.017264
2.137537
1.693117
1.340337
1.414690
2.675714
1.830774
1.937859
1.300083
1.516081
2.049753
1.357814
1.345705
2.386434
1.433965
1.484998
2.192110
1.787727
1.344316
1.148949
1.480154
1.820693
1.868774
1.560649
1.465160
1.362940
1.680461
1.056066
1.145893
1.549807
1.720273
1.180980
1.622765
1.312132
1.720727
1.422658
1.743719
1.371513
1.202193
0.990329
1.507313
1.831394
1.015990
1.324904
1.138967
1.235872
1.372658
0.963805
1.735818
1.313852
1.430841
1.272547
1.622641
1.979910
1.780149
1.317807
1.793445
1.344854
1.490985
1.265661
1.205600
1.347746
2.636674
1.643586
0.851469
1.518553
2.221574
1.840434
1.453130
1.756078
1.889934
1.214786
1.489780
1.366612
1.386792
1.028358
1.119638
1.096829
1.237872
1.249821
1.111030
0.951660
1.603122
1.464341
2.029874
1.200058
1.261647
1.415712
1.273502
1.338498
1.363927
1.639013
1.264457
1.595468
1.166353
1.461197
1.713764
2.142431
1.501002
1.459224
1.486296
1.758046
1.087307
1.557529
1.805983
1.647720
1.358680
1.992277
1.399640
1.356853
1.332942
2.251492
1.735577
1.181483
1.349654
1.875842
2.245758
1.157118
1.112678
1.400956
1.181085
2.019970
1.551508
0.776577
1.489898
1.319499
1.216771
1.331176
1.756821
1.378132
1.014717
1.326846
1.939965
1.561528
1.103449
1.422450
1.476210
1.851262
1.462097
1.359440
1.022234
1.142996
1.015477
0.971912
1.471074
1.645109
1.169005
1.396812
1.106036
1.319754
1.064823
1.294340
1.452874
0.760796
1.365412
1.224586
1.640137
1.143609
0.930657
1.318979
1.275656
1.076709
0.607240
1.828379
1.126754
0.994427
0.740132
1.168220
1.806816
1.502777
1.011981
0.828527
1.010063
1.160150
1.168259
1.307928
1.031944
1.022314
0.914186
0.888136
1.302397
1.478058
1.319773
0.883650
1.331931
1.851910
1.033789
1.264531
1.435321
1.946132
1.619388
1.298781
0.903164
1.000497
1.340985
1.196785
2.006208
1.098036
0.919383
1.432401
1.348441
2.379891
1.453215
1.529021
1.470351
0.840990
1.451089
1.336457
1.093764
1.487810
0.986367
1.855013
1.311028
0.870838
1.076880
1.143921
1.042353
1.051179
0.848672
1.360578
1.053977
1.126616
1.105108
1.056887
1.550441
1.131542
1.365285
1.564254
1.205930
1.261155
1.144745
0.954078
1.339125
1.055013
1.047609
1.014877
0.797810
1.017347
1.420592
0.772146
1.164336
1.215191
1.018102
1.054431
1.318854
1.280666
1.141801
0.763988
0.758193
0.592587
1.377249
0.785346
1.326633
1.339782
1.086381
1.524776
1.438419
1.248676
1.168054
1.449827
1.573371
1.900317
0.959229
1.006808
0.920011
1.068508
1.091811
1.000689
1.740232
1.455239
1.319832
1.375818
1.377687
1.072943
1.087322
0.873540
0.811037
1.160411
1.104259
1.304485
0.933070
1.473695
1.494176
1.029344
1.048790
0.994877
1.105758
0.952960
1.537468
1.420849
0.899999
0.914994
1.281994
1.159985
1.349523
1.520578
1.076329
1.527513
1.351598
1.085750
1.018507
0.862994
0.866333
1.200468
1.109221
1.255141
0.853007
0.670008
0.679572
0.854040
0.968230
0.959539
0.777700
1.176788
1.332117
1.142144
0.701003
1.531402
1.631365
1.363298
1.222363
1.170131
1.649425
1.760494
1.827502
1.358728
1.235778
1.395615
1.184501
1.069550
0.981068
0.912121
0.966282
0.867044
0.898993
0.831959
1.005534
1.170516
1.168723
1.564200
0.925243
1.471878
0.901862
1.476449
0.721931
0.955677
1.333092
1.329111
0.974489
0.880564
1.385337
1.183870
1.356531
0.988538
1.113714
1.158201
1.117980
0.708576
0.662861
0.969239
0.952445
1.241426
1.146395
1.302868
1.030386
1.060220
1.340310
1.258286
0.943624
0.667900
1.251224
0.997766
0.580849
0.886460
1.276180
0.722894
1.043549
0.950628
0.816248
0.824782
0.944445
1.155109
1.197119
0.636277
1.236675
0.985219
1.019265
0.799934
1.172719
1.030555
1.091729
1.118583
1.070107
1.100501
1.479963
0.858602
1.019294
1.107879
0.961827
0.835239
1.258376
0.696359
1.385435
0.902802
1.688694
1.485607
1.320327
1.260060
1.087416
1.190597
1.034379
0.564921
1.128425
1.063792
1.252387
1.494317
0.801141
0.963564
0.964323
1.225597
1.295007
0.770773
0.794639
1.203898
0.685555
0.734892
0.715056
0.959712
0.891121
0.974036
1.374616
1.387811
1.165573
1.053224
1.219795
1.097492
1.298545
1.054367
1.043010
1.182965
1.910225
0.965805
0.758735
1.101906
0.833533
1.271106
1.326310
1.158707
0.920270
1.106156
1.053435
1.196658
0.894792
0.769124
0.997505
0.769700
0.822407
0.928015
1.090525
1.281088
1.191683
1.101308
0.780184
1.119860
0.903164
1.211067
0.823144
1.421683
0.830730
1.009463
0.622710
0.891981
1.279125
0.809093
0.812520
1.694193
1.030048
0.666425
0.851318
1.406441
0.719841
0.940638
0.903711
0.874410
0.619834
0.694787
1.122481
0.779956
1.054785
1.164842
1.002079
0.814595
0.667711
0.851344
0.980706
1.150998
0.765378
0.738102
0.792234
0.853689
0.695787
0.736067
1.028565
0.611540
1.151412
0.991731
1.011939
0.770713
0.717341
0.958236
1.090363
1.365109
1.001606
0.871749
0.921313
0.939049
1.566659
1.365801
1.041937
0.881545
1.152277
1.088123
1.074350
1.379427
1.219544
1.529883
1.081082
1.696713
1.529334
1.010441
1.130136
1.130378
0.938457
0.811959
1.396116
1.178965
0.965326
1.050238
0.967616
0.698974
1.209227
1.300384
1.068233
0.883312
1.045888
0.801400
1.062296
0.842030
0.699849
0.621299
0.940877
1.191140
1.096103
1.072790
0.973470
0.850744
0.716106
0.822390
0.969211
0.872626
1.042486
1.123111
1.211478
1.252234
1.176359
0.968239
1.242316
0.699003
1.100832
1.154792
1.137691
0.591950
0.964443
0.941770
0.643740
0.898572
0.996646
0.641652
0.910169
0.818994
1.058378
1.452012
0.911123
1.042424
0.882279
0.886002
0.806446
1.285994
1.078435
1.152153
1.093568
0.967841
0.689233
1.214915
1.185946
1.746316
0.929168
1.188679
0.718531
0.856628
1.020633
1.226387
0.816202
0.823156
0.700046
0.772473
1.024851
0.680218
0.738192
0.866331
0.875780
0.752566
0.742150
0.727832
0.899400
0.767304
0.801063
1.342460
0.838954
0.713397
1.106866
1.438732
0.923459
1.495924
0.836542
0.718319
0.856080
0.736803
0.680999
0.887219
0.823817
1.072843
0.865187
0.888615
0.780905
0.812769
1.188567
0.827256
0.491338
0.778537
0.876279
0.771186
0.594105
0.790243
1.308562
0.921436
0.767184
0.866422
0.932846
1.063889
0.839348
1.304539
0.911294
1.121198
0.803920
1.794061
1.437953
1.120003
0.985991
1.119303
1.217630
1.106282
1.067143
0.817466
0.996561
1.398333
1.208768
0.992115
0.855594
0.896089
0.779423
0.748086
0.633142
0.948908
0.955958
0.898997
0.587187
0.670166
0.825336
0.906856
0.961551
0.917168
0.791693
0.973179
0.813800
0.533205
0.861502
0.915700
0.767829
0.920529
0.935610
0.784617
1.013046
1.432761
0.928520
0.740899
0.620439
0.975798
1.101741
0.864149
1.100932
0.969794
0.865428
0.784341
0.870082
0.606113
1.008811
1.100698
0.752874
0.906899
1.027154
0.943630
1.265333
1.013885
0.754507
0.851217
0.660653
0.872542
1.142978
1.752981
0.958865
0.962768
0.746667
0.639068
0.990518
1.631980
1.354030
1.253821
0.794370
0.749523
1.103179
0.749847
0.917642
1.036347
0.716271
1.002789
0.989576
0.781809
1.117839
0.984173
0.965827
0.991524
1.116657
1.520360
0.576360
0.719694
0.829574
1.011108
1.406872
0.793074
0.889181
0.513107
1.111926
0.834776
1.054414
1.091650
1.212986
0.955996
0.661531
0.599410
0.965649
0.950668
0.662223
1.152426
0.662589
0.768719
0.802945
0.744842
1.114305
0.634434
0.640099
1.064121
0.859779
1.128819
0.679712
0.944774
0.565055
0.652961
1.155481
1.013279
0.900696
1.060834
0.944766
1.036015
0.991142
0.627713
0.965465
1.080126
0.959680
1.074025
0.837402
1.154787
1.054247
0.886524
0.695255
0.692676
1.120525
0.991649
1.130987
1.012817
0.635354
0.615179
1.006029
0.551338
1.049992
1.016887
0.893642
1.208333
0.924216
0.800090
0.518654
1.340727
0.594201
0.850895
1.280089
0.816327
0.706573
0.675588
0.792174
0.841369
1.173426
0.744803
1.540527
1.007494
0.381846
1.011984
0.805624
0.668296
1.082591
1.038997
1.372205
0.904224
1.065904
0.664813
0.692118
0.481680
0.638636
0.538974
0.669260
0.878390
0.758366
1.381365
0.698897
0.944628
1.405190
0.796593
0.581317
0.770693
1.179034
0.934140
0.902051
0.832946
0.729638
1.189552
0.890683
1.349356
0.920384
1.079470
0.789831
1.056641
0.587134
1.023146
0.709564
0.798162
1.082998
0.567580
1.505424
0.755919
0.705746
0.952296
0.800278
0.998934
0.813629
0.752620
0.941277
1.089721
0.954045
0.969552
1.071340
1.012344
0.770813
0.687303
0.613307
1.430170
1.122940
1.049682
0.789926
0.616665
0.966956
0.671867
0.902381
0.519438
1.124093
1.138281
1.083775
0.699865
1.201275
0.943403
1.148452
0.826422
1.131226
1.207165
1.324248
0.698509
0.867575
0.783419
0.679266
0.862295
0.681166
1.337743
0.932721
1.041993
0.678598
0.654621
1.127264
0.891645
0.757518
0.527965
1.385947
0.654623
0.796000
0.705321
0.729287
0.966568
0.818280
0.886372
1.088447
0.842059
0.880080
0.989087
0.619198
0.525416
0.758792
0.571237
0.651654
1.067993
0.867932
0.928106
0.608477
1.142143
0.841328
1.187105
0.625543
0.641637
0.973725
0.983516
0.751132
1.038636
0.687779
0.832305
0.521674
0.821667
1.311213
0.663839
0.619165
0.545621
0.756600
0.711822
0.811222
0.810122
0.715315
0.664005
0.998157
0.941079
0.824629
1.271458
0.734204
0.872851
0.990247
0.582867
1.279385
0.831866
0.493727
0.769596
0.664160
0.877051
0.627877
0.874233
0.659502
1.119841
0.905732
1.022322
0.547893
0.901296
0.591965
0.641210
0.883617
0.828210
0.838015
0.705610
0.887075
0.732925
1.009346
0.885368
0.971175
0.862830
0.555236
0.590707
0.850660
0.751141
0.564347
0.983764
0.550019
0.654184
0.685615
0.938586
1.027850
0.663791
0.976276
0.607636
1.010811
1.007582
0.958423
0.740669
0.821680
0.540731
0.486552
0.790135
0.923617
0.885112
1.279260
0.965206
1.154709
0.746599
0.858928
0.763324
0.735334
1.486861
1.576326
0.752721
0.933326
0.938971
1.126278
0.992130
0.668405
0.893457
0.641257
0.706480
1.076807
0.704143
0.895782
0.875844
0.689025
0.953322
0.775907
0.448158
0.951589
0.607317
0.664014
1.104204
0.905608
0.645771
0.944296
0.966544
1.178754
0.716805
0.870485
0.806507
0.625998
0.702559
0.848364
0.867146
0.691198
0.784987
0.884654
0.938926
0.496588
0.534487
0.976845
0.761924
0.876871
0.923728
1.046931
0.854484
0.688313
0.939832
0.495787
0.603164
0.929895
1.119898
1.285386
0.864851
1.191205
0.905782
0.936979
0.516590
0.863978
0.772116
1.045295
0.782163
0.821473
0.948198
0.851377
0.905050
0.702655
1.117214
0.524898
0.576255
1.069454
1.034454
1.118118
0.511041
0.952882
0.945786
0.735925
1.025292
0.625629
0.780612
1.051194
1.041932
0.729560
0.676607
0.904773
0.768166
1.206388
0.676008
0.956712
0.920623
0.630994
0.874741
0.662115
1.027923
0.851241
0.606199
0.516698
0.620221
0.606213
0.820570
0.656773
1.035250
1.032187
0.606143
1.319341
1.386505
1.550371
0.715750
0.681024
0.646988
0.827554
0.524691
0.844737
0.581681
0.734680
0.526041
1.009325
0.479569
0.507554
1.030991
0.442384
0.958274
1.162452
0.624194
0.842148
0.944223
0.705838
0.664370
0.903749
0.781634
0.856012
0.755895
0.679896
0.633360
0.660029
0.737177
0.952224
0.962286
1.008968
0.567802
1.026773
1.020556
0.652755
0.839404
0.703396
0.818343
0.927244
0.646605
0.776190
0.685592
0.870334
0.882107
0.857373
0.700243
0.715185
0.810352
0.498271
0.694206
0.955713
0.631199
1.023574
0.905608
0.684865
0.635641
0.653256
0.784819
1.039570
0.965229
1.222722
0.962893
1.137270
0.853621
0.549513
0.594365
0.794769
1.219023
0.988367
1.178772
0.731007
0.762063
1.384184
0.787692
0.632574
1.213819
0.725734
0.603396
0.571271
0.492856
0.910622
1.066411
0.758814
0.823741
0.578634
0.836571
0.503392
0.954993
1.194813
1.143948
0.803635
0.647267
0.484023
0.958015
0.686720
0.988223
0.736951
1.017903
1.126871
0.878166
0.552789
0.728407
0.715016
0.898959
0.503574
1.266975
0.839325
1.244632
0.679236
0.734612
1.084479
0.731545
0.707674
0.555129
0.764172
0.824548
0.855084
0.495728
0.731202
0.783120
0.670479
0.616673
0.489750
0.833338
1.060863
0.619537
0.770921
0.453864
0.476121
0.472330
0.682973
0.781730
0.907718
0.564998
0.655811
0.583092
0.802445
0.901937
0.965257
0.600599
0.861227
0.653824
0.450274
0.866009
0.632133
0.922800
0.910591
0.795892
0.545397
1.649793
0.791049
0.521232
0.933160
0.451939
0.760980
0.524507
0.758941
0.617754
0.672674
0.714527
0.715209
0.668819
0.891687
0.530449
0.826101
0.668399
1.048597
0.919517
0.731503
0.884707
0.911031
0.633990
0.762705
0.854674
1.217923
1.028428
0.484739
0.616576
0.591008
0.707603
0.549952
0.592420
0.595254
0.761101
0.588594
0.780914
1.433826
0.586081
0.845337
0.575004
0.873348
0.608762
0.481911
0.923782
0.989178
0.921041
0.845701
0.909775
0.500312
0.831513
0.808956
0.547159
0.620467
0.480613
0.780115
0.741230
0.705483
1.019711
1.223433
0.968931
0.892761
0.823649
0.634442
0.973000
1.233199
0.888739
0.783770
0.353959
1.204044
0.798814
0.736471
1.266713
0.859738
0.638402
0.520673
0.933644
0.899199
0.432680
0.667352
0.521427
0.581316
0.769359
0.755629
0.676554
0.510798
0.690962
0.929006
0.853821
0.915262
0.618433
0.736241
0.869750
0.624941
1.384353
0.521338
0.715176
0.819672
0.544401
0.681132
0.637649
0.901860
0.688503
0.887407
0.654900
0.577721
0.378692
0.870353
0.621518
1.343528
0.711086
0.520775
0.903644
0.738031
0.621285
0.916288
0.504693
0.853551
1.166417
0.886143
0.648916
0.923634
0.996665
0.798034
0.842124
0.802431
0.778487
0.777671
0.826965
0.996632
0.815457
1.244358
0.749369
1.158035
0.444540
0.793285
0.764608
1.492043
0.846395
1.067245
0.893236
0.589316
0.726780
1.305838
0.872180
0.663199
1.094535
0.569065
0.867055
0.615624
0.880636
0.817304
0.854293
0.787049
1.128219
0.635208
0.994903
0.637708
0.638032
0.853658
0.940730
0.529499
0.766777
0.820084
1.094844
0.922202
1.200906
1.035636
1.112256
0.897960
0.598043
0.988494
0.749561
1.115862
0.655483
0.896411
0.730793
1.059463
0.898004
0.892506
0.760574
0.940015
0.809537
0.608255
0.595822
0.479053
0.686679
0.819341
0.901390
0.810984
0.907208
1.082663
0.645475
0.891376
0.965056
0.631884
1.260217
1.103931
0.699837
0.485859
0.934702
0.675859
0.571136
0.864793
0.703326
0.955023
0.877810
0.548528
0.769248
1.080272
1.024411
1.006669
1.163986
0.876178
0.885426
0.602997
0.674819
0.720184
0.703959
0.950137
1.110010
0.973665
0.551698
0.838177
0.710474
1.208711
0.808121
0.756752
0.487767
0.807837
1.143300
0.902844
0.607810
0.732834
0.851237
0.812576
0.446412
0.705490
0.650489
0.641901
1.032631
1.171066
0.651771
1.138893
0.779929
0.806649
0.700845
0.700893
0.613453
0.567691
0.831464
0.623328
1.200642
0.680209
0.971858
0.857055
0.485804
0.678876
0.348499
0.702285
0.864096
0.509772
0.652345
0.705514
0.394778
0.905117
0.756246
0.329263
1.417298
0.463168
0.593028
0.386159
0.779729
0.728690
0.594918
0.667668
0.420021
0.669595
0.551977
0.538777
0.725185
0.513718
0.680170
0.779904
0.500797
0.711802
0.510884
0.727931
0.930301
0.877498
0.454135
0.518121
0.562726
0.773059
0.680125
0.426070
0.492979
1.264941
0.475490
0.443718
0.695233
0.780158
0.665367
0.847987
0.615222
0.418781
0.876558
1.508635
0.498599
0.832872
0.455779
0.713939
0.721497
1.006983
0.666431
0.760349
0.689837
1.134667
0.641969
0.728058
1.218376
1.046606
0.666177
0.715394
0.735002
0.922550
0.669207
0.785691
0.652380
0.473408
1.400046
0.811582
1.121245
0.714991
0.651272
0.921256
0.485715
0.496379
0.464930
0.700541
0.579682
0.758401
0.646438
0.863508
0.321177
0.827232
0.529461
0.661232
0.679170
0.520179
0.811833
0.573529
0.750958
0.895172
0.784244
0.520895
0.616932
0.946816
0.694456
0.565515
0.753626
0.545846
0.575284
0.609518
0.646413
1.027778
0.656949
0.944249
0.728550
0.498528
0.822740
0.623469
0.562960
0.734929
0.459339
0.782837
0.631504
0.604495
0.457057
0.640968
0.548856
0.609062
0.738123
0.600154
0.526502
0.635807
0.637982
0.449981
0.797765
1.119447
0.505612
0.841741
0.768396
0.801540
0.555399
0.712757
0.549803
0.656482
0.879699
0.716002
0.732498
0.915144
0.969921
0.501831
0.804201
0.868561
0.583928
0.703856
0.665906
0.938998
1.339839
0.488204
0.473399
0.726928
0.809532
0.676109
0.813164
0.716253
0.827039
0.840840
0.942027
0.623474
0.655242
0.783006
0.781015
0.961523
0.553777
0.568222
0.758655
0.472717
0.904198
0.767575
0.805366
0.656287
0.892881
0.726425
0.589212
0.527607
1.366105
0.564714
0.826541
0.672565
0.528288
0.489971
0.918764
0.808224
0.556670
0.665241
0.776003
0.603895
0.839829
0.654835
1.301334
0.668828
0.329124
0.669958
0.696857
0.949667
0.667848
0.538460
0.987683
0.905249
0.607041
0.656486
0.883515
0.649843
0.885056
0.665894
0.708528
0.722556
0.659176
0.716489
0.934043
0.907148
0.600307
0.410378
0.745026
0.899352
0.692659
0.938483
0.742404
0.582626
0.618941
0.647161
0.740180
0.833958
0.506317
0.943072
1.155775
0.830639
0.687547
0.617230
0.748229
0.642984
0.834971
0.572417
0.882328
0.422020
0.472477
0.552417
0.915808
0.669026
0.582782
0.769365
0.786932
0.394257
0.529725
1.111925
0.932830
0.433059
0.658590
0.824891
0.683754
0.714696
0.773193
0.444657
0.450352
0.831482
0.513830
0.670253
0.659248
0.658806
0.669521
0.627412
0.566813
0.704279
0.585552
0.539745
0.762528
0.752744
0.625196
0.667518
0.696180
0.639187
0.391644
0.468229
0.788465
0.433850
0.687399
0.819573
0.824601
0.912541
0.676160
0.632714
0.366322
0.626265
0.459172
0.665986
0.613313
0.965539
0.585701
0.874833
0.752490
0.708495
0.666628
0.692625
0.559947
0.789930
0.474066
0.617340
0.509879
0.919859
0.595226
0.659697
0.958647
0.784612
0.636202
0.572463
0.686175
0.696671
0.858686
0.968399
0.917936
0.909304
0.787342
0.614682
0.674535
0.585994
0.629647
0.810008
0.851332
1.119336
1.022209
0.793214
0.693608
0.670237
0.936603
0.582283
0.800926
0.930255
0.566633
0.502176
0.462220
0.443875
0.644110
0.745468
0.454386
0.910544
0.305821
0.942703
0.664322
0.578421
0.630681
0.542822
0.878512
0.729190
0.665254
0.971011
0.929271
0.586623
0.543561
0.928756
0.871005
0.917877
0.568561
0.667943
0.808139
0.935117
0.822385
0.971880
0.745442
0.550344
0.590447
0.482828
0.526140
0.605161
0.910177
0.735299
0.610256
0.642595
0.790806
0.833868
0.349156
0.784218
0.911049
0.567360
0.491883
0.393618
0.955438
0.751818
0.456258
0.450894
0.501228
0.500618
0.564918
0.567604
0.656090
0.777585
0.503255
0.494680
0.633336
0.520590
0.596899
0.719015
0.600806
0.456032
0.576645
0.513518
0.637312
0.520951
0.542972
0.891138
0.563441
0.492342
0.368363
0.919920
0.467044
1.005618
0.361471
0.587816
1.310561
0.570742
0.472981
0.918094
0.792729
0.666039
0.556401
0.851980
0.610229
0.782897
0.693027
0.400828
0.468997
0.372847
0.994168
0.653324
0.909714
0.379326
0.725889
0.561084
0.513580
0.717323
0.565852
0.500299
0.584579
0.615974
0.548811
0.601652
0.692409
0.582733
0.655609
0.726380
0.357626
0.925538
0.584860
0.434168
0.652101
0.584708
0.485624
0.492802
0.860231
0.905019
0.857352
0.569971
0.448757
0.763559
0.634643
0.653268
0.476191
0.444525
0.653439
0.501605
0.536224
0.819126
0.520476
0.529878
0.899918
0.567797
0.413390
0.741752
0.580658
0.949613
0.496080
0.557504
0.389312
0.728952
0.873017
0.561724
0.836908
0.782386
0.905238
0.748196
0.976909
0.711986
0.537985
0.526487
0.781359
0.882834
1.102341
1.160310
0.525455
0.537089
1.021230
0.757308
0.743443
0.620861
0.941453
0.458453
0.848485
0.838284
0.665361
0.833040
0.774211
0.630744
0.652007
0.711081
0.756766
0.754416
0.580989
0.471723
0.719662
0.754814
0.920701
0.690417
0.740881
1.275329
0.509753
0.586521
0.435879
0.920828
0.488774
1.396552
1.121158
0.503677
0.745717
0.629730
0.461310
0.689160
0.574752
0.988145
0.876785
0.923388
0.689416
0.611075
0.865975
0.510596
0.869464
0.584914
0.635802
0.376492
0.714052
0.803874
0.582881
0.912603
0.386013
0.512652
0.688857
0.757816
0.855172
0.621768
0.643830
0.573925
0.457166
0.595088
0.514207
0.619386
0.791680
0.890161
0.594112
0.496372
0.738126
0.725434
0.548599
0.621950
0.395438
0.572882
0.837953
0.641908
0.392772
1.090932
0.928169
0.748312
0.764978
0.666067
0.948486
0.774017
0.965698
0.600477
0.638661
0.444629
0.359732
0.712015
0.387479
0.756423
0.660593
0.735979
0.611056
0.781600
0.626435
0.749440
0.575027
0.426250
0.449825
0.845998
0.589813
0.771003
0.386821
0.850017
1.053094
0.554411
0.638062
0.742391
0.833159
0.520357
0.773571
0.648373
0.805094
0.862446
0.387274
0.688658
0.521980
0.712148
0.886492
0.340321
0.445279
0.657893
0.686848
0.428456
0.554842
0.710203
0.679969
0.536437
0.884239
0.675619
0.733231
0.422347
0.635496
0.573369
0.532666
0.577363
0.523015
0.414938
0.615028
0.512996
0.389064
0.303820
0.514681
0.742403
0.444618
0.893703
0.583406
0.801559
0.493998
0.493074
0.514345
0.557356
0.478263
1.208222
0.464057
0.702011
0.692273
0.603547
0.631112
0.421205
0.679692
0.541297
0.580094
0.636848
0.388716
1.008497
0.610814
1.035488
0.620373
1.173843
0.773545
0.336435
0.518323
0.482835
0.679997
0.520764
0.950396
0.404811
0.567418
0.459660
0.361536
0.718247
0.664074
0.680361
0.430020
0.974214
0.508610
0.622692
0.918319
0.800346
0.734684
1.077238
0.448022
0.631023
0.887437
0.645368
0.693893
0.573826
0.776919
0.634492
0.768949
0.392887
0.592827
0.672915
0.715455
0.795399
0.525382
0.397376
0.407316
1.103026
0.515586
0.402813
0.425079
0.717171
0.845937
0.596563
0.646604
0.520219
0.494213
0.500046
0.775362
0.693307
0.549334
0.937544
0.478275
0.413611
0.546512
0.883321
0.849605
0.602867
0.685931
0.704958
0.784516
1.416790
0.625106
0.711436
0.352686
0.678192
0.549453
0.598207
0.735857
0.678165
0.551558
0.401785
0.646324
0.291337
1.156549
0.495891
0.839785
0.642971
0.794120
0.697748
0.804845
0.714292
0.552708
0.570873
1.336976
0.591720
0.715575
0.788972
0.986659
0.862396
0.559085
0.826735
0.631605
0.494527
0.570009
0.646112
0.810769
0.547514
0.753256
0.427607
0.502965
0.513376
1.750364
0.595417
0.343225
0.349419
0.387028
0.291029
0.330824
0.586908
0.484094
0.434179
0.407284
0.499474
0.627866
0.345876
0.380107
0.577548
0.490041
0.596329
0.273540
0.301973
0.583452
0.524026
0.633438
0.595054
0.815089
0.777233
0.531101
0.491951
0.464343
0.755682
0.506285
0.533375
0.504913
0.706882
0.683904
0.489361
0.681268
0.448066
0.433807
0.996092
0.462191
0.460674
0.495086
0.692827
0.668980
0.294535
0.376746
0.410779
0.296322
0.798961
0.527298
0.731260
0.775048
0.702741
0.416798
0.541662
0.387295
0.639614
0.601762
0.406071
0.583317
0.611026
0.404904
0.766313
0.795219
0.507811
0.392744
0.453463
0.650483
0.380538
0.545518
0.531276
0.851612
0.518426
1.107021
0.669749
0.668496
0.586409
0.814200
0.897570
0.758997
0.613988
0.807552
0.623728
0.608717
0.869117
0.692489
0.428623
0.846933
0.461270
0.668609
0.422936
0.404510
0.806009
0.755318
0.328924
0.405736
0.540997
0.587397
0.843184
0.614705
0.465145
0.548745
0.737776
0.367255
0.386912
0.726036
0.833410
0.476880
0.569305
0.481002
0.514620
0.392520
0.322772
0.479132
0.586871
0.404830
0.919066
0.765436
0.380112
1.116503
0.530766
0.433147
0.494746
0.520605
0.596889
0.401525
0.813390
0.391500
0.686859
0.430731
0.580894
0.512742
0.385891
0.551842
0.516440
0.554643
0.313710
0.983116
1.109778
0.547086
0.514537
0.454958
0.730462
0.719847
0.826501
0.872678
0.843152
0.451440
0.630038
0.746779
0.536749
0.552849
0.702155
0.443233
0.954037
0.411542
0.416718
0.477363
0.712953
0.684477
0.521937
0.336947
0.904792
0.730585
0.311767
0.348408
0.329607
0.784504
0.545394
0.989935
0.509837
0.462932
0.526295
0.870034
0.790354
0.700968
0.513859
0.507494
0.602387
0.419548
0.500502
0.507423
0.558198
0.450402
0.438991
0.638372
0.575047
0.755060
0.712674
0.644706
0.361587
0.424015
0.436911
0.539610
1.028903
0.390531
0.767133
0.666928
0.517858
0.550165
0.720378
0.439397
0.644389
0.530567
1.155418
0.834336
0.552122
0.397086
0.671298
0.423867
0.835162
0.496834
0.736485
0.510747
0.408958
0.836882
0.773424
0.325668
0.682573
0.530925
0.644969
0.624198
0.754124
0.775633
0.703281
0.526785
0.670061
0.426137
0.865483
1.101816
0.642030
0.367447
0.548285
0.666459
0.682210
0.601298
0.433853
0.515188
0.345470
0.728757
0.708727
0.412875
0.565071
0.542046
0.506789
0.501300
0.792785
0.493277
0.763651
0.508633
0.606256
0.442134
0.445066
0.626969
0.601461
0.591727
0.683635
0.560929
0.568179
0.791060
0.353055
1.239271
0.893399
0.564101
0.410741
0.640763
1.014624
0.709316
0.889954
0.508216
0.691209
0.558482
0.574285
0.479340
0.687512
0.592552
0.560736
0.514775
0.272400
0.426722
0.564476
0.623592
0.413629
0.382717
0.718911
0.564672
0.894643
0.599433
0.716317
0.611294
0.645956
0.359526
0.674939
0.779638
0.531869
0.884250
0.822759
0.595862
0.400315
0.612015
0.426978
0.545059
0.435061
0.839479
0.484809
0.947985
0.506166
1.243543
0.662580
0.364010
0.567744
0.874714
0.901214
0.778718
0.430911
0.780008
0.882650
1.203072
0.793624
0.712286
0.852244
1.173171
0.353911
0.439941
0.918707
0.594511
0.602192
0.637340
0.766193
0.702384
1.716376
0.754648
0.419215
0.671462
0.467437
0.616226
0.838634
0.820314
0.713249
0.522830
0.600853
0.415178
0.710836
0.430053
0.461803
0.614694
1.032710
0.452965
0.609374
0.610270
0.589016
0.419011
0.949162
0.466974
0.630244
0.464212
1.090384
0.642229
0.735521
0.409153
0.504129
1.099838
0.507805
0.819044
0.704045
0.922557
0.435295
0.482180
0.575319
0.872853
0.457268
0.480697
0.434283
0.432355
0.362311
0.828273
0.394333
0.392571
0.481737
0.594736
0.530104
0.906386
0.531328
0.622019
0.869699
0.433484
0.565951
0.416473
0.428887
1.139294
0.252517
0.353725
0.402244
0.399167
0.346456
0.528290
0.441764
0.540789
0.298795
0.232234
0.567941
0.370411
0.488998
0.271840
0.631209
0.300469
0.214881
0.427956
0.690035
0.527989
0.495130
0.382711
0.547488
0.414149
0.345531
0.356827
0.513049
0.821707
0.738631
0.293211
0.354453
0.330447
0.444688
0.608145
0.273189
0.286592
0.672457
0.394777
0.252088
0.523986
0.253613
0.585402
0.307465
0.381070
0.437472
0.472950
0.295416
0.439156
0.600212
0.382713
0.303028
0.398357
0.540469
0.409667
0.401788
0.657467
0.358466
0.421435
0.331412
0.637975
1.405072
0.391451
0.476769
0.306915
0.509489
0.375745
0.451391
0.559862
0.487951
0.775579
0.440321
0.836615
0.338964
0.679938
0.612712
0.275455
0.421920
0.563841
0.316060
1.205326
0.207699
0.617639
0.434848
0.652838
0.362744
1.227828
0.505181
0.321467
0.774343
0.757672
0.578156
0.420587
0.584829
0.978410
0.533243
0.378573
0.389353
0.578244
0.504232
0.654136
0.632692
0.518797
0.323043
0.310932
0.723099
0.516697
0.332239
0.495220
0.426699
0.519392
0.428710
0.656644
0.438918
0.462519
0.357229
0.799508
0.760697
0.618740
0.515604
0.586634
0.368982
0.200636
0.332249
0.483534
0.640078
0.334255
0.672617
0.439957
0.622605
0.536414
0.637213
0.234345
0.380287
0.502105
0.419160
0.702249
0.383220
0.657927
0.484497
0.590688
0.467258
0.581395
0.671165
0.312782
0.389827
0.404515
0.338569
0.392612
0.378308
0.255594
0.421998
0.688703
0.587114
0.844764
0.542975
0.521410
0.426613
0.589414
0.517417
0.517080
0.626999
0.397706
0.487824
0.409348
0.698310
0.344415
0.650881
0.740435
0.721605
0.421712
0.637230
0.561818
0.432259
0.467776
0.424056
0.537531
0.417895
0.459629
0.451041
0.626272
0.643442
0.863024
0.362214
0.724390
0.600835
0.752347
0.770302
0.851822
0.524459
0.396945
0.428107
0.473111
0.780531
0.294501
0.846936
0.387269
0.605275
0.366882
0.326808
0.578380
0.369536
0.226798
0.693449
0.342698
0.583626
0.755029
0.411175
0.353038
0.406631
0.422795
0.554619
0.508000
0.386933
0.524958
0.562388
0.337942
0.512713
0.686289
0.703939
0.975448
0.824130
0.472450
0.368030
0.534695
0.350178
0.884078
0.542494
0.664332
0.471897
0.243574
0.497472
0.478040
0.516939
0.457640
0.357775
0.548028
0.667459
0.537058
0.672976
0.490900
0.402630
0.528617
0.439453
0.428383
0.609461
0.896644
0.467004
0.275284
0.684154
0.471967
0.827480
0.330354
0.512370
0.416485
0.661435
0.974673
0.918380
0.664370
0.384137
0.562957
0.612868
0.530830
0.265674
0.731855
0.642123
0.729231
0.581184
0.399223
0.471530
0.582033
0.478428
0.661246
0.734535
0.627662
0.643386
0.602822
0.565120
0.391519
0.485615
0.201569
0.341925
0.653315
0.628920
0.415182
0.555629
0.449107
0.422972
0.532354
0.427023
0.804113
0.819658
0.558268
0.692595
0.694777
0.549911
0.557646
0.605746
0.482549
0.462558
0.476774
0.373131
0.474194
0.340843
0.257850
0.328996
0.711987
0.256129
0.414196
0.246888
0.697301
0.479058
0.527974
0.631616
0.676997
0.440769
0.966813
0.329503
0.481519
0.677960
0.711624
0.581318
0.713487
1.050927
0.313893
0.283166
0.543456
0.579018
0.691445
0.409550
0.596953
0.477887
0.565277
0.471835
0.292254
0.201859
0.415178
0.530188
0.895108
0.692335
0.382100
0.451250
0.474369
0.630473
0.553615
0.260129
0.451013
0.712322
0.772774
1.096633
0.253759
0.509176
0.332588
0.480840
0.798481
0.450341
0.610889
0.412671
0.395940
0.668727
0.377704
0.523733
0.405156
0.383777
0.514099
0.624264
1.311274
0.407329
0.261196
0.536739
0.713501
0.241382
0.348534
0.473243
0.489750
0.707368
0.558475
0.308074
0.462758
0.425027
0.473233
0.368031
0.608437
0.241381
0.360853
0.368817
0.593103
0.414204
0.218884
0.337390
0.438506
0.316589
0.670657
0.515355
0.274092
0.146275
0.396921
0.281991
0.423352
0.357425
0.423964
0.618907
0.284023
0.353292
0.231299
0.356785
0.710272
0.593940
0.472902
0.538815
0.254140
0.363397
0.429809
0.266024
0.274130
0.355832
0.504687
0.586164
0.507158
0.336845
0.404463
0.487325
0.352697
0.339771
0.331678
0.438273
0.282746
0.355823
0.331764
0.562426
0.682030
0.393150
0.405574
0.352330
0.710772
0.549079
0.546866
0.333056
0.352502
0.268559
0.304104
0.265708
0.295619
0.479479
0.702005
0.659171
0.614317
0.536597
0.549743
0.839112
0.301654
0.656114
0.705972
0.463081
0.400775
0.320477
0.182142
0.417225
0.394112
0.442516
0.644692
0.981270
0.188763
0.281829
0.307342
0.481063
0.431143
0.303466
0.326099
0.429730
0.525406
0.665698
0.451452
0.415585
0.617524
0.620324
0.505996
0.511155
0.412491
0.416603
0.400169
0.348519
0.689656
0.512920
0.514460
0.658953
0.532601
0.541550
0.400180
0.568102
0.343388
0.354167
0.654121
0.471443
0.441962
0.349917
0.469691
0.522413
0.442359
0.390802
0.432474
0.397374
0.368473
0.513628
0.530798
0.290141
0.382733
0.249812
0.490962
0.409975
0.366461
0.440482
0.477082
0.303928
0.468977
0.318399
0.375097
0.270762
0.410140
0.345248
0.249180
0.374012
0.558720
0.328633
0.407441
0.328691
0.644146
0.425352
0.401038
0.427113
0.409286
0.744095
0.290702
0.345406
0.417852
0.447501
1.015656
0.594807
0.456954
0.291731
0.827509
0.275109
0.431922
0.478460
0.491836
0.393500
0.206727
0.600240
0.531388
0.493014
0.304730
0.588197
0.417723
0.598410
0.200688
0.409762
0.482717
0.438882
0.736865
0.472726
0.369961
0.337623
0.357302
0.431238
0.231612
0.301832
0.273945
0.299062
0.494975
0.536462
0.483942
0.623111
0.453377
0.379496
0.421077
0.422887
0.366997
0.616724
0.413274
0.520226
0.439583
0.514871
0.413226
0.565832
0.410587
0.655636
0.650164
0.487429
0.323492
0.759019
0.450927
0.313555
0.311017
0.458311
0.338850
0.529297
0.298213
0.463748
0.530573
0.505944
0.507682
0.405768
0.342460
0.284902
0.274951
0.390789
0.540342
0.510982
0.445073
0.433044
0.353129
0.583395
1.107967
0.748881
0.407095
0.317358
0.508308
0.246327
0.646307
0.510873
0.246788
0.740945
0.549319
0.461642
0.328654
0.298640
0.544616
0.374534
0.565428
0.503206
0.501883
0.483324
0.737427
0.567421
0.376902
0.254370
0.972345
0.876866
0.830568
0.259755
0.398417
0.491288
0.806844
0.685925
0.421827
0.799952
0.531347
0.365212
0.681571
0.574752
0.705362
0.830813
0.407548
0.613813
0.246557
0.488360
0.430845
0.466407
0.347064
0.496893
0.512274
0.585084
0.652370
0.246781
0.684609
0.461491
0.422349
0.362325
0.432627
0.468961
0.431155
0.611555
0.593826
0.514478
0.888481
0.716046
0.351036
0.367909
1.013967
0.754972
0.561525
0.580463
0.833235
0.763191
0.609330
0.456828
0.879864
0.351076
0.430862
0.467876
0.851397
0.462647
0.718816
0.953068
0.634145
0.368333
0.392793
0.424680
0.197437
0.417021
0.671016
0.718921
0.256906
0.310612
0.412390
0.770533
0.596355
0.464979
0.766218
0.234055
0.524526
0.564790
0.546733
0.668147
0.443946
0.361801
0.415259
0.627591
0.572864
0.340751
0.548640
0.469821
0.662724
0.490521
0.808538
0.358361
0.334548
0.237961
0.732358
0.525235
0.368264
0.465067
0.715283
0.512803
0.307963
0.374294
0.255881
0.300620
0.444912
0.578376
0.420891
0.781733
0.312642
0.454202
0.330728
0.300539
0.301023
0.563860
0.357103
0.551121
0.538121
0.858713
0.383559
0.443862
0.478763
0.498821
0.649531
0.238693
0.401864
0.435498
0.714869
0.281921
0.242440
0.438708
0.680932
0.726052
0.510162
0.369574
0.632703
0.442532
0.274467
0.443246
0.660544
0.603258
0.394116
0.790772
0.497776
0.313192
0.384044
0.266456
0.306298
0.220923
0.331371
0.245603
0.481320
0.338896
0.659715
0.542637
0.233698
0.276798
0.505015
0.413716
0.541197
0.547919
0.634539
0.289643
0.247316
0.414297
0.295463
0.561737
0.331147
0.785836
0.439370
0.309703
0.954354
0.239145
0.323411
0.363131
0.342465
0.505817
0.624639
0.536054
0.402411
0.478786
0.360164
0.563956
0.176130
0.120176
0.413660
0.421001
0.214884
0.406367
0.464705
0.263414
0.422466
0.363940
0.441256
0.138736
0.488069
0.497103
0.365889
0.409729
0.613449
0.604211
1.248218
0.301624
0.500978
0.708673
0.285098
0.501441
0.257367
0.635272
0.369953
0.223598
0.352600
0.388805
0.287521
0.471315
0.799388
0.304955
0.349409
0.368818
0.259961
0.395607
0.226142
0.311062
0.714230
0.303678
0.753612
0.532781
0.520911
0.443514
0.517052
0.395068
0.527241
0.501492
0.280439
0.377354
0.440471
0.608241
0.507075
0.495020
0.389856
0.280558
0.372410
0.735512
0.147926
0.207501
0.768667
0.299317
0.289914
0.432747
0.317257
0.359158
0.397712
0.389236
0.498571
0.458203
0.297601
0.191881
0.285924
0.739560
0.432273
0.381390
0.440944
0.682843
0.184663
0.505690
1.071325
0.766063
0.473711
0.565377
0.304300
0.291261
0.506611
0.454878
0.476723
0.535239
0.562705
0.339238
0.480594
0.289195
0.394112
0.160050
0.269801
0.414513
0.444121
0.787941
0.480594
0.253123
0.444862
0.238617
0.437669
0.435611
0.653890
0.677893
0.393692
0.316593
0.402403
0.510883
0.265798
0.361054
0.319240
0.362034
0.293651
0.292071
0.387750
0.637411
0.285687
0.206442
0.369800
0.297243
0.795173
0.350872
0.554792
0.495908
0.313732
0.275237
0.233728
0.595353
1.265115
0.313760
0.313327
0.354282
0.550085
0.439509
0.821635
0.656992
0.378434
0.330915
0.310188
0.458262
0.471478
0.389424
0.856827
0.384915
0.300288
0.543418
0.186335
0.360822
0.488994
0.328384
0.477870
0.518152
0.396956
0.389949
0.490247
0.410359
0.176438
0.311942
0.184609
0.263874
0.407569
0.414680
0.336877
0.567747
0.246645
0.241217
0.341300
0.354235
0.299883
0.379708
0.534310
0.169145
0.415203
0.532508
0.201442
0.467096
0.227350
0.381413
0.306221
0.255948
0.378406
0.648447
0.543491
0.207993
0.627269
0.318891
0.318822
0.412102
0.375374
0.558854
0.353503
0.534971
0.512365
0.645342
0.524873
0.319390
0.244670
0.362757
0.360503
0.451924
0.468716
0.486301
0.542601
0.220678
0.287474
0.891975
0.622397
0.485404
0.548303
0.360612
0.424758
0.365067
0.410603
0.323232
0.607716
0.150579
0.361922
0.374482
0.304600
0.326807
0.321314
0.208659
0.437983
0.471556
0.285898
0.542692
0.273255
0.365416
0.300798
0.473451
0.460813
0.234001
0.315861
0.354951
0.388013
0.479637
0.407608
0.403254
0.240602
0.262624
0.182727
0.493996
0.756530
0.359666
0.386782
0.345995
0.651719
0.387688
0.444702
0.473787
0.152353
0.752120
0.281443
0.334419
0.222889
0.320057
0.562724
0.649800
0.661399
0.227721
0.443073
0.367314
0.717874
0.434208
0.308962
0.497557
0.532854
0.460708
0.676294
0.266776
0.704363
0.309719
0.633528
0.643215
0.260786
0.564817
0.546394
0.320720
0.372648
0.407578
0.304311
0.518466
0.505951
0.477595
0.648349
0.342080
0.462571
0.364550
0.297131
0.425519
0.338134
0.303475
0.483849
0.596974
0.646897
0.464504
0.294403
0.399222
0.656398
0.565404
0.401145
0.499780
0.457974
0.663015
0.475823
0.436168
0.456645
0.414208
0.502213
0.250861
0.424833
0.412442
0.303456
0.420355
0.491554
0.291733
0.426390
0.410599
0.354820
0.265890
0.440052
0.316077
0.356918
0.142713
0.661530
0.530463
0.232969
0.369026
0.272976
0.517140
0.450103
0.520282
0.315238
0.557148
0.647725
0.441347
0.406638
0.477408
0.349951
0.422448
0.492880
0.545012
0.475307
0.404714
0.503042
0.384363
0.433321
0.402905
0.331790
0.453938
0.229757
0.478973
0.390598
0.239367
0.464094
0.205278
0.228663
0.356577
0.415286
0.429891
0.217911
0.500378
0.395219
0.386876
0.414635
0.563927
0.746646
0.708684
0.619441
0.147588
0.332932
0.286858
0.325648
0.734469
0.577691
0.254392
0.500777
0.255036
0.100193
0.261141
0.301700
0.326793
0.537652
0.423471
0.927045
0.374973
0.660996
0.136042
0.409316
0.350984
0.405341
0.453884
0.321938
0.393597
0.257128
0.251083
0.773979
0.453250
0.275261
0.539297
0.362874
0.398480
0.402546
0.745757
0.764164
0.448956
0.466055
0.443472
0.160643
0.752681
0.709795
0.366025
0.774393
0.322861
0.204367
0.794403
0.454438
0.712492
0.618854
0.657577
0.605860
0.264282
0.459748
0.477684
0.315883
0.181969
0.436767
0.734560
0.370824
0.783635
0.448702
0.188352
0.188331
0.133250
0.436889
0.506829
0.160065
0.314574
0.137872
0.481561
0.189446
0.477612
0.454031
0.240606
0.199247
0.451383
0.498912
0.125690
0.348214
0.214672
0.588371
0.376607
0.474086
0.302126
0.224072
0.476908
0.320078
0.441016
0.120146
0.393565
0.316466
0.122370
0.448931
0.330138
0.324433
0.334335
0.383852
0.275054
0.174325
0.344738
0.248447
0.333773
0.634205
0.263325
0.222157
0.291073
0.258488
0.113872
0.230514
0.519487
0.184858
0.313990
0.339827
0.549196
0.260145
0.369458
0.574560
0.222263
0.214640
0.345599
0.532340
0.454177
0.576072
0.531216
0.320689
0.085810
0.245669
0.270314
0.480821
0.626591
0.232033
0.894840
0.352474
0.784254
0.525367
0.280762
0.516822
0.460676
1.010405
0.244039
0.391249
0.319986
0.376142
0.716887
0.402815
0.464873
0.215757
0.402181
0.367071
0.571446
0.597471
0.662279
0.501642
0.358480
0.642070
0.525666
0.391822
0.413162
0.395482
0.433889
0.483489
0.582595
0.181473
0.281279
0.524466
0.403502
0.559951
0.445020
0.328615
0.629314
0.288561
0.370893
0.251267
0.393360
0.332394
0.356923
0.549729
0.381764
0.305963
0.419537
0.246445
0.297510
0.275243
0.221416
0.303951
0.403847
0.183720
0.143572
0.257924
0.372989
0.416952
0.591627
0.395855
0.476441
0.195395
0.291984
0.433940
0.339188
0.227950
0.916982
0.357633
0.436992
0.489140
0.493445
0.305837
0.394842
0.364155
0.563053
0.302601
0.616356
0.553539
0.494361
0.356069
0.383717
0.324168
0.405735
0.313790
0.370340
0.258414
0.773245
0.474778
0.226728
0.771152
0.446757
0.282159
0.518989
0.245652
0.347480
0.627162
0.274458
0.447182
0.317868
0.470021
0.350740
0.370180
0.389762
0.406096
0.528402
0.222729
0.341912
0.406232
0.368866
0.390577
0.247408
0.464379
0.499724
0.452782
0.385413
0.302924
0.289511
0.651343
0.373440
0.430792
0.201901
0.419071
0.158522
0.513907
0.337562
0.265401
0.664935
0.372992
0.486592
0.402110
0.470822
0.442747
0.265316
0.515270
0.333419
0.329150
0.436282
0.279572
0.330159
0.697314
0.215493
0.297534
0.258312
0.385615
0.485792
0.462037
0.364107
0.524016
0.244137
0.530769
0.397877
0.380565
0.301033
0.632476
0.280586
0.364839
0.163252
0.361639
0.372445
0.568194
0.446106
0.606513
0.515131
0.362675
0.615910
0.399144
0.318862
0.281442
0.360801
0.557497
0.517900
0.389758
0.705135
0.457071
0.275660
0.607516
0.266453
0.253374
0.832528
0.331204
0.502707
0.343008
0.111291
0.094863
0.444436
0.848155
0.189163
0.363657
0.331857
0.987027
0.315206
0.349262
0.385330
0.430861
0.522035
0.214327
0.358219
0.341553
0.504857
0.427986
0.380808
0.409739
0.463602
0.299963
0.437732
0.413652
0.478031
0.597125
0.390163
0.366238
0.308362
0.436679
0.308322
0.268190
0.330678
0.435241
0.560209
0.324353
0.293316
0.331141
0.610053
0.352096
0.393164
0.554722
0.318065
0.567790
0.145057
0.200179
0.426606
0.466136
0.473558
0.632873
0.480303
0.469120
0.117266
0.525499
0.464429
0.168716
0.348211
0.178016
0.442614
0.139652
0.137479
0.416580
0.203159
0.138882
0.106908
0.483693
0.122432
0.411004
0.321029
0.496564
0.310725
0.230665
0.421426
0.197960
0.341679
0.351047
0.350838
0.218740
0.476807
0.340776
0.748369
0.339815
0.344893
0.402197
0.362217
0.092628
0.381529
0.217954
0.753239
0.101860
0.491567
0.325984
0.430131
0.402931
0.175918
0.302923
0.348066
0.561255
0.219620
0.219658
0.244281
0.401935
0.316464
0.215288
0.223964
0.189669
0.276758
0.495268
0.654911
0.274370
0.478095
0.490123
0.314093
0.166603
0.541883
0.514686
0.216123
0.362349
0.418763
0.328846
0.348195
0.189576
0.224131
0.393494
0.239610
0.242084
0.271316
0.244871
0.201668
0.220568
0.471662
0.373759
0.123364
0.069942
0.183808
0.347641
0.179884
0.230663
0.320486
0.288518
0.454888
0.284221
0.616371
0.185808
0.170619
0.307546
0.213671
0.193520
0.519718
0.267496
0.208739
0.652064
0.272679
0.268424
0.235096
0.552601
0.358036
0.177247
0.299304
0.410022
0.737555
0.161706
0.486162
0.390798
0.454768
0.365281
0.418517
0.372180
0.300029
0.290549
0.841142
0.478277
0.375424
0.480931
0.506241
0.389038
0.331813
0.199214
0.271976
0.369528
0.294260
0.274227
0.214156
0.633870
0.468059
0.515587
0.389930
0.209188
0.240896
0.361255
0.525487
0.437524
0.371015
0.371206
0.234883
0.627929
0.378518
0.299491
0.313646
0.723503
0.179518
0.237537
0.196468
0.295944
0.328176
0.266627
0.335663
0.158214
0.433573
0.300684
0.387487
0.296056
0.524219
0.448928
0.329527
0.178482
0.329402
0.073767
0.384973
0.393080
0.326458
0.311176
0.285248
0.398386
0.308017
0.333137
0.209019
0.336567
0.236595
0.478221
0.317071
0.292446
0.192990
0.314859
0.399862
0.209002
0.150778
0.333450
0.264712
0.245113
0.377582
0.195377
0.377993
0.417659
0.325504
0.489286
0.244387
0.374504
0.510960
0.267405
0.237828
0.488201
0.183814
0.320793
0.434362
0.217070
0.119367
0.392866
0.537944
0.416472
0.321924
0.390686
0.501773
0.576472
0.269332
0.632808
0.282772
0.773996
0.160294
0.820404
0.276275
0.271195
0.294641
0.327847
0.495848
0.313761
0.574420
0.493822
0.203987
0.926870
0.457693
0.377517
0.259228
0.230836
0.410720
0.293832
0.521552
0.268934
0.342095
0.625969
0.431677
0.390018
0.131394
0.286941
0.337667
0.211662
0.489074
0.327480
0.386219
0.227025
0.362651
0.171457
0.063095
0.491472
0.319189
0.411961
0.502634
0.572379
0.417684
0.077140
0.228987
0.172557
0.340187
0.331072
0.489678
0.173388
0.292469
0.441562
0.339253
0.387565
0.505085
0.370809
0.275366
0.250088
0.498561
0.273951
0.257420
0.219186
0.379994
0.161014
0.338723
0.343951
0.685235
0.485318
0.448891
0.344650
0.385242
0.251019
0.401855
0.348057
0.240725
0.347420
0.449644
0.553582
0.301355
0.257674
0.320321
0.387230
0.816264
0.515005
0.215151
0.318298
0.246627
0.195195
0.457593
0.388394
0.297464
0.370837
0.331540
0.286086
0.284242
0.248618
0.415435
0.238120
0.253265
0.446960
0.403885
0.446510
0.290154
0.104307
0.333900
0.290157
0.338229
0.366912
0.548895
0.209593
0.131774
0.214645
0.461726
0.461670
0.242395
0.458434
0.353364
0.635510
0.352101
0.137281
0.530327
0.514785
0.296990
0.240861
0.405264
0.257694
0.553790
0.458306
0.358703
0.416644
0.441335
0.399242
0.226129
0.296958
0.242141
0.419545
0.554853
0.494954
0.700743
0.792597
0.172261
0.528781
0.377148
0.707677
0.326848
0.204025
0.683258
0.312923
0.533992
0.474947
0.378505
0.470195
0.322881
0.319025
0.661808
0.414811
0.461688
0.490419
0.504910
0.211079
0.456384
0.480786
0.681263
0.279552
0.526490
0.181565
0.302194
0.283331
0.436791
0.834437
0.905490
0.608850
0.395007
0.404088
0.383961
0.357545
0.481340
0.595971
0.243255
0.513772
0.140490
0.124327
0.403025
0.089417
0.150781
0.476307
0.591405
0.714480
0.316316
0.242284
0.444261
0.080564
0.437440
0.336218
0.609218
0.286068
0.188270
0.211965
0.148693
0.270397
0.068791
0.166188
0.364072
0.313346
0.159353
0.092207
0.149624
0.145260
0.166325
0.412741
0.192480
0.295725
0.230612
0.142120
0.291383
0.458254
0.231475
0.281197
0.478453
0.434682
0.321888
0.449327
0.626785
0.372303
0.531062
0.171280
0.340047
0.202736
0.260441
0.263102
0.115902
0.248204
0.410576
0.399847
0.170100
0.234965
0.277565
0.343699
0.332502
0.219753
0.338740
0.563649
0.252207
0.075660
0.202684
0.605727
0.181469
0.225909
0.400478
0.343555
0.278000
0.373039
0.446224
0.195062
0.268696
0.298518
0.201551
0.421954
0.200178
0.262861
0.485766
0.213446
0.279004
0.290111
0.168575
0.205237
0.688919
0.384627
0.247188
0.141851
0.255840
0.224506
0.215921
0.248824
0.778505
0.288289
0.274121
0.085531
0.241740
0.292659
0.234317
0.648681
0.179399
0.598385
0.344982
0.350398
0.276599
0.185028
0.124073
0.468503
0.184448
0.392969
0.134898
0.329088
0.468692
0.311611
0.217300
0.425213
0.323126
0.227146
0.246829
0.353633
0.266298
0.190103
0.245000
0.341027
0.181301
0.173160
0.334183
0.164095
0.346633
0.237182
0.163085
0.284557
0.280826
0.295580
0.239073
0.265910
0.178023
0.141508
0.488617
0.291913
0.455469
0.162005
0.360361
0.276715
0.170197
0.217172
0.261577
0.321856
0.473075
0.188829
0.293779
0.232603
0.254695
0.448072
0.389198
0.302090
0.183933
0.331589
0.155677
0.294788
0.320362
0.323295
0.095630
0.556509
0.116706
0.150459
0.247546
0.377425
0.385569
0.178012
0.509439
0.210450
0.168244
0.096938
0.203864
0.427957
0.334665
0.364926
0.374221
0.239309
0.328151
0.277860
0.333735
0.300337
0.171802
0.137503
0.165889
0.113964
0.289277
0.156803
0.584940
0.234410
0.529393
0.704041
0.417397
0.114218
0.910457
0.442316
0.204700
0.554635
0.342771
0.374454
0.217403
0.333496
0.418534
0.495650
0.452792
0.427877
0.520949
0.435979
0.508204
0.248044
0.191759
0.218024
0.327202
0.403060
0.272619
0.198314
0.247092
0.672573
0.268956
0.235714
0.400731
0.257777
0.200297
0.146215
0.470243
0.256333
0.367174
0.385650
0.292466
0.070038
0.278429
0.225974
0.332899
0.240066
0.541582
0.159344
0.801659
0.426826
0.455683
0.369882
0.112449
0.499792
0.321304
0.271400
0.557117
0.447047
0.425794
0.154948
0.329559
0.401323
0.513301
0.233088
0.319465
0.252817
0.432244
0.239042
0.203697
0.204972
0.392362
0.237172
0.231122
0.290317
0.386533
0.092591
0.245534
0.826943
0.231387
0.230793
0.530936
0.245439
0.216597
0.367394
0.287666
0.362070
0.381151
0.317206
0.362382
0.244157
0.355216
0.584741
0.289697
0.150874
0.302639
0.366650
0.297500
0.286288
0.806296
0.517020
0.290768
0.373158
0.346643
0.076333
0.355875
0.501966
0.315287
0.269474
0.600891
0.435726
0.313891
0.392822
0.378835
0.473185
0.470411
0.475569
0.286931
0.382640
0.394334
0.241914
0.361323
0.709169
0.272045
0.401295
0.524931
0.302262
0.692676
0.185048
0.357818
0.133815
0.188142
0.819300
0.346612
0.217553
0.326435
0.550624
0.231504
0.498203
0.239656
0.450168
0.237239
0.206940
0.258466
0.425455
0.340210
0.420530
0.201776
0.249963
0.569371
0.413138
0.333091
0.271125
0.494015
0.510669
0.484074
0.343953
0.291900
0.362687
0.200281
0.340714
0.726325
0.372583
0.277057
0.612654
0.401319
0.337844
0.281446
0.232190
0.182544
0.188889
0.231410
0.101305
0.305825
0.619644
0.439720
0.269654
0.431943
0.415374
0.316181
0.332083
0.365587
0.493792
0.200054
0.267736
0.239250
0.472272
0.383964
0.385353
0.471255
0.382539
0.340129
0.495869
0.322479
0.358313
0.798688
0.279550
0.532776
0.127582
0.245336
0.193881
0.327869
0.243787
0.433857
0.233168
0.253234
0.424045
0.108109
0.526538
0.469961
0.432086
0.381936
0.440377
0.370219
0.341836
0.206881
0.369454
0.296741
0.421964
0.314671
0.446831
0.239450
0.170774
0.085124
0.390456
0.298414
0.270660
0.190746
0.245436
0.106234
0.405244
0.342803
0.126843
0.157507
0.195438
0.293222
0.080738
0.176463
0.085089
0.395078
0.371214
0.089615
0.312461
0.148271
0.322331
0.173476
0.185143
0.251274
0.416638
0.242883
0.243085
0.229649
0.217532
0.300055
0.150731
0.179105
0.297640
0.224243
0.366837
0.105139
0.271545
0.302459
0.316093
0.485687
0.331574
0.296490
0.039946
0.446481
0.223671
0.284658
0.255675
0.299870
0.269972
0.170501
0.415580
0.328465
0.501387
0.214565
0.161790
0.236534
0.272109
0.151584
0.378385
0.336042
0.425346
0.313855
0.267870
0.627308
0.183857
0.266926
0.206347
0.220523
0.292658
0.303631
0.327336
0.363882
0.376961
0.446396
0.209259
0.075280
0.320172
0.139143
0.432345
0.395764
0.203076
0.274019
0.328277
0.285077
0.294883
0.161780
0.270872
0.234447
0.279049
0.302142
0.101543
0.244722
0.268716
0.358286
0.470122
0.314030
0.384006
0.364991
0.183543
0.412036
0.193358
0.248469
0.221067
0.314983
0.324841
0.071395
0.390599
0.221439
0.423554
0.446800
0.238346
0.192815
0.316296
0.412241
0.537718
0.262084
0.272797
0.372365
0.161324
0.256586
0.449030
0.277338
0.493535
0.213170
0.359005
0.816524
0.232406
0.333683
0.266713
0.507394
0.292247
0.146056
0.351434
0.414370
0.720335
0.309034
0.153731
0.394505
0.265842
0.377313
0.253960
0.346414
0.852550
0.752640
0.387955
0.415919
0.240658
0.458941
0.435055
0.801412
1.175065
0.377472
0.211353
0.356717
0.253721
0.376346
0.387794
0.213396
0.232751
0.444144
0.386866
0.882940
0.222323
0.378035
0.204548
0.178674
0.243042
0.277039
0.224449
0.419007
0.175056
0.405191
0.292026
0.539461
0.245017
0.300876
0.413202
0.213117
0.176284
0.213865
0.239112
0.279997
0.357906
0.679427
0.246245
0.281869
0.314053
0.585096
0.204616
0.204518
0.262254
0.320454
0.346061
0.291151
0.302232
0.319957
0.258619
0.065026
0.460287
0.494142
0.168402
0.337539
0.349082
0.332261
0.322833
0.152610
0.347724
0.280890
0.253214
0.437510
0.141373
0.097205
0.187247
0.442445
0.115950
0.306857
0.167005
0.272073
0.049428
0.201666
0.206339
0.276940
0.152133
0.061392
0.271511
0.277851
0.140873
0.248870
0.435096
0.175168
0.168446
0.351602
0.306543
0.206079
0.268305
0.331239
0.243979
0.303670
0.188767
0.264410
0.191091
0.225829
0.160948
0.202702
0.386714
0.443845
0.237990
0.241436
0.479622
0.084914
0.180816
0.185605
0.346574
0.223982
0.257443
0.495108
1.079799
0.437488
0.139483
0.281717
0.158415
0.263422
0.262340
0.674783
0.113550
0.728180
0.492829
0.267957
0.340536
0.227208
0.272884
0.227847
0.283481
0.338364
0.412929
0.266837
0.490495
0.308197
0.242303
0.446352
0.245370
0.580616
0.360029
0.281555
0.423572
0.488950
0.151330
0.251692
0.140860
0.823937
0.413799
0.355095
0.357586
0.275935
0.417104
0.395254
0.376044
0.699247
0.159972
0.236093
0.289379
0.463868
0.117697
0.112081
0.352240
0.416654
0.185787
0.321857
0.069964
0.248126
0.327810
0.540593
0.386006
0.545461
0.503924
0.284623
0.187230
0.345058
0.304314
0.326468
0.461709
0.277038
0.463541
0.215543
0.280100
0.482804
0.344238
0.384043
0.548708
0.202456
0.409840
0.358939
0.310522
0.265407
0.301523
0.349782
0.175234
0.554924
0.308333
0.333021
0.533841
0.186124
0.462248
0.465855
0.697071
0.207720
0.436233
0.325651
0.295097
0.149381
0.688994
0.395409
0.487694
0.339418
0.575885
0.347162
0.306243
0.815949
0.204819
0.347000
0.207269
0.337458
0.331492
0.616131
1.083988
0.456148
0.197614
0.300047
0.261909
0.167459
0.394319
0.328521
0.242957
0.431475
0.187418
0.202418
0.222708
0.290127
0.360124
0.317989
0.089188
0.453946
0.145842
0.102149
0.517192
0.229734
0.291141
0.380577
0.288530
0.316429
0.262105
0.148632
0.105156
0.048251
0.166459
0.156298
0.266036
0.360162
0.407926
0.204312
0.187550
0.259888
0.109723
0.290071
0.080457
0.324084
0.270638
0.268586
0.137650
0.060867
0.302257
0.176699
0.420381
0.130355
0.051744
0.279514
0.517525
0.171130
0.268217
0.159266
0.251883
0.069996
0.058773
0.252634
0.064649
0.180166
0.133961
0.303586
0.171558
0.388259
0.444878
0.164350
0.224106
0.564649
0.043556
0.312557
0.381453
0.200377
0.222618
0.359021
0.129935
0.304238
0.252557
0.213996
0.284889
0.085890
0.128062
0.105944
0.377930
0.302942
0.120329
0.497771
0.320562
0.313747
0.337183
0.298806
0.503438
0.348566
0.282238
0.234831
0.248493
0.427216
0.157262
0.357205
0.692006
0.296216
0.071514
0.499910
0.206438
0.297629
0.382534
0.486347
0.480907
0.339430
0.203554
0.306666
0.330529
0.251485
0.392002
0.303760
0.244913
0.284932
0.415402
0.151703
0.137835
0.426785
0.382018
0.218204
0.223934
0.230917
0.205197
0.295258
0.391629
0.305829
0.301776
0.482836
0.130102
0.118566
0.685974
0.206688
0.357004
0.249419
0.109905
0.261905
0.285964
0.326057
0.209093
0.117946
0.342181
0.293863
0.216939
0.161953
0.241018
0.441258
0.659279
0.263046
0.263524
0.277900
0.294767
0.410744
0.295954
0.305997
0.257392
0.525937
0.159054
0.254279
0.643985
0.363082
0.112072
0.252920
0.139500
0.324342
0.701089
0.134223
0.498530
0.340198
0.366315
0.414350
0.241396
0.805989
0.560895
0.136607
0.322863
0.510837
0.383630
0.743683
0.329876
0.206747
0.189180
0.176717
0.452592
0.432343
0.278043
0.169327
0.249838
0.453849
0.323436
0.160229
0.223525
0.285515
0.364228
0.111460
0.192023
0.229045
0.259149
0.365930
0.260020
0.269805
0.267889
0.123714
0.158289
0.117896
0.210378
0.553435
0.233129
0.208704
0.479861
0.237246
0.143858
0.348276
0.130402
0.208870
0.320697
0.312809
0.343010
0.225645
0.227219
0.121501
0.519856
0.519526
0.605422
0.285413
0.198781
0.188335
0.274825
0.114774
0.239032
0.171520
0.577935
0.262672
0.294631
0.305720
0.288784
0.367336
0.110196
0.152273
0.438540
0.273432
0.175849
0.200790
0.421585
0.611548
0.253118
0.393134
0.178609
0.755370
0.280474
0.263820
0.485697
0.294216
0.216474
0.336308
0.318972
0.247917
0.159749
0.287873
0.352133
0.269819
0.064155
0.419252
0.186105
0.189893
0.169720
0.287898
0.406322
0.254244
0.269197
0.485637
0.221937
0.500209
0.184990
0.276290
0.507100
0.184723
0.244782
0.619272
0.273184
0.195877
0.261149
0.209136
0.242713
0.319986
0.371179
0.135172
0.388343
0.196220
0.249219
0.407299
0.367996
0.417713
0.385314
0.405167
0.262339
0.356062
0.396300
0.181262
0.265746
0.199968
0.264154
0.318424
0.560505
0.283549
0.414392
0.138489
0.507680
0.239735
0.105860
0.261365
0.145016
0.310535
0.464491
0.135442
0.052646
0.234923
0.358492
0.219948
0.359992
0.486764
0.302638
0.188287
0.269534
0.120822
0.115466
0.504664
0.300463
0.357822
0.263354
0.256287
0.287509
0.316132
0.449927
0.264595
0.360470
0.283599
0.059530
0.264788
0.186609
0.475715
0.379776
0.198099
0.485895
0.102685
0.387432
0.257728
0.669946
0.351036
0.130578
0.595779
0.546162
0.325801
0.188573
0.184341
0.302651
0.221546
0.338081
0.371698
0.247500
0.361614
0.311729
0.252045
0.259219
0.292767
0.219518
0.253460
0.512571
0.447837
0.411450
0.164566
0.186768
0.356146
0.376758
0.195690
0.430742
0.335401
0.428984
0.235352
0.162209
0.254406
0.474264
0.373990
0.217084
0.347646
0.483999
0.430112
0.362876
0.658991
0.090875
0.375857
0.157516
0.286365
0.132371
0.390522
0.128397
0.235702
0.083045
0.265396
0.218903
0.200293
0.245663
0.235723
0.239166
0.319718
0.608951
0.222211
0.182339
0.180059
0.264011
0.090926
0.130745
0.298489
0.208173
0.282249
0.171070
0.210656
0.084156
0.242353
0.305073
0.202536
0.330957
0.394034
0.653009
0.141057
0.081690
0.211651
0.325385
0.178063
0.279673
0.440197
0.072463
0.382871
0.387624
0.257832
0.262727
0.183643
0.072830
0.394389
0.134038
0.170052
0.204041
0.179233
0.238732
0.315634
0.052907
0.368638
0.384777
0.156905
0.074691
0.141683
0.424286
0.385974
0.158936
0.055305
0.349622
0.287980
0.114355
0.242984
0.220600
0.076579
0.134065
0.512640
0.317350
0.144058
0.230376
0.265446
0.593460
0.276608
0.179016
0.297303
0.539587
0.220855
0.440630
0.254595
0.144153
1.043963
0.275515
0.639609
0.198892
0.364868
0.183913
0.308349
0.554148
0.223062
0.188568
0.187348
0.316075
0.302310
0.312740
0.289278
0.264096
0.221000
0.259112
0.282338
0.260396
0.233891
0.194826
0.143894
0.243544
0.319622
0.210724
0.241518
0.269085
0.064342
0.158274
0.016240
0.231206
0.352221
0.268025
0.370040
0.116403
0.099317
0.221871
0.051108
0.168145
0.156581
0.090967
0.235278
0.274644
0.312459
0.211358
0.263107
0.167194
0.266306
0.182075
0.209021
0.057662
0.062045
0.182612
0.169592
0.388329
0.265267
0.301504
0.153924
0.420085
0.130289
0.227466
0.194670
0.270447
0.329828
0.250045
0.579237
0.524787
0.054421
0.383883
0.264426
0.475461
0.255126
0.354403
0.495393
0.086971
0.235995
0.260147
0.488208
0.421230
0.210341
0.286953
0.173633
0.371391
0.619625
0.818146
0.292052
0.279264
0.200111
0.209453
0.182161
0.358763
0.536508
0.403112
0.582509
0.283671
0.471591
0.387948
0.240893
0.300687
0.414917
0.379945
0.368879
0.351171
0.219105
0.134867
0.289737
0.359041
0.132685
0.279853
0.396922
0.490257
0.168217
0.197131
0.275206
0.255559
0.167182
0.309554
0.211791
0.201835
0.274771
0.182838
0.115893
0.295416
1.079977
0.336621
0.199431
0.161623
0.362351
0.473871
0.443034
0.129896
1.112461
0.250640
0.313341
0.453237
0.455196
0.388151
0.832171
0.651110
0.217715
0.142187
0.118421
0.277604
0.384413
0.328471
0.109689
0.436241
0.529816
0.204693
0.270986
0.296045
0.319229
0.100849
0.238261
0.362770
0.282241
0.461859
0.435419
0.146611
0.228140
0.326239
0.403215
0.284775
0.443047
0.274532
0.128473
0.134724
0.337284
0.212735
0.252267
0.391434
0.268826
0.110892
0.268278
0.321699
0.231688
0.255894
0.122403
0.285253
0.308388
0.179849
0.247890
0.225192
0.218620
0.295539
0.193849
0.269108
0.173222
0.041833
0.098615
0.398361
0.202143
0.212338
0.259578
0.293834
0.299034
0.256647
0.209765
0.249154
0.118903
0.091868
0.086101
0.211584
0.207475
0.118875
0.213939
0.057434
0.094297
0.292106
0.160690
0.251485
0.203543
0.030935
0.115631
0.328152
0.146516
0.135600
0.058349
0.353322
0.222691
0.447691
0.168207
0.413889
0.317719
0.161598
0.170061
0.321271
0.211473
0.472333
0.140383
0.299646
0.111797
0.294018
0.027171
0.192438
0.067082
0.423744
0.474811
0.445965
0.259293
0.091327
0.551270
0.282471
0.750364
0.286756
0.428888
0.265108
0.214877
0.191469
0.281251
0.361011
0.256362
0.296732
0.251805
0.583277
0.577076
0.130598
0.234545
0.298412
0.471514
0.347826
0.304535
0.261135
0.527755
0.543827
0.910486
0.482133
0.155525
0.190020
0.360606
0.742840
0.492852
0.262833
0.270389
0.389958
0.352027
0.255038
0.391228
0.287752
0.334171
0.321877
0.156297
0.174063
0.336588
0.177167
0.265658
0.179640
0.560769
0.435669
0.188512
0.267083
0.615955
0.454078
0.224186
0.274598
0.281149
0.546838
0.085708
0.459701
0.257219
0.378900
0.251809
0.632910
0.164103
0.245016
0.327825
0.183218
0.110826
0.067731
0.120589
0.111521
0.274380
0.379865
0.174040
0.248523
0.251248
0.254761
0.274229
0.247956
0.217955
0.210798
0.172384
0.287732
0.210944
0.352424
0.102679
0.371864
0.317176
0.254907
0.087713
0.150550
0.335461
0.076591
0.253745
0.255702
0.357766
0.180517
0.249976
0.379982
0.136439
0.437322
0.199951
0.289131
0.029068
0.240679
0.161447
0.063581
0.270317
0.163372
0.086200
0.408750
0.249187
0.296588
0.402440
0.416762
0.226414
0.206427
0.340212
0.240458
0.151919
0.099548
0.166363
0.606756
0.695418
0.328122
0.302989
0.267886
0.085345
0.225424
0.045833
0.041004
0.466269
0.177836
0.180523
0.162310
0.115376
0.196006
0.229036
0.524801
0.167579
0.530001
0.340012
0.367799
0.140530
0.132967
0.106309
0.282528
0.167554
0.065025
0.032530
0.279537
0.240710
0.273340
0.177965
0.371400
0.290768
0.361534
0.179433
0.382111
0.139864
0.226398
0.319995
0.074592
0.147029
0.410700
0.325533
0.489763
0.440727
0.156980
0.193519
0.244809
0.159092
0.228595
0.491496
0.324654
0.617689
0.205970
0.494087
0.294655
0.142941
0.366280
0.204035
0.298516
0.275605
0.345628
0.429578
0.134753
0.075278
0.152781
0.203819
0.086712
0.238368
0.234353
0.130579
0.317304
0.313677
0.268387
0.333728
0.131726
0.116310
0.601587
0.168432
0.215527
0.410928
0.352207
0.431054
0.390859
0.742760
0.113757
0.177806
0.151597
0.235724
0.381318
0.610532
0.224372
0.348492
0.629357
0.337607
0.198249
0.251466
0.348826
0.173136
0.184840
0.346985
0.104334
0.315604
0.239408
0.433600
0.256078
0.137538
0.499623
0.159837
0.149573
0.127944
0.125438
0.303318
0.250003
0.243057
0.333603
0.125199
0.147097
0.403057
0.163609
0.332588
0.473278
0.150004
0.648671
0.357209
0.066113
0.269722
0.408241
0.243445
0.431692
0.329965
0.435636
0.583308
0.196289
0.242429
0.180301
0.090142
0.178163
0.164235
0.219881
0.404866
0.266199
0.252236
0.194935
0.228123
0.757693
0.199301
0.294625
0.181656
0.252489
0.112716
0.244701
0.600022
0.205666
0.449435
0.629561
0.205331
0.276863
0.278432
0.420188
0.161378
0.149651
0.508944
0.487103
0.266995
0.217998
0.082810
0.136004
0.351750
0.195924
0.277044
0.154472
0.413112
0.125094
0.195281
0.466254
0.260814
0.220958
0.646840
0.208836
0.232150
0.596755
0.308327
0.230498
0.241790
0.479992
0.261316
0.303534
0.179157
0.521568
0.263750
0.216086
0.287628
0.405838
0.314339
0.208373
0.465677
0.133944
0.489219
0.221528
0.234669
0.471871
0.272093
0.235050
0.363174
0.170334
0.495842
0.268030
0.226158
0.250842
0.296936
0.127352
0.533254
0.271439
0.464461
0.495869
0.144261
0.130622
0.224298
0.487672
0.337395
0.126594
0.258617
0.284383
0.596884
0.260477
0.213232
0.119282
0.239018
0.133609
0.233241
0.152679
0.291558
0.206518
0.634114
0.171097
0.491533
0.268659
0.168313
0.169331
0.158216
0.348753
0.098549
0.179538
0.111461
0.091518
0.265230
0.232368
0.264888
0.508939
0.289939
0.200253
0.445427
0.163969
0.153027
0.306095
0.246690
0.385093
0.309729
0.184324
0.328565
0.398379
0.267834
0.077149
0.218159
0.290551
0.329982
0.415198
0.337195
0.164416
0.134710
0.218270
0.218648
0.242423
0.065420
0.192400
0.071424
0.099104
0.185576
0.095417
0.086583
0.407148
0.205668
0.060435
0.356337
0.321146
0.230338
0.185736
0.259348
0.075923
0.323282
0.394465
0.124355
0.276160
0.124272
0.163417
0.333527
0.295011
0.237326
0.388507
0.091331
0.467501
0.242368
0.476474
0.198527
0.187115
0.147410
0.225383
0.317520
0.370380
0.441276
0.283184
0.250994
0.329925
0.349826
0.302395
0.175357
0.454821
0.217842
0.034682
0.447021
0.362365
0.324942
0.295362
0.463090
0.492054
0.228718
0.472587
0.180286
0.312123
0.281092
0.312198
0.374395
0.139534
0.179994
0.144849
0.144606
0.520406
0.432150
0.369840
0.331443
0.164736
0.226649
0.496082
0.152592
0.601606
0.085621
0.229105
0.272136
0.141302
0.421017
0.300578
0.213632
0.281373
0.582209
0.167734
0.203268
0.325603
0.331691
0.309491
0.203339
0.244304
0.106417
0.082761
0.226394
0.243138
0.192988
0.247403
0.024605
0.327089
0.427037
0.285927
0.200211
0.251338
0.173160
0.217092
0.112471
0.151962
0.216266
0.057229
0.115510
0.266871
0.186389
0.174331
0.159386
0.242763
0.218111
0.152467
0.234572
0.142883
0.064285
0.160698
0.178757
0.053382
0.183731
0.100056
0.191830
0.178618
0.185129
0.106931
0.084621
0.185962
0.122138
0.123196
0.155292
0.189254
0.276758
0.268496
0.061550
0.028918
0.152521
0.076229
0.176415
0.106001
0.229942
0.014838
0.126860
0.267097
0.238854
0.268655
0.178892
0.169911
0.185513
0.297857
0.073374
0.122940
0.185445
0.132730
0.181995
0.212749
0.215379
0.055887
0.066027
0.065392
0.232688
0.229962
0.122362
0.241831
0.098548
0.076886
0.284404
0.139312
0.120100
0.214725
0.235432
0.187774
0.204775
0.156909
0.119879
0.110851
0.306185
0.140318
0.164799
0.086832
0.180648
0.283929
0.252014
0.045342
0.311779
0.118088
0.097861
0.114739
0.105140
0.322693
0.466297
0.515323
0.117279
0.207623
0.210175
0.307304
0.179205
0.303324
0.114600
0.218964
0.203680
0.272913
0.275436
0.226575
0.227099
0.166786
0.174089
0.042192
0.167092
0.243054
0.159033
0.058786
0.229577
0.197753
0.264605
0.266814
0.137566
0.202566
0.125952
0.082513
0.273268
0.250472
0.051890
0.179086
0.250059
0.286202
0.366951
0.160693
0.235174
0.281863
0.057313
0.315632
0.354825
0.059362
0.197407
0.341498
0.258717
0.285807
0.405716
0.200115
0.311710
0.148734
0.204769
0.080240
0.186066
0.117677
0.131640
0.468325
0.541958
0.205307
0.358289
0.378904
0.287109
0.528519
0.589257
0.507037
0.143067
0.442399
0.648684
0.208721
0.159325
0.370737
0.478231
0.673886
0.506536
0.214013
0.254045
0.244274
0.209398
0.302902
0.294576
0.251339
0.315536
0.115238
0.777043
0.280110
0.362663
0.249402
0.159035
0.371272
0.447617
0.106087
0.557680
0.379066
0.437507
0.446459
0.171000
0.294291
0.335686
0.427565
0.203928
0.172992
0.469520
0.208686
0.214949
0.187315
0.167488
0.235314
0.122135
0.103307
0.323203
0.187092
0.268359
0.393821
0.270935
0.163075
0.283565
0.441030
0.199458
0.217168
0.339487
0.296535
0.351050
0.424451
0.354000
0.038162
0.359894
0.160751
0.187842
0.281697
0.111660
0.579050
0.725567
0.457400
0.283829
0.117791
0.328336
0.293454
0.158486
0.208815
0.323542
0.356088
0.561079
0.102340
0.367908
0.135085
0.264287
0.146956
0.122865
0.205978
0.349315
0.241887
0.170546
0.453329
0.203904
0.136745
0.351224
0.122914
0.350703
0.248133
0.269626
0.141014
0.170952
0.551378
0.278352
0.103365
0.273721
0.282241
0.168387
0.142118
0.170450
0.258380
0.154103
0.047026
0.092049
0.465928
0.240903
0.319064
0.168456
0.187904
0.301511
0.139896
0.129734
0.382765
0.315089
0.164546
0.345765
0.286165
0.196721
0.296557
0.175846
0.087751
0.205295
0.126440
0.125048
0.346992
0.281816
0.142934
0.222750
0.167138
0.140990
0.162048
0.138600
0.138284
0.213651
0.085991
0.410963
0.080712
0.202134
0.321026
0.771291
0.339925
0.095727
0.222018
0.237812
0.122827
0.416913
0.300018
0.393288
0.283457
0.254539
0.199158
0.091005
0.163306
0.084127
0.164473
0.254003
0.334301
0.186845
0.287488
0.195622
0.340370
0.308656
0.201357
0.227414
0.059527
0.179917
0.231579
0.327542
0.130528
0.106143
0.343762
0.215202
0.561536
0.375164
0.373985
0.071774
0.471617
0.163339
0.431793
0.341294
0.106915
0.319555
0.192715
0.196850
0.164198
0.343821
0.797527
0.189395
0.235524
0.208185
0.279680
0.616912
0.396106
0.602512
0.544845
0.316262
0.316811
0.210907
0.164425
0.211209
0.167035
0.256687
0.145240
0.263653
0.538344
0.269032
0.195145
0.085372
0.168009
0.108767
0.282284
0.150476
0.054576
0.353651
0.299778
0.149397
0.121024
0.120140
0.191144
0.244542
0.078520
0.103019
0.209271
0.086334
0.302402
0.178965
0.236368
0.108273
0.186502
0.304575
0.183642
0.279855
0.098050
0.121903
0.067112
0.349755
0.079363
0.270980
0.220531
0.098140
0.094215
0.275655
0.037634
0.235291
0.133017
0.488570
0.173935
0.294224
0.203708
0.460342
0.275730
0.304150
0.036357
0.264538
0.071345
0.185102
0.523647
0.397217
0.331846
0.514678
0.259657
0.123581
0.332276
0.257854
0.081410
0.258556
0.233066
0.307078
0.220009
0.233687
0.607206
0.035698
0.242437
0.318590
0.346418
0.311213
0.217856
0.240947
0.363624
0.287404
0.100074
0.180213
0.106392
0.364961
0.224653
0.166479
0.560518
0.142019
0.212346
0.278870
0.209639
0.191443
0.330361
0.433621
0.593216
0.146024
0.257405
0.382299
0.208006
0.088069
0.090640
0.164866
0.498544
0.270988
0.360978
0.562315
0.116299
0.142723
0.233415
0.220642
0.518221
0.218950
0.593451
0.342658
0.063217
0.373069
0.429210
0.339302
0.238165
0.141730
0.151700
0.241553
0.098630
0.319517
0.118790
0.438985
0.283461
0.410917
0.176197
0.116168
0.121851
0.117228
0.249075
0.275119
0.280477
0.359928
0.146528
0.098425
0.271915
0.131031
0.260329
0.188206
0.059320
0.390667
0.413900
0.171518
0.176340
0.174366
0.249045
0.104511
0.330771
0.176229
0.066901
0.070810
0.184507
0.290487
0.047222
0.230359
0.275681
0.434771
0.212901
0.108426
0.167743
0.180589
0.387251
0.158520
0.165530
0.235132
0.148021
0.151508
0.239034
0.222859
0.542415
0.256727
0.410879
0.224894
0.125132
0.380703
0.169550
0.255196
0.126580
0.273822
0.288705
0.312492
0.326482
0.217135
0.156243
0.314081
0.416821
0.044095
0.248022
0.261798
0.037418
0.083308
0.328308
0.372325
0.203981
0.293934
0.155207
0.419860
0.104509
0.262261
0.130192
0.233344
0.209990
0.170138
0.218336
0.186801
0.067327
0.196244
0.412057
0.334676
0.054133
0.132873
0.161816
0.285391
0.202508
0.125334
0.097502
0.099782
0.056737
0.061455
0.159799
0.249876
0.362634
0.338877
0.269630
0.417591
0.155074
0.088288
0.079171
0.152904
0.189052
0.304728
0.312651
0.279537
0.289937
0.385965
0.297394
0.147897
0.113254
0.400965
0.625585
0.099368
0.324071
0.282689
0.048663
0.171903
0.242628
0.183694
0.320979
0.290136
0.081870
0.160012
0.254155
0.113962
0.172246
0.094140
0.310855
0.258151
0.262460
0.192595
0.216147
0.151989
0.139954
0.115419
0.329612
0.264559
0.079909
0.202424
0.318235
0.145215
0.188180
0.246360
0.022772
0.312913
0.108205
0.192135
0.119930
0.211405
0.213501
0.402396
0.358415
0.346370
0.117893
0.106015
0.066524
0.286030
0.242829
0.255375
0.253985
0.147610
0.360327
0.054887
0.295747
0.190541
0.160237
0.309594
0.207040
0.236912
0.038413
0.200738
0.403701
0.159480
0.371479
0.227670
0.322561
0.348404
0.084571
0.328210
0.203173
0.261328
0.153422
0.291249
0.370296
0.322230
0.411741
0.117801
0.278970
0.288684
0.263235
0.206829
0.418369
0.314098
0.240510
0.369963
0.129420
0.183861
0.161655
0.031308
0.110408
0.273286
0.281585
0.213321
0.279566
0.282936
0.336217
0.142894
0.372530
0.120146
0.475460
0.269940
0.246658
0.256114
0.141483
0.417070
0.160457
0.228996
0.431219
0.207191
0.089883
0.389342
0.270898
0.127181
0.176069
0.314039
0.343646
0.363932
0.533665
0.210880
0.227916
0.314654
0.200474
0.248833
0.238373
0.319470
0.076931
0.145382
0.259903
0.254809
0.224105
0.207345
0.394031
0.087623
0.378438
0.225130
0.129618
0.177885
0.036389
0.275045
0.080831
0.108081
0.552177
0.136401
0.176690
0.099949
0.599501
0.048134
0.145494
0.156385
0.169158
0.240322
0.336596
0.183272
0.254846
0.166925
0.233305
0.116409
0.207413
0.161481
0.514900
0.120919
0.239645
0.210053
0.103906
0.469032
0.209757
0.308500
0.164253
0.100757
0.209130
0.181180
0.086153
0.188691
0.165159
0.201310
0.127110
0.068038
0.113640
0.270461
0.173963
0.092515
0.192580
0.090112
0.213676
0.166323
0.273953
0.519196
0.079085
0.211165
0.101424
0.105296
0.273415
0.256148
0.204961
0.013969
0.130997
0.364632
0.254882
0.148555
0.190555
0.141148
0.317592
0.368580
0.240387
0.171113
0.203844
0.329509
0.402188
0.160075
0.017164
0.091678
0.148971
0.398845
0.128380
0.237781
0.083181
0.128171
0.239623
0.344287
0.241206
0.089556
0.322900
0.175858
0.104614
0.048114
0.272926
0.102559
0.572652
0.126187
0.184013
0.081298
0.182947
0.237820
0.227051
0.410979
0.191294
0.379581
0.227087
0.318804
0.114683
0.011350
0.265946
0.074978
0.140962
0.344494
0.547931
0.156613
0.201416
0.316120
0.326318
0.259092
0.135691
0.267837
0.274637
0.287645
0.269732
0.206492
0.331724
0.259769
0.298414
0.535893
0.484105
0.085724
0.097453
0.214476
0.188614
0.305634
0.375469
0.142725
0.197863
0.303942
0.293033
0.386580
0.208551
0.161525
0.262775
0.212518
0.163403
0.331855
0.067606
0.292867
0.192322
0.101581
0.180056
0.106061
0.138971
0.079922
0.376595
0.154373
0.438365
0.178186
0.412371
0.318205
0.173899
0.267050
0.108049
0.214594
0.330201
0.194447
0.157866
0.064746
0.263812
0.146041
0.046553
0.070886
0.360920
0.215155
0.278672
0.329197
0.250099
0.422652
0.221928
0.260420
0.457580
0.178981
0.230577
0.357797
0.274716
0.172288
0.119136
0.310415
0.394980
0.105512
0.243928
0.200489
0.397341
0.157497
0.301257
0.092585
0.368827
0.118523
0.187805
0.209292
0.315991
0.145607
0.292324
0.337540
0.196923
0.494133
0.212204
0.047309
0.106550
0.283248
0.213284
0.126094
0.146138
0.099061
0.242854
0.175791
0.246008
0.188224
0.225684
0.131811
0.114443
0.233122
0.107440
0.118533
0.251326
0.181799
0.529752
0.110430
0.116743
0.257970
0.220112
0.114145
0.131097
0.050244
0.236705
0.226037
0.156928
0.215413
0.193339
0.179495
0.263564
0.214850
0.377369
0.200226
0.474944
0.509916
0.193896
0.371095
0.158034
0.288976
0.137967
0.321373
0.534889
0.707556
0.331521
0.327513
0.179299
0.047396
0.144405
0.248030
0.042051
0.188534
0.387127
0.151565
0.082596
0.211670
0.429693
0.197482
0.065016
0.431685
0.281107
0.267379
0.416774
0.299962
0.618461
0.339712
0.277510
0.165543
0.270948
0.358169
0.420575
0.713387
0.530584
0.381716
0.125003
0.248327
0.097608
0.162377
0.455883
0.275732
0.292046
0.146103
0.206794
0.244704
0.163347
0.168529
0.204685
0.360094
0.132725
0.218328
0.144776
0.138002
0.394234
0.325948
0.207622
0.122672
0.075462
0.238754
0.218656
0.138137
0.131557
0.326881
0.309514
0.077084
0.377371
0.371052
0.115071
0.239506
0.167330
0.330000
0.334031
0.158460
0.202543
0.583013
0.387142
0.518773
0.155450
0.413415
0.147216
0.113707
0.247617
0.452544
0.226358
0.126819
0.317026
0.252357
0.137358
0.279902
0.220898
0.225440
0.097701
0.101059
0.351735
0.252183
0.478396
0.354461
0.313153
0.226282
0.278001
0.197349
0.152850
0.649908
0.092839
0.387397
0.185071
0.239319
0.402918
0.263494
0.501539
0.303030
0.452952
0.204092
0.098572
0.225194
0.325217
0.235610
0.438578
0.180934
0.166338
0.329992
0.271607
0.446198
0.083352
0.080087
0.120163
0.050614
0.096790
0.126534
0.448610
0.150878
0.183625
0.066019
0.102406
0.154871
0.121510
0.347844
0.346160
0.190588
0.145111
0.181951
0.221606
0.077487
0.348842
0.122704
0.146866
