0.006714
11.890385
0.006602
0.008129
0.009320
0.012328
0.018968
0.013583
0.020473
0.019258
0.017619
0.018696
0.017594
0.019141
0.023308
0.021702
0.016889
0.016212
0.013680
0.020038
0.017212
0.009102
0.013565
0.011724
0.069447
0.022277
0.010053
0.011868
0.012813
0.012423
0.011183
0.010753
0.005366
0.008120
0.009580
0.008376
0.008901
0.004688
0.006742
0.008199
0.006695
0.006651
0.007547
0.009497
0.009050
0.006695
0.005743
0.007157
0.009155
0.009721
0.012246
0.010542
0.007528
0.007859
0.011156
0.010146
0.011499
0.006526
0.018791
0.081519
0.147078
0.102733
0.013469
0.009064
0.018481
0.117260
1.857583
0.043906
0.007945
0.005309
0.007686
0.005640
0.012098
0.009578
0.014918
0.009693
0.005868
0.015051
0.013078
0.010022
0.013481
0.015905
0.017463
0.012437
0.015978
0.013180
0.012423
0.018736
0.118390
0.027465
0.022991
0.057375
0.035055
0.050332
0.110541
0.046091
0.041423
0.091462
0.039544
0.042234
0.158597
2.505769
0.048256
0.020946
0.015204
0.011071
0.010785
0.010470
0.019112
0.013488
0.019113
0.017020
0.017147
0.013075
0.007647
0.015158
0.012800
0.015469
0.014183
0.010937
0.015525
0.014303
0.016192
0.012886
0.011649
0.009943
0.005198
0.007356
0.010556
0.007595
0.007854
0.009083
0.007009
0.008892
0.005069
0.006531
0.005736
0.009217
0.005531
0.009008
0.005809
0.007442
0.004486
0.008836
0.006386
0.009792
0.005022
0.005964
0.010622
0.007997
0.005095
0.003961
0.006053
0.020670
0.041995
0.024563
0.048246
0.237092
0.110507
0.021477
0.009859
0.005500
0.007706
0.003586
0.005442
0.005861
0.006456
0.007673
0.005189
0.003863
0.006812
0.004056
0.004327
0.011349
0.053564
0.142388
0.857224
0.104661
0.040341
0.027653
0.013681
0.022301
0.028140
0.074105
0.227995
0.157378
0.075814
0.135577
0.126668
0.313402
0.269591
0.220357
0.214221
0.158226
0.607379
0.500205
0.383531
0.285165
0.189708
0.372982
0.206104
0.139494
0.164959
0.126362
0.179284
0.474158
0.485585
0.155226
0.143000
0.209472
0.890954
1.187386
0.331615
0.338413
0.166118
0.212391
0.245731
0.310224
1.148975
0.598169
0.367692
0.452225
0.516791
0.383963
0.290971
0.308330
0.739887
0.690712
0.595184
0.567318
0.493303
0.484517
0.200006
0.412327
0.377637
0.336419
0.201273
0.664837
0.451922
0.501123
0.717446
0.636880
0.646844
0.202869
0.379961
0.246334
0.401665
0.411334
0.471710
0.561096
0.598763
0.710048
0.332422
0.302964
0.206032
0.420177
0.350477
0.506293
0.478146
0.401920
0.629707
0.446571
0.312938
0.439754
0.367561
0.932198
0.455649
0.356600
0.297591
0.357753
0.453566
0.325013
0.530714
0.268714
0.376009
0.467949
0.565772
0.691428
0.447034
0.515282
0.503558
0.426834
0.357833
0.632977
0.345566
0.275076
0.214863
0.348124
0.275465
1.035293
0.978709
0.706204
0.279930
0.405575
0.492650
0.350313
0.331977
0.307472
0.439467
0.318585
0.386137
0.475680
0.444707
0.606720
0.375516
0.597704
0.587224
0.492276
0.447554
0.546481
0.336660
0.390821
0.523050
0.363486
0.576163
0.419526
0.451881
0.447731
0.488266
0.437080
0.254155
0.228927
0.328804
0.389489
0.715998
0.360501
0.586726
0.418989
0.332777
0.340940
0.491799
0.634323
0.791682
0.369782
0.440945
0.449774
0.556447
0.605740
0.573217
0.457227
0.324437
0.437843
0.512926
0.425083
0.391929
0.337006
0.361308
0.279779
0.401984
0.326263
0.521322
0.784693
0.435941
0.477704
0.298952
0.253016
0.486915
0.359370
0.422687
0.482323
0.452290
0.434412
0.350609
0.478754
0.309694
0.557649
0.396752
0.541791
0.376134
0.563269
0.598861
0.405207
0.413536
0.441652
0.517713
0.587231
0.773149
0.581050
0.270056
0.408558
0.356636
0.532186
0.531933
0.472898
0.385076
0.574096
0.565117
0.372645
0.693425
0.468207
0.735277
0.419875
0.586840
0.472682
0.494104
0.513007
0.433026
0.270417
0.659935
0.557433
0.302894
0.560696
0.514807
0.412264
0.417692
0.461896
0.290225
0.360372
1.254167
0.733315
0.613749
0.702121
0.328061
0.312971
0.285563
0.544150
0.441749
0.870046
0.512329
0.804964
0.697162
0.443948
0.478671
0.723880
0.298010
0.241671
0.457381
0.575178
0.747269
0.365838
0.559501
0.321101
0.730743
0.769754
0.457136
0.490888
0.788549
0.429791
0.508795
0.348161
0.418968
0.557702
0.392930
0.393535
0.451245
0.772291
0.505889
0.348017
0.285109
0.547457
0.420120
0.333852
0.351222
0.361203
0.358467
0.580726
0.553990
0.663837
0.444415
0.674102
0.578023
0.414953
0.294304
0.256589
0.270889
0.327571
0.674274
0.546519
0.557593
0.591377
0.716395
0.585232
0.371936
0.367212
0.610034
0.613372
0.757019
0.819723
0.864197
0.552709
0.457502
0.515890
0.509169
0.656114
0.551134
0.559320
0.377891
0.522481
0.624660
1.048269
0.581228
0.361282
0.560427
0.433461
0.502674
0.676093
0.394462
0.584738
0.563702
0.402733
0.540616
0.323981
0.540522
0.524126
0.446198
0.569728
0.384643
0.658302
0.675438
0.511239
1.098472
0.469591
0.718312
0.686234
0.626180
0.381766
0.484862
0.534304
0.591520
0.567956
0.438553
0.292758
0.406368
0.398670
0.469076
0.735944
0.623402
0.388702
0.455000
0.595392
0.451504
0.580400
0.379044
0.941315
0.604921
0.484717
0.589833
0.596782
0.475193
0.922084
0.638543
0.380711
0.518847
0.391153
0.518409
0.310953
0.555666
0.696970
0.581824
0.635648
0.526015
0.553217
0.375064
0.635821
0.456561
0.355663
0.340497
0.356550
0.421824
0.355189
0.572530
0.638869
0.402902
0.543974
0.413804
0.614118
0.715069
0.417332
0.328048
0.382934
0.358334
0.406527
0.230562
0.357000
0.484732
0.750847
0.616547
0.338263
0.525622
0.431831
0.523685
0.422998
0.557341
0.635607
0.728035
0.308244
0.421491
0.471346
0.531081
0.498385
0.866265
0.527936
1.028694
0.670594
0.461113
0.678934
0.679568
0.759065
0.695035
0.557931
0.261661
0.470331
0.810243
0.616675
0.583493
0.322632
0.715228
0.393466
0.408903
0.548040
0.640765
0.459444
0.584135
0.736796
0.649231
0.400680
0.471738
0.589592
0.686246
0.759400
0.766582
0.533924
0.622636
0.561807
0.473340
0.595724
0.416875
0.720871
0.482971
0.434864
0.467806
0.619318
0.552676
0.710665
0.367121
0.348925
0.395490
0.662319
0.766045
0.576778
0.436668
0.531343
0.459166
0.380123
0.728626
0.561354
0.367165
0.398511
0.643077
0.372078
0.414484
0.447917
0.683991
0.628759
0.480225
0.437776
0.446973
0.396931
0.612071
0.345644
0.473858
0.545727
0.538439
0.646716
0.383834
0.542530
0.528258
0.605516
0.277362
0.501518
0.309899
0.500299
0.421942
0.459202
0.506619
0.450548
0.331362
0.512755
0.390893
0.417553
0.392560
0.496393
0.790815
0.642687
0.423994
0.447327
0.874132
0.892763
0.392412
0.572765
0.699778
0.292182
0.422825
0.430954
0.373557
0.345706
0.465036
0.562131
0.737834
0.516718
0.467925
0.449813
0.448451
0.644028
0.613097
0.389434
0.380372
0.769026
0.669245
0.492165
0.408484
0.488856
0.583061
0.316901
0.308215
0.516261
0.776076
0.300510
0.415515
0.548098
0.506620
0.299326
0.529307
0.359351
0.316815
0.576803
0.515261
0.525788
0.470797
0.512307
0.618331
0.758442
0.865271
0.669730
0.837637
0.537820
0.611454
1.016102
0.501799
0.611245
0.451861
0.555439
0.385734
0.368588
0.643515
0.597634
0.533941
0.367182
0.480858
0.630367
0.421489
0.564918
0.635895
0.563165
0.414335
0.796907
0.425165
0.413929
0.447745
0.606740
0.409991
0.398474
0.366283
0.655306
0.505027
0.526915
0.712965
0.650613
0.806036
0.338316
0.546073
0.461957
0.417937
0.754532
0.708414
0.567229
0.507913
0.618839
0.573707
0.446544
0.633926
0.687524
0.915166
0.595977
0.361477
0.346935
0.610312
0.562981
0.529138
0.379301
0.483986
0.432895
0.702478
0.719308
1.064113
0.709371
0.471719
0.674721
0.423423
0.501710
0.524677
0.544946
0.328749
0.501024
0.440317
0.381689
0.557055
0.440834
0.530346
0.609567
0.507329
0.642320
0.435967
0.614183
0.461571
0.446491
0.652634
0.571680
0.544877
0.531542
0.435422
0.575688
0.635865
0.840780
1.020268
0.937591
0.854922
0.569046
0.475294
0.556850
0.506801
0.245200
0.655205
0.655339
0.606340
0.596561
0.680507
0.568537
0.442489
0.733638
0.682116
0.516675
0.601990
1.014280
1.231161
0.793763
0.787087
0.476295
0.579432
0.724959
0.529373
0.611460
0.437923
0.386248
0.409854
0.745911
0.404866
0.404990
0.538972
0.584290
0.465200
0.310645
0.468800
0.803330
0.709884
0.358177
0.580613
0.407552
0.762616
0.537698
0.466504
0.773369
0.480233
0.447703
0.579802
0.312052
0.496850
0.687898
0.315964
0.477685
0.490159
0.648664
0.485964
0.492594
0.483283
0.310291
0.466437
0.684028
0.605248
0.778290
0.479851
0.449207
0.430487
0.520545
0.334754
0.500410
0.343676
0.532242
0.438390
0.431486
0.370334
0.566710
0.452415
0.327924
0.545344
0.571388
0.525857
0.670452
0.465037
0.604856
0.630773
0.861543
0.505772
0.613369
0.413916
0.441727
0.515344
0.469860
0.300556
0.376802
0.418739
0.650723
0.540141
0.496477
0.544451
0.498573
0.605633
0.334211
0.776632
0.424771
0.490469
0.530663
0.507103
0.530502
0.650314
0.546975
0.365568
0.666951
0.436080
0.553599
0.445310
0.449125
0.349232
0.431656
0.471710
0.575368
0.464359
0.761950
0.692995
0.744860
0.453795
0.429924
0.684887
0.748026
0.571608
0.471381
0.670503
0.559993
0.865567
0.478460
0.544495
0.701410
0.564864
0.707843
0.646360
0.565026
0.647772
0.610571
0.436549
0.346089
0.321994
0.417633
0.511275
0.701907
0.814632
0.395701
0.586389
0.375088
0.594378
0.825875
0.434952
0.490371
0.365277
0.417535
0.497352
0.594100
0.469334
0.430595
0.535097
0.323224
0.722984
0.349466
0.437926
0.751663
0.790002
0.637355
0.521437
0.476107
0.765609
0.640009
0.549638
0.377295
0.407822
0.519418
0.441756
0.543166
0.396880
0.390016
0.522231
0.479755
0.305808
0.400253
0.625787
0.742210
0.680316
0.601557
0.792467
0.634114
0.790792
0.588078
0.585523
0.568365
0.490314
0.329627
0.519817
0.461677
0.654228
0.459453
0.485229
0.490027
0.575417
0.498335
0.384301
0.347010
0.581463
0.640944
0.734132
0.401431
0.415349
0.445795
0.519632
0.584177
0.584129
0.836297
0.382713
0.381986
0.867850
0.301261
0.447822
0.571204
0.466056
0.377460
0.772459
0.482490
0.419079
0.466192
0.474825
0.722920
0.637567
0.518888
0.583169
0.353507
0.456217
0.530344
0.509910
0.545781
0.401845
0.338874
0.443287
0.474028
0.543890
0.516657
0.502911
0.608246
0.878781
0.606049
0.571392
0.879013
0.687489
0.523900
0.533180
0.728073
0.719009
0.513274
0.671406
0.514329
0.484437
0.457472
0.563079
0.643653
0.572894
0.456849
0.657371
0.278366
0.325061
0.528971
0.418985
0.562375
0.862794
0.453285
0.412443
0.371608
0.429649
0.444973
0.601278
0.474614
0.525101
0.779794
0.564556
0.637733
0.494472
0.931476
0.641533
0.511671
0.373355
0.554536
0.633709
0.515606
0.436978
0.670536
0.525141
0.614200
0.261987
0.517442
0.512901
0.430475
0.465848
0.490948
0.582143
0.460267
0.455843
0.395205
0.750782
0.485937
0.540573
0.387811
0.344318
0.402521
0.447970
0.401898
0.460493
0.479608
0.477117
1.096355
0.327720
0.412910
0.688024
0.430047
0.404586
0.532851
0.416025
0.509068
0.467932
0.454714
0.457824
0.615150
0.496186
0.253500
0.674043
0.538160
0.425401
0.899197
0.356286
0.610158
0.639502
0.263757
0.560771
0.357069
0.720434
0.418388
0.555915
0.440203
0.664895
0.725032
0.549977
0.802324
0.561778
0.376522
0.541548
0.710949
0.508345
0.525609
0.512468
0.517471
0.496284
0.297167
0.439685
0.552985
0.483373
0.506125
0.511984
0.719087
0.563483
0.575521
0.450557
0.579469
0.573323
0.496173
0.581655
0.724045
0.357884
0.541511
0.553239
0.656032
0.667766
0.438172
0.534197
0.651844
0.518230
0.666281
0.307751
0.505968
0.474456
0.512449
0.399456
0.739690
0.481582
0.594612
0.547206
0.386172
0.656463
0.402422
0.858757
0.343694
0.306705
0.585495
0.517387
0.447828
0.432852
0.350672
0.378225
0.390091
0.442167
0.445068
0.583770
0.563056
0.409873
0.491161
0.475856
0.571350
0.456726
0.556872
0.626841
0.545363
0.498655
0.442220
0.568452
0.555529
0.350160
0.451656
0.458946
0.507043
0.694912
0.437366
0.409489
0.326674
0.407986
0.544832
0.472353
0.596449
0.529253
0.893900
0.646928
0.624169
0.728618
0.551932
0.518484
0.615529
0.435064
0.848606
0.352689
0.411635
0.590768
0.599183
0.665903
0.552469
0.473879
0.443801
0.606310
0.603041
0.487893
1.089833
0.439415
0.491365
0.767445
0.514326
0.513393
0.455728
0.448530
0.421263
0.426508
0.303575
0.413948
0.457915
0.357220
0.380632
0.411219
0.435683
0.371883
0.572453
0.433097
0.421648
0.412198
0.732392
0.535893
0.493133
0.898535
0.638827
0.311331
0.417896
0.373116
0.383923
0.459843
0.603739
0.476866
0.831261
0.694593
0.802012
1.102013
0.405550
0.657777
0.677451
0.483810
0.353460
0.607486
0.505559
0.325051
0.288708
0.537277
0.456584
0.580057
0.634367
0.374583
0.414565
0.634938
0.397126
0.474960
0.409343
0.421864
0.577708
0.512674
0.521867
0.281530
0.346774
0.622657
0.492134
0.731788
0.594038
0.772422
0.691139
0.376479
0.476004
0.514173
0.589772
0.534140
0.428651
0.299944
0.499599
0.473565
0.584900
0.474554
0.550466
0.560485
0.470858
0.406255
0.553339
0.379166
0.423932
0.698988
0.380045
0.581565
0.896432
0.696169
0.689143
0.375037
0.477026
0.586737
0.300615
0.398991
0.477929
0.334623
0.524633
0.570279
0.536719
0.432084
0.908527
0.347478
0.467833
0.781116
0.502910
0.582333
0.964211
0.451621
0.752444
0.735554
0.425584
1.286961
0.873800
0.419894
0.442401
0.728658
0.985955
0.752526
0.550176
0.369794
0.518567
0.651053
0.553770
0.454179
0.724518
0.538178
0.522993
0.528014
0.667402
0.771512
0.952256
0.586331
0.888256
0.592187
0.346088
0.415656
0.640816
0.477350
0.330433
0.446431
0.580676
0.600311
0.490845
0.463874
0.411618
0.477172
0.443373
0.625859
0.509122
0.577343
0.856311
0.552644
0.640731
0.506350
0.702455
0.562751
0.461938
0.506917
0.449664
0.617707
0.824080
0.582107
0.614341
0.800587
0.527432
0.402322
0.593890
0.790716
0.576789
0.621633
0.437033
0.723599
0.338623
0.381532
0.455679
1.163643
0.360743
0.397709
0.358543
0.602612
0.613143
0.622756
0.524434
0.316363
0.401976
0.873602
0.574083
0.591343
0.383265
0.532969
0.520403
0.418172
0.541472
0.497938
0.584115
0.445389
0.421287
0.354992
0.439880
0.410019
0.520262
0.391425
0.497866
0.404934
0.586955
0.415223
0.393533
0.331128
0.315295
0.727145
0.734433
0.554307
0.410461
0.644170
0.352806
0.554830
0.575036
0.693994
0.613061
0.410133
0.716371
0.569803
0.826010
0.549237
0.402821
0.413426
0.687797
0.516508
0.365569
0.419429
0.414887
0.482599
0.553796
0.498270
0.530406
0.742910
0.498056
0.899470
0.464550
0.496272
0.636995
0.328775
0.866863
0.736041
0.632797
0.677404
0.534183
0.701499
0.600178
1.201757
0.772693
0.549860
0.569066
0.428836
0.549273
0.480756
0.737216
0.639562
0.662918
0.306101
0.476316
0.521991
0.411327
0.441184
0.490260
0.384899
0.379242
0.661221
0.456184
0.292894
0.461931
0.487703
0.318386
0.724157
0.869345
0.784823
0.423972
0.446401
1.157930
0.657331
0.468341
0.554457
0.522401
0.413664
0.622943
0.399938
0.392570
0.662138
0.726009
0.497981
0.500069
0.405287
0.441835
0.473558
0.422322
0.417505
0.319764
0.613531
0.494732
0.326590
0.521320
0.523454
0.573480
0.511230
0.518923
0.579637
0.818370
0.483580
0.465755
0.571946
0.273568
0.279572
0.358008
0.515914
0.532002
0.551735
0.539972
0.649187
0.532525
0.436332
0.546231
0.606721
0.463237
0.465465
0.416612
0.872458
0.475778
0.467901
0.386224
0.495127
0.641778
0.418267
0.401468
0.400888
0.377688
0.528744
0.657849
0.523273
0.564561
0.695867
0.518385
0.612082
0.380816
0.489436
0.603976
0.710924
0.577098
0.471873
0.331093
0.514717
0.589372
0.711499
0.736674
0.398626
0.429982
0.591929
0.364071
0.841976
0.476513
0.602419
0.545250
0.564332
0.705278
0.391422
0.450542
0.609504
0.480408
0.604411
0.502822
0.493933
0.497215
0.405559
0.403237
0.404967
0.388293
0.397579
0.491928
0.692177
0.727523
0.602184
0.447570
0.436607
0.468203
0.846511
0.841810
0.370697
0.643984
0.349801
0.749386
0.437830
0.582414
0.310791
0.575051
0.645908
0.506778
0.380374
0.376633
0.353968
0.492931
0.516363
0.514977
0.457966
0.311234
0.469566
0.518898
0.576940
0.376034
0.505971
0.417268
0.359051
0.435665
0.577178
0.558636
0.423470
0.583772
0.367274
0.379024
0.464340
0.505634
0.342860
0.772719
0.431165
0.482360
0.347882
0.424687
0.439593
0.443095
0.577096
0.311544
0.587983
0.387327
0.438002
0.618674
0.527446
0.301227
0.454669
0.452291
0.305241
0.643732
0.621211
0.369832
0.554370
0.544185
0.548869
0.368228
0.590739
0.544344
0.617287
0.431085
0.292316
0.417724
0.425192
0.488411
0.465343
0.361603
0.397247
0.585493
0.341228
0.582403
0.434030
0.497685
0.461249
0.439478
0.679206
0.388049
0.736491
0.443703
0.480699
0.582975
0.436084
0.388043
0.606574
0.752970
0.525840
0.935119
0.624920
0.540045
0.558138
0.497514
0.464398
0.329406
0.564278
0.693672
0.652324
0.566981
0.492226
0.392740
0.507720
0.401623
0.411236
0.695635
0.447723
0.342085
0.498976
0.559260
0.522342
0.678198
0.456767
0.646525
0.718497
0.601945
0.404370
0.463343
0.449407
0.396928
0.432719
0.426271
0.370156
0.774752
0.541904
0.477151
0.414461
0.586940
0.494581
0.544459
0.473576
0.499438
0.499043
0.495250
0.541818
0.653919
0.538343
0.432708
0.579632
0.642871
0.311196
0.419939
0.303188
0.417012
0.453648
0.589652
0.345860
0.549690
0.406604
0.503038
0.339618
0.444780
0.484596
0.537652
0.649587
0.504208
0.551566
0.488885
0.363121
0.524197
0.349090
0.413973
0.413320
0.442687
0.530979
0.619094
0.470255
0.590060
0.610085
0.455806
0.678603
0.666573
0.839307
0.524915
0.543130
0.400258
0.323534
0.475399
0.475379
0.492674
0.362546
0.592413
0.559009
0.384842
0.430536
0.357459
0.360406
0.345361
0.702812
0.511229
0.440379
0.408005
0.701563
0.384634
0.345186
0.441925
0.408780
0.435852
0.478110
0.421717
0.593171
0.475754
0.480813
0.364076
0.430493
0.487740
0.341720
0.486122
0.423422
0.440681
0.282935
0.303406
0.417853
0.489149
0.423606
0.417671
0.264862
0.506623
0.472053
0.754974
0.255187
0.453655
0.407448
0.276165
0.459435
0.477484
0.516196
0.420595
0.481869
0.322673
0.481222
0.505500
0.325937
0.558042
0.484636
0.607239
0.642721
0.592400
0.420116
0.723886
0.375832
0.464029
0.458479
0.401305
0.412130
0.421872
0.308777
0.372867
0.558733
0.500097
0.756247
0.295490
0.503669
0.519526
0.343728
0.697060
0.510206
0.572578
0.404288
0.676034
0.381702
0.378839
0.490186
0.537033
0.662281
0.457758
0.433322
0.372597
0.590299
0.620111
0.518511
0.489849
0.665757
0.436310
0.618864
0.517338
0.443319
0.416391
0.520988
0.310766
0.557417
0.624980
0.451776
0.271301
0.894027
0.390747
0.310662
0.638438
0.293749
0.408464
0.431717
0.508699
0.393126
0.505077
0.661118
0.451116
0.570127
0.505289
0.354687
0.469763
0.543467
0.634215
0.298555
0.408337
0.690688
0.518442
0.262237
0.634958
0.765592
0.389664
0.550053
0.593383
0.497913
0.511803
0.459563
0.374781
0.920675
0.373555
0.501304
0.450019
0.484800
0.476878
0.367508
0.470027
0.522078
0.620372
0.589253
0.558084
0.517191
0.329663
0.267634
0.408681
0.552127
0.525138
0.558374
0.613882
0.574416
0.497380
0.335037
0.390150
0.500578
0.609223
0.651768
0.491714
0.535509
0.515799
0.563368
0.507235
0.524709
0.523468
0.614662
0.604298
0.344914
0.497903
0.503205
0.694760
0.640272
0.551218
0.390712
0.559829
0.341053
0.324376
0.313709
0.628913
0.672350
0.815189
0.293910
0.536324
0.430643
0.705863
0.588407
0.587308
0.582728
0.494637
0.425277
0.360438
0.483854
0.480810
0.553463
0.429863
0.605541
0.633213
0.304978
0.543005
0.368800
0.322236
0.419982
0.416027
0.420743
0.379255
0.762002
0.339773
0.490509
0.402866
0.512176
0.550415
0.401582
0.450929
0.385395
0.491208
0.500937
0.355747
0.546501
0.448551
0.534172
0.424185
0.280263
0.370870
0.726671
0.743726
0.434357
0.444430
0.400868
0.481858
0.432373
0.419066
0.545328
0.437116
0.782011
0.500976
0.539323
0.366642
0.750818
0.582496
0.580777
0.711360
0.553150
0.586358
0.589873
0.421730
0.613395
0.418134
0.435052
0.487588
0.506114
0.386330
0.637423
0.512951
0.465608
0.438537
0.741997
0.374038
0.559710
0.554705
0.441441
0.497677
0.627954
0.589925
0.335696
0.418460
0.549014
0.400105
0.624390
0.342402
0.421084
0.546830
0.409076
0.523910
0.659114
0.513681
0.519821
0.462916
0.463596
0.587002
0.387270
0.713767
0.311521
0.301092
0.367448
0.617455
0.599558
0.468724
0.528569
0.416654
0.540811
0.374438
0.394066
0.570987
0.561623
0.423072
0.335255
0.533785
0.465167
0.393450
0.465160
0.480569
0.557574
0.441286
0.340112
0.320703
0.371587
0.472884
0.385683
0.290267
0.433742
0.514629
0.356441
0.326067
0.665079
0.375655
0.345457
0.361105
0.760323
0.749944
0.671151
0.413316
0.540341
0.681609
0.731182
0.464926
0.746433
0.492137
0.615689
0.567593
0.415933
0.545397
0.412035
0.511226
0.409261
0.818678
0.429185
0.502019
0.358954
0.345000
0.382978
0.502959
0.377318
0.390586
0.649089
0.458163
0.587886
0.300998
0.804385
0.439971
0.378857
0.674973
0.457935
0.310762
0.581170
0.467128
0.459831
0.433116
0.516266
0.569294
0.375218
0.536090
0.474137
0.350054
0.546138
0.548542
0.374720
0.312596
0.498759
0.376986
0.532553
0.347354
0.603205
0.452034
0.475653
0.404655
0.581365
0.416031
0.451450
0.535939
0.500124
0.444562
0.322550
0.508926
0.444310
0.444103
0.423668
0.410444
0.427284
0.455713
0.521875
0.308001
0.488020
0.656251
0.446371
0.430965
0.392157
0.413442
0.529884
0.597267
0.428244
1.088788
0.654874
0.478069
0.600921
0.520195
0.531961
0.499163
0.545565
0.366961
0.386709
0.312269
0.614521
0.458710
0.638357
0.422541
0.377084
0.464072
0.519066
0.380047
0.437243
0.721900
0.712508
0.567367
0.426000
0.529320
0.507541
0.513608
0.550266
0.447227
0.621080
0.518797
0.933759
0.380507
0.495498
0.665071
0.541849
0.566044
0.593679
0.627476
0.320572
0.603884
0.505884
0.641929
0.711329
0.601952
0.481518
0.371593
0.528719
0.460440
0.675402
0.767901
0.460075
0.393027
0.556016
0.556031
0.399224
0.437292
0.481943
0.384276
0.496046
0.376084
0.473434
0.414524
0.484959
0.367130
0.372665
0.495980
0.372062
0.669284
0.543235
0.519185
0.492742
0.651884
0.572082
0.537647
0.510988
0.608338
0.498751
0.727407
0.548285
0.377043
0.442923
0.389770
0.454780
0.408586
0.439330
0.544928
0.679770
0.377015
0.554257
0.684434
0.667165
0.478026
0.487001
0.431534
0.542078
0.816096
0.265442
0.637547
0.583963
0.548975
0.258635
0.695750
0.548897
0.491615
0.506886
0.341153
0.502765
0.601431
0.275951
0.378663
0.408799
0.362761
0.712518
0.730594
0.555138
0.415654
0.438490
0.550238
0.593400
0.582085
0.482447
0.503627
0.713741
0.577933
0.655616
0.393023
0.547637
0.409330
0.308231
0.428259
0.567233
0.304399
0.500644
0.353432
0.474645
0.569718
0.451760
0.442334
0.510714
0.327774
0.606836
0.329965
0.326613
0.347367
0.598914
0.643793
0.259699
0.512501
0.440585
0.408433
0.404856
0.345446
0.542975
0.616462
0.418944
0.411701
0.228217
0.408175
0.458486
0.376265
0.486542
0.401609
0.307323
0.377072
0.413333
0.343342
0.379023
0.506682
0.612029
0.637711
0.492905
0.553127
0.617852
0.484596
0.515934
0.473982
0.419534
0.345648
0.891688
0.506100
0.344734
0.535064
0.637415
0.658580
0.388939
0.424959
0.341483
0.541073
0.597323
0.741227
0.534698
0.848424
0.469427
0.567584
0.535045
0.561921
0.434555
0.566195
0.677034
0.437408
0.514755
0.373542
0.455397
0.331895
0.422880
0.254496
0.576734
0.588077
0.327624
0.301440
0.410076
0.537987
0.449032
0.655982
0.369002
0.467314
0.438318
0.407170
0.476522
0.527281
0.319842
0.361427
0.385404
0.302086
0.696235
0.624826
0.644756
0.451247
0.673643
0.408468
0.554736
0.410195
0.342675
0.487029
0.487632
0.543567
0.423700
0.505348
0.503123
0.599896
0.411185
0.591837
0.494845
0.554121
0.390996
0.416641
0.594862
0.405844
0.345270
0.400227
0.592436
0.528222
0.500268
0.416009
0.513550
0.809919
0.505841
0.443520
0.713031
0.666695
0.552539
0.771755
0.419952
0.402822
0.483551
0.566835
0.404557
0.558495
0.493276
0.427926
0.473371
0.457846
0.366626
0.576174
0.418750
0.607242
0.563549
0.564225
0.429953
0.403584
0.552788
0.477279
0.481808
0.622234
0.546147
0.659114
0.674755
0.508431
0.499760
0.375037
0.646488
0.541162
0.473789
0.437553
0.540012
0.572058
0.456985
0.337403
0.603138
0.386047
0.515938
0.382591
0.431506
0.270325
0.482685
0.461338
0.770695
0.295730
0.798862
0.580919
0.529655
0.498893
0.393666
0.360944
1.033098
0.588992
0.448221
0.535502
0.731209
0.523801
0.501387
0.370186
0.402406
0.508119
0.393274
0.372143
0.486808
0.431920
0.304515
0.344911
0.437292
0.318015
0.387253
0.463876
0.307452
0.420868
0.429180
0.386652
0.549426
0.512826
0.605739
0.387876
0.688982
0.389441
0.878233
0.559758
0.601992
0.584838
0.396886
0.374820
0.421207
0.351333
0.618085
0.592129
0.463722
0.322214
0.591284
0.547200
0.540443
0.593179
0.430442
0.507830
0.539101
0.516990
0.315320
0.389026
0.606196
0.462280
0.528809
0.479188
0.589751
0.533062
0.472269
0.670607
0.441269
0.379150
0.654844
0.472808
0.594244
0.249036
0.681844
0.563494
0.460486
0.680036
0.454485
0.336465
0.702297
0.679484
0.567498
0.567946
0.438355
0.390912
0.423815
0.378866
0.454320
0.513897
0.329747
0.517622
0.378364
0.496642
0.537635
0.647574
0.549965
0.648975
0.677516
0.578008
0.402829
0.419689
0.623945
0.506345
0.431144
0.553082
0.481168
0.760824
0.790874
0.698220
0.839304
0.540434
0.451939
0.562718
0.508850
0.335475
0.549991
0.369192
0.430929
0.990659
0.804544
0.378510
0.408504
0.547388
0.644978
0.520562
0.495214
0.458233
0.474396
0.562416
0.454229
0.408080
0.404680
0.467736
0.780196
0.384986
0.590764
0.419932
0.346522
0.428881
0.426042
0.367817
0.707179
0.467239
0.465960
0.646637
0.641784
0.511596
0.291582
0.268685
0.383449
0.467102
0.423450
0.442261
0.733694
0.467879
0.312376
0.318714
0.620850
0.610344
0.685999
0.647239
0.519365
0.454273
0.448887
0.824494
0.528527
0.435390
0.323738
0.440932
0.671009
0.518913
0.383476
0.772762
0.588142
0.467529
0.386597
0.393978
0.485536
0.346154
0.361298
0.337609
0.572343
0.738093
0.917892
0.478584
0.391196
0.342586
0.635280
0.526019
0.949818
0.373708
0.329913
0.329866
0.532114
0.496425
0.342077
0.530936
0.603275
0.619507
0.575343
0.343181
0.505395
0.441307
0.350212
0.475722
0.575995
0.439556
0.576557
0.430938
0.379877
0.415671
0.795119
0.427672
0.552399
0.401015
0.495660
0.509414
0.369162
0.376778
0.411604
0.574118
0.553947
0.459424
0.374229
0.363380
0.451961
0.398915
0.388939
0.374501
0.383065
0.634751
0.456620
0.649961
0.427200
0.428295
0.426179
0.492026
0.561873
0.702166
0.414610
0.484116
0.541137
0.494446
0.482940
0.594579
0.391621
0.435518
0.555065
0.405166
0.574503
0.650069
0.526460
0.375935
0.399976
0.458923
1.019171
0.421374
0.417272
0.563880
0.396472
0.508040
0.458586
0.310938
0.489599
0.583488
0.551289
0.530094
0.305945
0.737753
0.551114
0.678589
0.327891
0.623777
0.693547
0.695030
0.617722
0.613882
0.627618
0.390144
0.566241
0.752582
0.874695
0.496392
0.504384
0.413954
0.569197
0.605534
0.768315
0.611641
0.575172
0.434523
0.377297
0.379793
0.862298
0.541525
0.592580
0.582493
0.467434
0.272154
0.564726
0.417218
0.587326
0.425149
0.536789
0.550852
0.448005
0.598220
0.468426
0.415767
0.420474
0.379303
0.545192
0.407817
0.530737
0.389384
0.592062
0.420127
0.822716
0.425567
0.447155
0.495529
0.342637
0.670361
0.430401
0.421048
0.323731
0.615633
0.635069
0.459414
0.348221
0.362314
0.442798
0.559597
0.628708
0.641519
0.538883
0.465986
0.655782
0.554706
0.543713
0.637852
0.409510
0.458270
0.609154
0.433248
0.582105
0.392710
0.410312
0.366098
0.426322
0.522484
0.461171
0.630616
0.530051
0.508469
0.359292
0.635323
0.492984
0.262617
0.412435
0.845420
0.816096
0.590739
0.611879
0.649125
0.527535
0.630783
0.495727
0.675454
0.577079
0.433810
0.464799
0.534435
0.517782
0.364024
0.511538
0.414149
0.537611
0.411156
0.436530
0.519331
0.623611
0.472972
0.631242
0.509719
0.405763
0.458395
0.480664
0.405807
0.477191
0.412821
0.650998
0.627190
0.630349
0.657996
0.339196
0.668727
0.720869
0.525212
0.943039
0.555746
0.467628
0.464968
0.643887
0.523769
0.492043
0.684918
0.396138
0.601081
0.506046
0.971214
0.671400
0.586150
0.397780
0.692663
0.648319
0.804654
0.716012
0.712951
0.386072
0.474428
0.471930
0.395444
0.621536
0.512591
0.328483
0.565218
0.547943
0.346899
0.429639
0.480548
0.319530
0.555593
0.304011
0.434604
0.245613
0.540070
0.527292
0.490446
0.533694
0.380351
0.329046
0.607731
0.372012
0.457563
0.374533
0.451037
0.383440
0.410800
0.353107
0.695594
0.615646
0.513767
0.603693
0.517794
0.540577
0.476211
0.546281
0.358995
0.570342
0.591570
0.361431
0.479541
0.305113
0.524674
0.530830
0.514924
0.565153
0.668890
0.442128
0.376050
0.428716
0.774787
0.477224
0.516302
0.438913
0.484319
0.608635
0.433004
0.394175
0.740795
0.391735
0.558423
0.736526
0.748073
0.363062
0.582211
0.427236
0.532880
0.372901
0.539003
0.691988
0.717592
0.414046
0.503258
0.335204
0.393366
0.516801
0.669329
0.422054
0.524196
0.767892
0.523641
0.501000
0.367257
0.306730
0.460662
0.556573
0.508098
0.457647
0.712020
0.784565
0.528973
0.470104
0.478973
0.675104
0.297682
0.638354
0.535369
0.360829
0.482009
0.453462
0.450514
0.457215
0.536517
0.480863
0.485305
0.592799
0.588114
0.529645
0.461627
0.391154
0.488544
0.560690
0.384554
0.353096
0.602616
0.550334
0.441208
0.457272
0.382355
0.493973
0.546989
0.369315
0.470640
0.327117
0.448849
0.336809
0.427990
0.347573
0.410245
0.249597
0.535008
0.574559
0.605992
0.522277
0.404415
0.358590
0.434533
0.443180
0.342070
0.624735
0.275641
0.285472
0.501916
0.478993
0.430991
0.540011
0.420935
0.347600
0.686312
0.590506
0.411845
0.408485
0.517693
0.417901
0.311398
0.543313
0.288007
0.516907
0.537719
0.452257
0.426557
0.295612
0.401270
0.475551
0.516515
0.739892
0.449858
0.509763
0.644697
0.586796
0.589547
0.547624
0.305595
0.423381
0.511397
0.501134
0.360190
0.546927
0.758346
0.375511
0.516097
0.711214
0.381444
0.563670
0.446078
0.621706
0.633240
0.508009
0.464860
0.399331
0.530078
0.558083
0.358896
0.501210
0.600092
0.673882
0.468875
0.474478
0.462954
0.486669
0.533661
0.535910
0.445803
0.367419
0.560596
0.438178
0.274576
0.416513
0.690093
0.510785
0.513549
0.436538
0.664904
0.792616
0.549303
0.298756
0.629581
0.640823
0.349647
0.422546
0.588927
0.321466
0.522414
0.281847
0.429488
0.470125
0.315393
0.341244
0.512183
0.359600
0.412059
0.497894
0.537348
0.734535
0.465766
0.618082
0.503480
0.444068
0.506144
0.589582
0.678626
0.898983
0.412062
0.661515
0.455154
0.431646
0.306582
0.420377
0.489094
0.610805
0.700261
0.512312
0.446666
0.471296
0.481878
0.573151
0.485566
0.817368
0.475557
0.481631
0.469954
0.404076
0.438373
0.393219
0.514191
0.756772
0.507006
0.359593
0.467937
0.433520
0.539320
0.417594
0.603419
0.253724
0.493815
0.283690
0.376896
0.425783
0.788271
0.426067
0.491839
0.587749
0.539737
0.730666
0.412803
0.417925
0.441093
0.481093
0.443853
0.266231
0.302404
0.393079
0.621437
0.700353
0.380132
0.295593
0.721143
0.343980
0.416581
0.373887
0.580219
0.337831
0.575206
0.461308
0.358603
0.643666
0.453353
0.350712
0.479127
0.514663
0.458258
0.429993
0.307296
0.708444
0.479310
0.424718
0.524056
0.563888
0.284726
0.645778
0.573829
0.515433
0.476049
0.501844
0.712072
0.758957
0.556145
0.402821
0.530240
0.475267
0.380429
0.697303
0.637759
0.351450
0.579121
0.371881
0.394649
0.363044
0.453831
0.336609
0.267629
0.311560
0.414894
0.600553
0.475416
0.383888
0.482278
0.551746
0.563195
0.391898
0.402518
0.347019
0.514456
0.420870
0.410894
0.579986
0.378571
0.334405
0.433519
0.489557
0.393264
0.306877
0.401794
0.208634
0.397583
0.395346
0.492330
0.447759
0.443365
0.576687
0.378923
0.430366
0.570339
0.395077
0.409452
0.522560
0.626810
0.384632
0.441631
0.486175
0.433568
0.505061
0.593465
0.349130
0.335484
0.414301
0.466423
0.430604
0.562500
0.512474
0.404773
0.369460
0.537330
0.504393
0.499866
0.505615
0.519286
0.397269
0.456339
0.574730
0.834554
0.382836
0.349327
0.363966
0.971806
0.478291
0.245458
0.500170
0.499907
0.612144
0.553206
0.391591
0.237476
0.286632
0.626423
0.439520
0.562229
0.509368
0.392511
0.503242
0.424739
0.364809
0.488317
0.379338
0.534516
0.442419
0.430130
0.498188
0.457155
0.494630
0.650436
0.545652
0.585946
0.396284
0.389840
0.342544
0.729114
0.596932
0.684700
0.416850
0.446387
0.557808
0.474985
0.724101
0.412350
0.343728
0.384421
0.495576
0.567022
0.468802
0.693550
0.491586
0.521481
0.496976
0.780902
0.401064
0.377564
0.492804
0.258360
0.402889
0.466245
0.466501
0.533982
0.332553
0.880935
0.442614
0.424880
0.767740
0.371057
0.785343
0.557193
0.404880
0.430619
0.504240
0.454125
0.492549
0.351487
0.489688
0.253701
0.497587
0.526872
0.403619
0.447838
0.392615
0.528962
0.786786
0.394197
0.273012
0.556219
0.353449
0.487948
0.458490
0.396833
0.396636
0.358208
0.459848
0.447893
0.502303
0.483500
0.350482
0.663732
0.475763
0.734591
0.410232
0.356111
0.497927
0.390993
0.485839
0.959717
0.622656
0.456143
0.471864
0.407639
0.544818
0.461568
0.577620
0.651314
0.429001
0.528398
0.408998
0.376788
0.656739
0.339575
0.428197
0.460377
0.333214
0.615457
0.395016
0.574144
0.455906
0.447322
0.362686
0.445335
0.455456
0.510640
0.488865
0.410239
0.361302
0.421359
0.555582
0.472738
0.430773
0.432875
0.493500
0.603208
0.212198
0.530894
0.608643
0.482385
0.654527
0.582933
0.368509
0.499524
0.547591
0.413569
0.486297
0.487991
0.581779
0.501785
0.537147
0.755760
0.272997
0.319098
0.470740
0.405259
0.514071
0.430224
0.390693
0.338237
0.562357
0.385281
0.527748
0.387857
0.650758
0.454700
0.513003
0.616333
0.294307
0.398638
0.417453
0.396003
0.480551
0.538369
0.543374
0.430825
0.657423
0.472964
0.358860
0.493982
0.335183
0.497064
0.357238
0.568248
0.790005
0.324555
0.498187
0.624428
0.369833
0.347530
0.593053
0.388258
0.422458
0.326914
0.332613
0.507112
0.627616
0.391093
0.364647
0.425148
0.531627
0.474815
0.604094
0.433455
0.400128
0.329989
0.404189
0.371664
0.699620
0.407341
0.502503
0.295707
0.525595
0.539764
0.448854
0.379146
0.345430
0.505204
0.617785
0.330151
0.423219
0.337754
0.367836
0.521337
0.390979
0.344213
0.308806
0.282573
0.699833
0.443963
0.364873
0.345040
0.515665
0.630385
0.529881
0.383013
0.322155
0.417838
0.322336
0.463162
0.514940
0.484541
0.691421
0.335360
0.515365
0.653091
0.742403
0.466571
0.693655
0.424700
0.447316
0.457685
0.430103
0.540617
0.417376
0.565724
0.745447
0.533718
0.400946
0.394733
0.738749
0.503591
0.514466
0.628384
0.703089
0.580418
0.360403
0.488353
0.456989
0.696483
0.838651
0.565855
0.550781
0.486444
0.365323
0.656123
0.631886
0.585629
0.464929
0.327707
0.557010
0.655348
0.368941
0.432499
0.548638
0.525572
0.559296
0.389349
0.495700
0.427848
0.556285
0.243435
0.402300
0.403232
0.425951
0.642288
0.242581
0.394248
0.422750
0.348482
0.287472
0.388468
0.292087
0.367040
0.506605
0.400739
0.477753
0.283443
0.631768
0.367711
0.414738
0.447226
0.424043
0.491452
0.503763
0.530141
0.368961
0.449185
0.298574
0.376143
0.670131
0.554089
0.355318
0.398785
0.293943
0.520509
0.451806
0.261703
0.375533
0.568084
0.494920
0.455271
0.333171
0.491875
0.324594
0.634293
0.593622
0.324684
0.277194
0.463262
0.382392
0.464329
0.610003
0.324971
0.505217
0.423051
0.368034
0.580205
0.274536
0.708042
0.644382
0.379191
0.536092
0.371945
0.350414
0.716741
0.748456
0.337684
0.536053
0.330722
0.525181
0.455769
0.335022
0.754959
0.461801
0.335119
0.584196
0.263093
0.453583
0.438421
0.469277
0.436573
0.528244
0.448783
0.302127
0.266926
0.524593
0.520140
0.490741
0.327116
0.305529
0.364576
0.511048
0.380633
0.530930
0.308514
0.391142
0.395757
0.604991
0.281471
0.298154
0.497964
0.634914
0.370188
0.537918
0.639808
0.590581
0.299555
0.507183
0.355931
0.461706
0.502677
0.331306
0.388936
0.374517
0.420098
0.394949
0.442534
0.501503
0.504843
0.423921
0.471029
0.407260
0.575555
0.616466
0.417066
0.588089
0.324959
0.515512
0.472231
0.544999
0.331692
0.420461
0.267719
0.484729
0.391808
0.377980
0.342009
0.401461
0.372906
0.399051
0.631504
0.282739
0.386228
0.405219
0.342802
0.378715
0.706138
0.292026
0.472032
0.509820
0.476198
0.239251
0.667307
0.493774
0.393970
0.301491
0.404058
0.432772
0.621122
0.468352
0.560391
0.316743
0.478132
0.402255
0.410817
0.576770
0.342330
0.505205
0.575448
0.466384
0.412331
0.517914
0.645542
0.652035
0.459935
0.348687
0.440498
0.555563
0.623314
0.643713
0.597844
0.598472
0.677782
0.590286
0.493973
0.441541
0.315557
0.485285
0.450115
0.402568
0.340581
0.346298
0.392913
0.414080
0.308640
0.309463
0.624021
0.523142
0.450325
0.458563
0.391186
0.483299
0.620778
0.645514
0.734040
0.512007
0.368330
0.892323
0.588934
0.483575
0.528363
0.402776
0.577287
0.484200
0.503716
0.531107
0.488538
0.568744
0.637153
0.594962
0.365568
0.505080
0.750167
0.576718
0.549362
0.337353
0.517379
0.531569
0.464227
0.493049
0.683028
0.336410
0.303544
0.462398
0.464068
0.687384
0.404224
0.495472
0.289472
0.649041
0.435268
0.786642
0.560531
0.371953
0.315575
0.565039
0.659358
0.638898
0.384909
0.439414
0.335519
0.535244
0.336106
0.460032
0.707335
0.518233
0.545078
0.501781
0.438328
0.417740
0.340205
0.511694
0.354194
0.488238
0.572064
0.275910
0.226653
0.552103
0.452485
0.422280
0.341425
0.593868
0.480086
0.569066
0.381672
0.665971
0.407901
0.506342
0.483668
0.302716
0.508369
0.512425
0.502265
0.528904
0.380714
0.286880
0.643764
0.416781
0.466529
0.341378
0.506900
0.428475
0.386994
0.324390
0.377188
0.518651
0.493272
0.377603
0.298690
0.310169
0.396537
0.440244
0.339155
0.406697
0.708855
0.523996
0.472067
0.445675
0.420125
0.531790
0.668196
0.399713
0.380906
0.451929
0.513089
0.384264
0.571653
0.640365
0.347464
0.466742
0.578307
0.305057
0.501726
0.445048
0.421175
0.513963
0.508387
0.322394
0.484173
0.616855
0.507292
0.672624
0.340096
0.317176
0.417609
0.382048
0.277270
0.706290
0.465822
0.341141
0.446130
0.488378
0.350399
0.331631
0.402329
0.526777
0.354069
0.661679
0.401623
0.284359
0.593034
0.365681
0.482146
0.348738
0.313338
0.456332
0.293983
0.406519
0.440107
0.412895
0.381468
0.396190
0.571249
0.475758
0.550841
0.536617
0.450579
0.460592
0.394408
0.764839
0.824082
0.390025
0.288163
0.536425
0.508617
0.352188
0.402038
0.491080
0.438626
0.697432
0.477893
0.476817
0.439866
0.468647
0.514405
0.746026
0.517886
0.439195
0.506694
0.413534
0.335863
0.597390
0.483557
0.636150
0.516839
0.336096
0.564071
0.270279
0.447010
0.334499
0.255374
0.375064
0.437117
0.471150
0.711632
0.427220
0.285641
0.429501
0.344489
0.657126
0.395979
0.753061
0.406933
0.406046
0.376074
0.355331
0.690536
0.910440
0.669765
0.277758
0.531412
0.603811
0.975351
0.559047
0.353340
0.693061
0.548574
0.603698
0.519582
0.667869
0.453771
0.525448
0.340522
0.473092
0.437577
0.318191
0.270346
0.624827
0.628024
0.668390
0.556688
0.423033
0.693642
0.380161
0.471570
0.396789
0.433789
0.559227
0.509009
0.583465
0.337883
0.461258
0.638982
0.530734
0.405893
0.361386
0.424571
0.421918
0.418924
0.363985
0.380883
0.564978
0.469664
0.528848
0.476714
0.488917
0.631520
0.510006
0.424312
0.359195
0.641993
0.510538
0.528155
0.528072
0.616424
0.543777
0.553279
0.408075
0.433317
0.351919
0.553745
0.689374
0.330747
0.666205
0.301650
0.382855
0.387329
0.367845
0.282742
0.429521
0.403021
0.475836
0.468307
0.420441
0.311058
0.617630
0.373053
0.331880
0.456238
0.445705
0.540158
0.405113
0.534458
0.474602
0.530452
0.460721
0.488759
0.582435
0.586400
0.654084
0.366457
0.794749
0.576943
0.378559
0.405574
0.334052
0.649952
0.672789
0.447282
0.485445
0.660654
0.471529
0.360795
0.465137
0.346937
0.852987
0.645033
0.328196
0.515131
0.320334
0.542777
0.387829
0.369619
0.939976
1.089278
0.393007
0.542453
0.530490
0.604747
0.302485
0.405459
0.376107
0.527139
0.530269
0.482271
0.348756
0.735372
0.552848
0.405355
0.381793
0.710870
0.601823
0.670575
0.450430
0.473205
0.460788
0.607362
0.579370
0.761059
0.922933
0.444463
0.587199
0.605391
0.477891
0.332100
0.541707
0.501964
0.408425
0.667961
0.460311
0.577106
0.531731
0.349364
0.457805
0.529981
0.423153
0.344007
0.551111
0.635492
0.401374
0.341593
0.451385
0.448618
0.424232
0.567726
0.485985
0.352458
0.569254
0.470675
0.616237
0.650999
0.339745
0.382912
0.304646
0.490478
0.506791
0.395559
0.636739
0.383296
0.319767
0.339474
0.430813
0.474359
0.373531
0.437779
0.332222
0.578176
0.618170
0.619878
0.506598
0.429653
0.542949
0.721732
1.345271
0.486474
0.505746
0.533176
0.452929
0.409994
0.556912
0.563010
0.448329
0.580743
0.486414
0.304287
0.533079
0.328049
0.284494
0.318243
0.417189
0.389710
0.419056
0.546631
0.356949
0.224422
0.648230
0.509320
0.305176
0.405052
0.308915
0.525225
0.559667
0.574115
0.421370
0.442209
0.775196
0.329611
0.407140
0.427395
0.665244
0.544986
0.566106
0.394625
0.365976
0.570001
0.443905
0.550318
0.456148
0.614828
0.780780
0.642468
0.315719
0.502654
0.498951
0.367753
0.439894
0.686101
0.488453
0.451282
0.442695
0.485841
0.427807
0.547840
0.597014
0.476133
0.695280
0.309913
0.425124
0.493929
0.610590
0.533651
0.378589
0.338302
0.550228
0.504731
0.416083
0.467450
0.468461
0.400415
0.394343
0.595086
0.486353
0.865062
0.743019
0.485848
0.597554
0.826120
0.741078
0.481949
0.380850
0.519631
0.651763
0.555053
0.374438
0.450671
0.409627
0.341352
0.383841
0.515715
0.690241
0.411116
0.662810
0.358774
0.314831
0.389359
0.347903
0.559550
0.572605
0.892820
0.494997
0.508803
0.413394
0.504342
0.413832
0.600875
0.523595
0.410633
0.543293
0.504308
0.453902
0.503003
0.476150
0.395661
0.433274
0.361737
0.461242
0.522103
0.300133
0.656477
0.600041
0.469563
0.533820
0.439426
0.449413
0.458061
0.427084
0.428683
0.381547
0.409204
0.762084
0.532958
0.312802
0.426658
0.469637
0.460995
0.790161
0.458722
0.724369
0.600983
0.653408
0.376183
0.413207
0.431293
0.347931
0.590024
0.450650
0.466618
0.291152
0.470994
0.492853
0.387470
0.789541
0.719931
0.695502
0.389861
0.567664
0.325725
0.757715
0.493873
0.437147
0.341827
0.472996
0.350571
0.686801
0.307635
0.296938
0.377009
0.410640
0.772079
0.484099
0.488179
0.737308
0.277123
0.637569
0.530445
0.405848
0.710772
0.580574
0.461221
0.398174
0.481803
0.642709
0.708619
0.663381
0.629318
0.476175
0.535439
0.760725
0.827567
0.747259
0.709889
0.495394
0.751885
0.559514
0.641952
0.613601
0.512721
0.644002
0.464646
0.402679
0.495937
0.394961
0.431553
0.389912
0.458591
0.886804
0.400363
0.413711
0.584206
0.480768
0.394100
0.458987
0.299676
0.547574
0.318863
0.383135
0.652509
0.596839
0.516835
0.316496
0.506460
0.516702
0.537600
0.419889
0.518527
0.270584
0.341348
0.569213
0.818825
0.501012
0.328150
0.480777
0.729847
0.479347
0.414695
0.470469
0.299503
0.401954
0.396820
0.467492
0.753969
0.380797
0.575828
0.315012
0.644540
0.536450
0.435154
0.483864
0.494547
0.474084
0.323067
0.400889
0.382829
0.431789
0.793502
0.632107
0.467360
0.356070
0.455605
0.551587
0.400032
0.409461
0.595295
0.479084
0.475127
0.378607
0.413684
0.748002
0.792723
0.747706
0.388149
0.610133
0.530721
0.521609
0.861477
0.737933
0.430970
0.512080
0.389004
0.300269
0.326683
0.500073
0.450618
0.450527
0.581354
0.380329
0.292732
0.558606
0.559782
0.629592
0.487041
0.492287
0.479133
0.552967
0.454501
0.415673
0.723773
0.483537
0.504145
0.371044
0.480517
0.426126
0.529110
0.632077
0.451912
0.556916
0.419464
0.414701
0.382964
0.542403
0.340172
0.322637
0.384241
0.462016
0.673784
0.633258
0.583391
0.293582
0.327590
0.585807
0.519970
0.402647
0.573537
0.298902
0.494072
0.326099
0.503669
0.434210
0.450398
0.484733
0.638965
0.622331
0.487450
0.369007
0.332357
0.329192
0.566218
0.664262
0.494751
0.622285
0.915540
0.257656
0.605695
0.619386
0.796469
0.862095
0.525602
0.532843
0.551604
0.398055
0.575546
0.397854
0.505700
0.557696
0.480304
0.526444
0.451367
0.398389
0.529238
0.447761
0.468338
0.354773
0.282287
0.529795
0.354671
0.411412
0.291232
0.397840
0.377177
0.434967
0.370163
0.484330
0.629452
0.550017
0.309138
0.317791
0.569424
0.446050
0.673582
0.892183
0.465585
0.416183
0.401292
0.568464
0.436606
0.588915
0.539935
0.350390
0.349919
0.387224
0.398289
0.277205
0.329394
0.421747
0.245089
0.442296
0.351073
0.382513
0.321582
0.360178
0.439843
0.532011
0.498528
0.232170
0.348988
0.561365
0.391062
0.468016
0.333959
0.344563
0.470910
0.449828
1.064758
0.415034
0.422093
0.542398
0.465615
0.686675
0.565836
0.530310
0.593035
0.479465
0.473512
0.518022
0.374368
0.456421
0.474410
0.393059
0.559241
0.469774
0.721775
0.536718
0.293377
0.553415
0.339409
0.419854
0.680950
0.461470
0.654412
0.506770
0.468000
0.751797
0.427090
0.264781
0.492658
0.427777
0.479800
0.477177
0.345819
0.401480
0.555241
0.289387
0.467119
0.424931
0.280118
0.312629
0.370674
0.551633
0.513366
0.340667
0.259173
0.436345
0.314879
0.379975
0.352550
0.327563
0.418390
0.448670
0.458371
0.632950
0.361789
0.415957
0.435719
0.247998
0.436084
0.464592
0.413128
0.655927
0.401247
0.446507
0.426763
0.594232
0.623773
0.465710
0.535139
0.506512
0.360639
0.344459
0.767035
0.488085
0.593206
0.506748
0.549320
0.454711
0.611506
0.530866
0.518641
0.502130
0.500519
0.506243
0.479575
0.418038
0.348432
0.509135
0.489150
0.393766
0.564640
0.541656
0.489267
0.483435
0.584008
0.313096
0.599301
0.623336
0.427294
0.359932
0.332900
0.544249
0.401340
0.444303
0.421347
0.571090
0.536329
0.466464
0.607307
0.468678
0.660641
0.335762
0.474829
0.524782
0.479806
0.398062
0.423413
0.519287
0.414247
0.448326
0.539199
0.552599
0.418869
0.501853
0.480209
0.658132
0.593002
0.577352
0.523160
0.532312
0.544182
0.487553
0.552520
0.412132
0.317810
0.364941
0.247098
0.888924
0.655831
0.471898
0.557794
0.367313
0.382044
0.488634
0.441015
0.360882
0.492624
0.576697
0.329309
0.402631
0.397523
0.446603
0.383039
0.476286
0.677689
0.437788
0.504519
0.289540
0.325677
0.424759
0.450374
0.390027
0.450632
0.472406
0.483699
0.968771
0.321168
0.453207
0.386446
0.541698
0.454878
0.890394
0.638498
0.717019
0.682237
0.508418
0.384603
0.563800
0.390981
0.673685
0.586443
0.461864
0.370851
0.687535
0.508320
0.420382
0.909433
0.727775
0.544963
0.531796
0.593083
0.655409
0.390881
0.604175
0.440394
0.806713
0.595042
0.455493
0.783458
0.591224
0.504852
0.495680
0.569107
0.380779
0.519470
0.335200
0.431525
0.723929
0.437291
0.374798
0.432758
0.515513
0.448362
0.338773
0.438630
0.635384
0.547173
0.652636
0.405741
0.532832
0.390570
0.576336
0.723807
0.405243
0.502360
0.666449
0.601645
0.886534
0.384494
0.909598
0.416691
0.328271
0.412954
0.390318
0.464875
0.400513
0.385564
0.426176
0.707375
0.437678
0.634996
0.698791
0.427689
0.485867
0.583223
0.533540
0.341400
0.411172
0.600948
0.447497
0.790973
0.362348
0.396925
0.556946
0.545105
0.382192
0.586322
0.399263
0.323383
0.393377
0.587106
0.385194
0.521803
0.578872
0.641981
0.465815
0.560253
0.593715
0.454678
0.371082
0.502382
0.616271
0.499694
0.516964
0.516234
0.731315
0.551217
0.413602
0.661256
0.866346
0.403564
0.486165
0.347132
0.561668
0.383682
0.695256
0.594590
0.440705
0.331216
0.489545
0.283253
0.355911
0.528955
0.440005
0.644617
0.677503
0.551294
0.457087
0.410196
0.339749
0.491388
0.536135
0.418620
0.549408
0.624133
0.512029
0.494508
0.364234
0.584137
0.378137
0.617779
0.582925
0.422715
0.543049
0.310279
0.436564
0.529112
0.713242
0.520493
0.623318
0.458449
0.411542
0.552307
0.338246
0.375663
0.623677
0.550587
0.456861
0.522390
0.521427
0.398956
0.469793
0.358287
0.470588
0.605215
0.324009
0.336167
0.594955
0.607305
0.515935
0.456908
0.469948
0.495342
0.298335
0.372524
0.443602
0.594760
0.670272
0.745187
0.408379
0.385511
0.538424
0.445352
0.302754
0.388857
0.454957
0.564817
0.482832
0.492701
0.684302
0.529854
0.612393
0.558652
0.342847
0.444499
0.442106
0.613846
0.285064
0.266171
0.462454
0.515249
0.483024
0.343073
0.522495
0.411731
0.406710
0.757780
0.396414
0.571314
0.479274
1.012935
0.339158
0.385347
0.422157
0.385237
0.646482
0.395154
0.518201
0.561471
0.389914
0.357047
0.463649
0.356532
0.336468
0.454397
0.406971
0.301106
0.353949
0.379836
0.467212
0.391912
0.367392
0.465166
0.337302
0.200118
0.500649
0.610875
0.414382
0.559919
0.447044
0.276715
0.470951
0.539926
0.594857
0.636034
0.570144
0.652984
0.604531
0.399734
0.458822
0.512060
0.652910
0.517154
0.618963
0.641420
0.444000
0.546942
0.597556
0.424246
0.694694
0.434156
0.261690
0.442613
0.344813
0.324560
0.308211
0.693497
1.256740
0.593797
0.657740
0.521010
0.702128
0.509147
0.278337
0.573846
0.386924
0.362026
0.378345
0.560956
0.431719
0.512034
0.445419
0.451061
0.413710
0.317518
0.309781
0.391528
0.301018
0.366251
0.575483
0.544960
0.386254
0.581522
0.488609
0.454787
0.302158
0.401237
0.460714
0.414226
0.291137
0.284476
0.404878
0.723597
0.754546
0.715630
0.419262
0.559150
0.228645
0.406378
0.380927
0.533227
0.499288
0.563840
0.553159
0.381518
0.478063
0.304219
0.304357
0.416427
0.597827
0.498319
0.403197
0.585893
0.525576
0.560208
0.739431
0.524377
0.543639
0.513235
0.448767
0.210898
0.304228
0.372884
0.415111
0.694081
0.480893
0.691821
0.353017
0.645303
0.436683
0.371535
0.367550
0.907464
0.404441
0.508147
0.421587
1.141418
0.764462
0.451602
0.362343
0.393703
0.574468
0.900748
0.576311
1.057660
0.272552
0.321752
0.364520
1.032821
1.348239
1.058378
0.276112
0.670197
0.323291
0.445429
0.636138
0.512588
0.353921
1.276584
0.357473
0.416304
0.406004
0.310124
0.618791
0.694271
0.333975
0.321589
0.361589
0.494556
0.497824
0.319006
0.348658
0.413555
0.712683
0.550478
0.421111
0.526221
0.446325
0.408035
0.579654
0.713309
0.620382
0.663155
0.695539
0.324823
0.595295
0.408166
0.782196
0.573361
0.448319
0.650532
0.840791
0.458211
0.711744
0.273794
0.368906
0.373945
0.655878
0.428750
0.435558
0.371158
0.415022
0.660497
0.687904
0.439101
0.578494
0.320881
0.405721
0.433386
0.362313
0.628141
0.322289
0.810454
0.558186
0.303670
0.332189
0.376340
0.628041
0.539103
0.436555
0.377704
0.466241
0.628557
0.530032
0.680549
0.474036
0.560489
0.423554
0.346203
0.374115
0.355897
0.437022
0.432280
0.585900
0.414571
0.372058
0.522712
0.483826
0.348048
0.512838
0.692759
0.275454
0.700799
0.636603
0.444457
0.496060
0.496856
0.349295
0.362819
0.749246
0.378369
0.498627
0.464135
0.448446
0.381441
0.608810
0.507840
0.288605
0.592868
0.679092
0.703169
0.602586
0.424868
0.437805
0.937449
0.532996
0.774361
0.527790
0.428169
0.299785
0.526514
0.771330
0.425842
0.501809
0.512061
0.972709
0.762959
0.601493
0.514494
0.663668
0.701276
0.879228
0.537298
0.507222
0.713719
0.510384
0.565936
0.471936
0.361935
0.805669
0.593305
0.432150
0.420295
0.468993
0.559653
0.677482
0.349759
0.503066
0.614729
0.423229
0.519017
0.423335
0.409395
0.569730
0.545372
0.718753
0.388668
0.472144
0.337463
0.586734
0.790366
0.560312
0.535948
0.692020
0.408050
0.482134
0.322724
0.452018
0.763608
0.494878
0.500449
0.403565
0.612196
0.453542
0.394306
0.531280
0.349688
0.808909
0.401865
0.293743
0.573680
0.327442
0.742379
0.385542
0.388803
0.641335
0.724073
0.438083
0.616939
0.530309
0.574801
0.328477
0.385615
0.610152
0.396834
0.378179
0.329433
0.525716
0.616781
0.320651
0.548406
0.310613
0.454982
0.610551
0.620101
0.387795
0.478153
0.638869
0.411500
0.493311
0.600559
0.405285
0.522705
0.337697
0.483688
0.310667
0.469287
0.538356
0.362525
0.668257
0.599267
0.462673
0.741891
0.422034
0.283680
0.620263
0.408622
0.343507
0.333236
0.679657
0.395170
0.225611
0.648248
0.554851
0.307301
0.240518
0.353946
0.477818
0.547673
0.371394
0.511726
0.506865
0.588542
0.316129
0.344586
0.301770
0.302426
0.537941
0.367385
0.219154
0.371315
0.481935
0.525844
0.616704
0.362363
0.630419
0.422649
0.563985
0.503568
0.466393
0.325827
0.482457
0.506494
0.381743
0.524176
0.453875
0.688349
0.429613
0.478175
0.305084
0.452189
0.332396
0.342807
0.301370
0.315010
0.498669
0.352013
0.411504
0.417876
0.316693
0.324534
0.364555
0.450347
0.259860
0.550209
0.375482
0.494568
0.568067
0.507311
0.230704
0.353847
0.527612
0.714311
0.358429
0.635532
0.372907
0.386302
0.381531
0.446713
0.542463
0.348882
0.842109
0.336580
0.470765
0.260944
0.356777
0.318700
0.412614
0.638794
0.507947
0.507699
0.392437
0.596008
0.390722
0.473399
0.432636
0.514920
0.578368
0.531680
0.356692
0.350233
0.108029
0.494775
0.602251
0.475244
0.787086
0.529621
0.366606
0.273727
0.347487
0.492491
0.523348
0.552641
0.474954
0.417832
0.634675
0.436625
0.403406
0.642677
0.702930
0.566601
0.635253
0.394264
0.448586
0.803304
0.442129
0.647377
0.763306
0.546551
0.634428
0.473872
0.824365
0.429494
0.597111
0.630503
0.537061
0.310975
0.541135
0.404756
0.438959
0.352066
0.627997
0.580140
0.522108
0.353301
0.413840
0.502513
0.371459
0.508078
0.515445
0.350019
0.943510
0.337442
0.500571
0.391407
0.586586
0.443082
0.731118
0.537379
0.942268
0.666885
0.386356
0.454850
0.460829
0.528143
0.353257
0.391001
0.497189
0.345385
0.421951
0.271166
0.625561
0.729609
0.346458
0.405216
0.306595
0.504488
0.439679
0.311275
0.268761
0.506119
0.709502
0.649397
0.383360
0.501621
0.341088
0.416019
0.415473
0.678514
0.598539
0.248195
0.408204
0.560222
0.396054
0.472914
0.490766
0.507963
0.625278
0.542062
0.469669
0.553543
0.371438
0.530676
0.456434
0.379085
0.394418
0.355327
0.333941
0.296757
0.776823
0.468388
0.313668
0.333598
0.396731
0.480086
0.312083
0.282944
0.412896
0.823775
0.293883
0.277594
0.361015
0.505506
0.558675
0.543725
0.459512
0.642792
0.360702
0.593980
0.652578
0.787036
0.698876
0.411831
0.418855
0.536320
0.774799
0.359900
0.511455
1.236084
0.254756
0.399558
0.411232
0.616246
1.222631
0.700270
0.358604
0.718166
0.241354
0.500639
0.678929
0.501360
0.605900
0.419981
0.635866
0.363940
0.465972
0.428012
0.408439
0.303317
0.404101
0.343890
0.548915
0.538625
0.512996
0.577432
0.495134
0.388830
0.389477
0.654893
0.478349
0.799776
0.553922
0.368052
0.485154
0.357134
0.932212
0.412527
0.400352
0.614057
0.343875
0.869019
0.478822
0.668040
0.561939
0.409130
0.646833
0.292581
0.452742
0.678664
0.482376
0.442003
0.490941
0.346587
0.541742
0.386881
0.545022
0.470538
0.440777
0.363758
0.576694
0.648184
0.554897
0.556415
0.559845
0.389687
0.566748
0.607575
0.474073
0.529618
0.665289
0.354175
0.482620
0.455821
0.377614
0.559617
0.697060
0.530317
0.827348
0.630089
0.451206
0.454970
0.555413
0.622435
0.471081
0.544751
0.580729
0.793315
0.533576
0.405996
0.335434
0.517052
0.413492
0.777086
0.730780
0.281168
0.444144
0.364398
0.592931
0.446013
0.551535
0.495471
0.295001
0.445957
0.378755
0.595897
0.403346
0.420540
0.291725
0.436043
0.589593
0.482600
0.414737
0.364469
0.495084
0.450648
0.636189
0.352171
0.354632
0.478985
0.546219
0.483127
0.450237
0.877562
0.349245
0.358433
0.420478
0.359332
0.465492
0.662548
0.638891
0.451928
0.614021
0.448114
0.635506
0.663839
0.445132
0.358471
1.059650
0.486144
0.551674
0.605722
0.608546
0.567535
0.264254
0.431964
0.601528
0.605104
0.391975
0.519301
0.259744
0.877423
0.496693
0.347886
0.620772
0.372650
0.477650
0.421828
0.462457
0.410888
0.474444
0.553544
0.900236
0.473918
0.570679
0.580391
0.286278
0.428505
0.255128
0.349641
0.790226
0.335985
0.325447
0.188280
0.212181
0.512087
0.215636
0.358949
0.291923
0.352245
0.505661
0.561918
0.348584
0.539165
0.605940
0.366040
0.232717
0.389994
0.445265
0.499758
0.668738
0.695787
0.390336
0.342348
0.524135
0.359733
0.544141
0.289805
0.388311
0.342005
0.707129
0.277034
0.420201
0.393746
0.372851
0.331219
0.312535
0.470705
0.636097
0.501623
0.465031
0.326050
0.532556
0.420976
0.458514
0.289210
0.420745
0.314464
0.325387
0.306186
0.279752
0.320421
0.511463
0.294453
0.591115
0.456822
0.421204
0.398461
0.225093
0.376776
0.243107
0.283925
0.385489
0.510475
0.396060
0.333512
0.417828
0.515495
0.540416
0.564224
0.308220
0.504346
0.789359
0.409543
0.376911
0.562177
0.340891
0.567589
0.274238
0.369773
0.309699
0.493571
0.422660
0.608525
0.380388
0.262038
0.242641
0.437389
0.430571
0.530554
0.373493
0.391283
0.645816
0.307059
0.443619
0.494685
0.583129
0.548383
0.685548
0.330822
0.237109
0.490133
0.685140
0.553990
0.360162
0.267144
0.356024
0.552834
0.467324
0.408535
0.497606
0.459240
0.646525
0.330824
0.487428
0.593463
0.576577
0.263565
0.380161
0.417507
0.455825
0.367421
0.342798
0.341194
0.709418
0.358239
0.282265
0.463934
0.666853
0.894881
0.373613
0.205507
0.456728
0.323775
0.320135
0.265725
0.652852
0.441707
0.581211
0.496955
0.429745
0.400540
0.532122
0.416170
0.306814
0.184601
0.412904
0.761027
0.585739
0.457953
0.237516
0.390669
0.387136
0.612661
0.369074
0.446494
0.445076
0.913157
0.714745
0.368483
0.315190
0.350005
0.893736
0.681753
0.827430
0.255822
0.284517
0.553746
0.460256
0.500418
0.415934
0.377561
0.715596
0.452884
0.554570
0.458857
0.291420
0.518078
0.353487
0.489685
0.442525
0.517302
0.613291
0.422522
0.340701
0.358910
0.570084
1.194670
0.762843
0.662293
0.459764
0.390956
0.581806
0.560964
0.430869
0.742263
0.476147
0.344843
0.465033
0.302590
0.313456
0.292460
0.684436
0.373258
0.509969
0.458502
0.419883
0.443613
0.529221
0.321290
0.346293
0.685888
0.349624
0.451241
0.409737
0.327595
0.522551
0.334596
0.436014
0.550394
0.480650
0.384227
0.414487
0.379304
0.715667
0.291608
0.475248
0.361094
0.257747
0.489176
0.671373
0.498343
0.260107
0.342869
0.434104
0.611865
0.708034
0.415798
0.630708
0.601212
0.620418
0.613765
0.393902
0.483897
0.559845
0.390577
0.536955
0.508620
0.332581
0.349510
0.429554
0.509558
0.473060
0.645231
0.667658
0.552108
0.612330
0.310661
0.730830
0.667584
0.741183
0.511870
0.622086
0.685790
0.478359
0.323325
0.314936
0.692820
0.417294
0.682812
0.601295
0.597932
0.458152
0.575594
0.389294
0.542874
0.402615
0.473611
0.422021
0.782080
0.247990
0.355620
0.542002
0.493484
0.495656
0.539456
0.336291
0.628950
0.441149
0.354773
0.541396
0.544173
0.660663
0.878495
0.493048
0.427945
0.708105
0.753874
0.430832
0.591904
0.797582
0.621884
0.667972
0.313755
0.507450
0.391604
0.634715
0.797770
0.446364
0.442059
0.515251
0.510561
0.328646
0.471242
0.538652
0.678900
0.614370
0.577080
0.352094
0.419132
0.489622
0.433255
0.232495
0.444245
0.269033
0.472330
0.834425
0.560988
0.325346
0.296773
0.320863
0.540631
0.454496
0.449218
0.667129
0.639617
0.759789
0.432548
0.415788
0.394301
0.363837
0.589594
0.503201
0.647362
0.405792
0.598545
0.501900
0.471757
0.398766
0.412381
0.542112
0.824633
0.387134
0.560972
0.449151
0.370577
0.350438
0.491694
0.467546
0.446784
0.469215
0.703081
0.495660
0.561885
1.074486
0.573046
0.433586
0.358043
0.604325
0.607683
0.545790
0.810249
0.458660
0.523148
0.341609
0.840274
0.659523
0.365778
0.443921
0.331728
0.502417
0.752018
0.288766
0.533227
0.405199
0.544297
0.370776
0.290051
0.650247
0.310008
0.394252
0.304182
0.548462
0.651602
0.551977
0.695272
0.483356
0.505514
0.508832
0.348946
0.325016
0.404069
0.421873
0.299157
0.384771
0.280260
0.363459
0.420453
0.460766
0.494651
0.269168
0.829227
0.192118
0.549589
0.360156
0.275400
0.392897
0.298495
0.324645
0.476292
0.317900
0.900997
0.547794
0.541390
0.495562
0.336504
0.430769
0.501714
0.368891
0.548381
0.684435
0.393855
0.585932
0.242739
0.307868
0.401756
0.573104
0.463822
0.481163
0.442031
0.572884
0.472536
0.335620
0.456422
0.357793
0.452547
0.420012
0.566596
0.441885
0.361755
0.411263
0.864948
0.351208
0.472065
0.582999
0.420674
0.630315
0.516006
0.289491
0.478469
0.493287
0.282982
0.341565
0.325873
0.576402
0.522877
0.411075
0.489390
0.531502
0.380101
0.768053
0.884931
0.557215
0.413523
0.519153
0.795268
0.758231
0.666004
0.436349
0.579671
0.556447
0.459668
0.254001
0.468582
0.528170
0.648464
0.357904
0.560891
0.294841
0.679553
0.502827
0.709949
0.661303
0.696906
0.433737
0.916970
0.949259
0.296294
0.721195
0.425406
0.770174
0.578801
0.358986
0.500224
0.361845
0.404233
0.598497
0.357881
0.863968
0.702901
0.658245
0.800477
0.379674
0.656509
0.629018
0.537224
0.519180
0.584844
0.290332
0.378111
0.418874
0.479523
0.602778
0.226210
0.320099
0.500474
0.346909
0.360820
0.356991
0.437635
0.447212
0.724996
0.412420
0.326853
0.320522
0.364257
0.574993
0.310475
0.339519
0.274587
0.536368
0.330438
0.831338
0.422932
0.315019
0.393725
0.502462
0.506146
0.396833
0.561797
0.481323
0.831138
0.663116
0.362331
0.368644
0.516707
0.371994
0.583536
0.407853
0.525718
0.517390
0.687049
0.635035
0.355146
0.702852
0.480196
0.326156
0.386673
0.839134
0.862056
0.364798
0.472607
0.605702
0.717068
0.281466
0.352788
0.668257
0.405646
0.746383
0.654000
0.633691
0.372932
0.451435
0.430458
0.475562
0.575945
0.423138
0.547616
0.929047
0.559509
0.368323
0.361153
0.363264
0.463196
0.427615
0.521640
0.506320
0.443244
0.375408
0.620312
0.548062
0.509825
0.610551
0.386937
1.027834
0.470710
0.820746
0.815921
0.492719
0.364559
0.497815
0.742035
1.174341
0.380583
0.445877
0.414062
0.319121
0.407973
0.478924
0.330470
0.344763
0.573724
0.677898
0.376780
0.491475
0.494483
0.431612
0.364507
0.389630
0.277416
0.692140
0.373421
0.293717
0.721006
0.584765
0.562286
0.848913
0.353013
0.532808
0.267121
1.173885
0.440518
0.463393
0.433617
0.421425
0.304839
0.447393
0.219446
0.600425
0.266865
0.634201
0.517532
0.620838
0.481006
0.297214
0.314845
0.395647
0.338332
0.590613
0.415338
1.097377
0.241605
0.215924
0.413945
0.545659
0.368869
0.323855
0.448645
0.462998
0.309027
0.406667
0.530315
0.328093
0.408820
0.460453
0.459941
0.530193
0.344724
0.415683
0.666166
0.429460
0.600038
0.386679
0.778631
0.535431
0.373349
0.633453
0.512009
0.824292
0.967040
0.750110
0.516002
0.456220
0.627682
0.837971
0.732713
0.967312
0.746114
0.741590
0.517287
0.551933
0.466074
0.385251
0.461741
0.484862
0.904933
0.473685
0.877960
0.546526
0.821768
0.550442
0.290513
0.837625
0.458148
0.570379
0.454427
0.424635
0.572597
0.488544
0.324933
0.416346
0.759853
0.610904
0.644358
0.743945
0.474130
0.504341
0.591705
0.356379
0.341922
0.359558
0.853795
0.396724
0.289085
0.364871
0.756144
0.409373
0.480671
0.689525
0.393127
0.406538
0.507856
0.474335
0.628146
0.563592
0.580433
0.938736
0.438601
0.427550
0.715444
0.400958
0.579001
0.349504
0.394502
0.397862
0.584643
0.416158
0.331033
0.377975
0.378426
0.606454
0.623675
0.419339
0.542756
0.346144
0.360076
0.586446
0.239550
0.484034
0.230309
0.793548
0.536183
0.557418
0.177028
0.389404
0.536121
0.341941
0.436572
0.253742
0.369563
0.481619
0.420751
0.300272
0.361047
0.411812
0.219778
0.992981
0.270495
0.211575
0.618437
0.873954
0.785331
0.583402
0.590845
0.452355
0.280648
0.456158
0.544075
0.509423
0.764780
0.531400
0.554972
0.338059
0.429957
0.260670
0.613064
0.595457
0.342121
0.432800
0.468553
0.601233
0.819284
0.316420
0.334915
0.320803
0.381372
0.662221
0.521689
0.399128
0.348536
0.438810
0.241333
0.421634
0.993312
0.243869
0.428837
0.616847
0.570869
0.522302
0.424611
0.570423
0.290526
0.489150
0.554752
0.379214
0.321447
0.408031
0.254072
0.716571
0.283398
0.523787
0.370022
0.459388
0.470498
0.449223
0.544923
0.656862
0.658897
0.431999
0.292290
0.998165
0.458569
0.675390
0.379585
0.572793
0.465317
0.384172
0.622288
0.496678
0.415476
0.621314
0.418269
0.367136
0.283498
0.327710
0.595733
0.360903
0.546733
0.659359
0.676467
0.528990
0.620470
0.393561
0.459525
0.335591
0.364494
0.720862
0.901114
0.821497
0.983632
0.347552
0.407216
0.549247
0.644027
0.805925
0.529029
0.465652
0.459081
0.582388
0.453326
0.415974
0.515703
0.588644
0.415301
0.393994
0.381338
0.300287
0.923634
0.300715
0.320965
0.607201
0.573963
0.360699
0.639142
0.409137
0.357253
0.471331
0.476930
0.330086
0.463742
0.388056
0.489786
0.319960
0.309105
0.943601
0.353721
0.614762
0.336452
0.444852
0.517310
0.341908
0.520586
0.479195
0.468019
0.550473
0.561292
0.482875
0.473005
0.786489
0.302197
0.275840
0.420710
0.411140
0.493184
0.463138
0.493260
0.564042
0.359981
0.814675
0.326652
0.603929
0.648624
0.318145
0.503937
0.396402
0.497734
0.406580
0.360038
0.480635
0.618850
0.349348
0.311732
0.524917
0.444855
0.563705
0.978532
0.845795
0.482230
0.351495
0.438649
0.368510
0.555641
0.430418
0.406990
0.703755
0.772611
0.765160
0.300538
0.289171
0.504725
0.428942
0.459828
0.559217
0.327212
0.435459
0.290726
0.420517
0.284556
0.278274
0.469197
0.473858
1.050754
0.425158
0.365027
0.385310
0.412859
0.591201
0.742922
1.132405
0.470878
0.792827
0.456326
0.388042
0.554228
0.835813
1.252614
0.809985
0.608555
0.417690
0.585578
0.568285
0.579638
0.901383
0.568569
0.478444
0.622748
0.607852
0.573631
0.558904
0.482135
0.563914
0.375407
0.499818
0.481854
0.537367
0.725061
0.738566
0.605500
0.415889
0.422244
0.412379
0.315289
0.457055
0.393376
0.852524
0.387284
0.465466
0.349869
0.510920
0.499264
0.861439
0.751118
0.684851
0.524764
0.543720
0.427042
0.282926
0.549688
0.762025
0.296792
0.483735
0.598238
0.465157
0.437891
0.623639
0.438878
0.785354
0.371295
0.399298
0.460790
0.430891
0.513999
0.434304
0.504988
0.692650
0.538278
0.534751
0.426570
0.388845
0.443032
0.362323
0.386878
0.560012
0.525343
0.505507
0.450422
0.483078
0.436235
0.385805
0.568598
0.628232
0.529532
0.532724
0.697383
0.427844
0.337451
0.408797
0.729677
1.107256
0.675363
0.655804
0.438185
0.717807
1.127165
0.662238
0.317277
0.720315
0.674384
0.538185
0.338006
0.638291
0.414508
0.756322
1.538281
0.371483
0.427434
0.623234
1.278652
1.669373
0.420561
1.358327
0.546209
0.531002
1.039338
0.488312
1.188902
1.103551
0.592729
0.895044
0.380736
0.379533
0.570583
0.389495
0.587010
0.721889
0.365983
0.350104
0.599118
0.377911
0.299768
0.511918
0.664208
0.470568
0.694244
0.320404
0.540708
0.486529
0.451759
0.599843
0.386683
0.646717
0.687278
0.454869
0.406899
0.398024
0.438633
0.439868
0.571923
0.440611
0.389874
0.967974
1.426460
0.593157
0.543448
0.359778
1.091665
0.863935
0.352316
1.041072
0.597998
0.603780
0.926767
0.543780
0.639845
0.530719
0.366050
0.360020
0.386975
0.479656
0.734741
0.536262
0.803147
0.416803
0.353336
0.564855
0.638545
0.449948
0.598441
0.666819
0.347676
0.438403
0.505263
0.717310
0.303951
0.490324
0.255427
0.364246
0.713673
0.441805
0.533938
0.441960
0.481770
0.374300
0.427641
0.512558
0.460582
0.513145
0.343586
0.319638
0.378936
0.420000
0.314447
0.277469
0.753843
0.473550
0.450266
0.582286
0.434857
0.568221
0.398488
0.224463
0.216388
0.275518
0.743439
0.881029
0.371790
0.620337
0.345825
0.694109
0.461600
0.565882
1.091041
0.533258
0.674724
0.483000
0.286482
0.567940
0.673776
0.365637
0.701406
0.422815
0.297601
0.609365
0.799010
0.418215
0.531741
0.409980
0.528986
0.391783
0.366471
0.456610
0.383223
0.456179
0.479959
0.262958
0.474018
0.288538
0.442849
0.541299
0.544093
0.382136
0.300919
0.483311
0.462025
0.434981
0.768057
0.669519
0.626199
0.660230
0.607285
0.326089
0.581408
1.179490
0.780526
0.594152
0.461105
0.407494
0.711371
0.199861
0.698563
0.590660
0.377782
0.357532
0.355194
0.517986
0.371819
0.728689
0.560464
0.838616
0.525795
0.293598
0.503384
0.521680
0.371961
0.674659
0.307857
0.331479
0.270801
0.364415
0.516003
0.570458
0.347401
0.411337
0.526907
0.281371
0.347244
0.382054
0.395460
0.873759
0.601122
0.263662
0.718935
0.309923
0.392359
0.797332
0.322812
0.381603
0.615415
0.365493
0.619927
0.511329
0.376708
0.481192
0.438775
0.380514
0.436061
0.728547
0.786700
0.544824
0.246017
0.388449
0.372627
0.692545
0.636595
0.483560
0.441330
0.385936
0.398804
0.487272
0.471242
0.524285
0.506049
0.651485
0.384866
0.360031
0.432387
1.223540
0.401536
0.456159
0.364339
0.492306
0.762288
0.550686
0.823969
0.587438
1.051914
0.483712
0.668629
0.396287
0.389657
0.696640
0.916389
0.681328
0.632942
0.688932
0.302435
0.577670
1.094967
0.465014
0.380093
0.721942
0.532777
0.347856
0.596154
1.477013
0.776930
0.886190
0.766116
0.526634
0.611363
0.345001
0.448117
0.657850
0.383850
0.555972
0.566420
0.921852
0.342609
0.412627
0.348179
0.480323
0.615889
0.351561
0.565337
0.560519
0.705715
0.442855
0.702602
0.693694
0.450936
0.291268
0.311013
0.381074
0.432499
0.482562
0.422157
0.594781
0.412846
0.404296
0.358450
0.350593
0.461580
0.249240
0.464349
0.451120
0.916058
0.695760
0.308544
0.348401
0.406302
0.625720
0.334813
0.566475
0.499212
0.492861
0.545894
0.857795
0.559095
0.300927
0.224913
0.456908
0.754000
0.323425
0.715261
0.469285
0.289276
0.624321
0.330397
0.413709
0.457684
0.343593
1.047799
0.307542
0.520171
0.776607
0.358681
0.522187
0.541733
0.689838
0.482816
0.594200
0.371118
0.569169
0.583577
0.488668
0.476686
0.452600
0.632871
0.695486
0.648274
0.582880
0.302805
0.670964
0.688598
0.543102
0.304891
0.445099
0.394590
0.553437
0.299991
0.542312
0.465364
0.671908
0.337761
0.543182
0.337691
0.581621
0.553194
0.438316
0.349337
0.254531
0.487383
0.422145
0.356172
0.369433
0.347881
0.370530
0.378528
0.462979
0.410002
0.480337
0.347472
0.446760
0.733766
0.620579
0.574172
0.471831
0.511411
0.386562
0.273862
0.497958
0.458689
0.554575
0.423668
0.477883
0.456285
0.538452
0.671504
0.657654
0.378926
0.669828
0.421276
0.351814
0.539605
0.313882
0.299720
0.660518
0.600390
0.371420
0.798712
0.659301
0.686270
0.526923
0.511217
0.374950
0.847680
0.411424
0.371598
0.683663
0.590180
0.559069
0.263495
0.401580
0.408176
0.326648
0.283436
0.442083
0.451643
0.378613
0.386845
0.642920
0.378712
0.711886
0.438469
0.568053
0.354730
0.350632
0.685261
0.625962
1.112172
0.524200
0.261227
0.456057
0.456845
0.515723
0.555515
0.431689
0.589120
0.375253
0.428931
0.355727
0.806685
0.437918
0.351462
0.374972
0.423833
0.468835
0.352925
0.471152
0.222969
0.278670
0.468760
0.401248
0.310677
0.524542
0.537003
0.448350
0.306558
0.354833
0.499766
0.599625
0.351535
0.503598
0.451130
0.389891
0.257139
0.530324
0.596245
0.557383
0.794009
0.815298
0.236113
0.481858
0.413711
0.390178
0.344648
0.400250
0.496308
0.398720
0.274279
0.488417
0.509725
0.244076
0.743924
0.315359
0.747654
0.452867
0.820552
0.467542
0.639993
0.428199
0.310255
0.649826
0.226711
0.323129
0.328672
0.532735
0.213702
0.420815
1.040799
0.480735
0.502186
0.353840
0.610644
0.206429
0.426117
1.141870
1.065689
0.899054
0.680431
0.501470
0.384112
1.018260
0.795218
0.936679
1.148223
0.366426
0.300741
0.976634
0.446896
0.735821
0.548754
0.681305
0.492277
0.592586
0.783656
0.368123
1.149114
0.444362
0.495019
0.383185
0.226934
0.284125
0.437350
0.268653
0.314465
0.413361
0.577325
0.825248
0.390309
0.339895
0.913900
0.572599
0.901276
0.658062
0.456786
0.519045
0.441433
0.564547
0.659052
0.290175
0.460123
0.332045
0.460167
0.695931
0.446304
0.318648
0.612051
0.351350
0.468155
0.503415
0.428696
0.473707
0.660999
0.400025
0.446319
0.661137
0.528700
0.589208
0.343107
0.506293
0.451077
0.533522
0.830814
0.585625
0.403813
0.413170
0.359836
0.435754
0.496875
0.446232
0.368018
0.558033
0.459326
0.383808
0.345124
0.392965
0.232272
0.366140
0.310806
0.539528
0.384518
0.602160
0.527462
0.310070
0.346315
0.533455
0.303923
0.286833
0.365613
0.537071
0.641986
0.393397
0.290218
0.391396
0.622426
0.235498
0.412371
0.249851
0.386387
0.470038
0.387968
0.593695
0.476421
0.434737
0.483398
0.240794
0.457057
0.268476
0.829284
0.388902
0.313697
0.507553
0.706833
0.311622
0.530484
0.551937
0.364377
0.587815
0.521037
0.857072
0.408209
0.450317
0.711004
0.478738
0.421490
1.178985
0.599742
0.643971
0.510669
0.337083
0.598811
0.636718
0.935015
0.482581
0.369515
1.005655
0.517660
0.527175
0.585387
0.730737
0.756093
0.466101
0.249035
0.665811
0.750347
0.513336
0.796853
0.495535
0.292658
0.440681
0.322713
0.512951
0.435016
1.036559
0.717520
0.576575
0.529128
0.480143
0.330617
0.395189
0.825300
0.591054
0.341520
0.459732
0.261424
0.418075
0.792198
0.623628
1.002109
0.784032
0.479137
0.741904
0.384458
0.482999
0.257940
1.010918
0.492875
0.941736
0.459873
0.475024
0.670127
0.325099
0.728156
0.587744
0.518668
0.529477
0.756685
0.410849
0.705921
0.522470
0.547145
0.523047
0.447212
0.525058
0.415687
0.445647
0.291882
0.298054
0.330941
0.640867
0.298406
0.472519
0.337555
0.567976
0.460077
0.222588
0.396092
0.409189
0.720713
0.635361
0.567141
0.476707
0.487769
0.521156
0.692272
0.448013
0.367058
0.269279
0.306353
0.484664
0.506600
0.690392
0.632925
0.292368
0.567735
0.478813
0.422053
0.432954
0.399499
0.398230
0.395139
0.514732
0.400303
0.894671
0.407584
0.696255
0.408890
0.421503
0.494918
0.572886
0.554422
0.511960
0.395572
0.662052
0.427741
0.422970
1.105274
0.634132
0.482301
0.462341
0.728594
0.487014
0.711673
0.620457
0.646951
0.450459
0.602386
0.433524
0.634426
1.128202
0.460682
0.571082
0.527389
0.556443
0.406341
0.657316
0.686343
0.451536
1.073568
0.795398
0.419723
0.864024
0.405893
0.433624
0.591311
0.604592
0.541974
0.886545
0.731111
0.757818
0.546510
0.477757
0.683947
0.744871
0.496715
0.494917
0.769421
0.457432
0.449865
0.468450
0.525275
0.927894
0.267108
0.413442
0.584046
0.762369
0.405125
0.585358
0.494420
0.434528
0.387460
0.359419
0.600822
0.532443
0.411493
0.534693
0.624288
0.694540
0.383496
0.301443
0.571596
0.415887
0.384886
0.240522
0.366403
0.494937
0.409228
0.421607
0.398531
0.310259
0.653512
0.412743
0.391515
0.318660
0.369611
0.308776
0.371145
0.881516
0.779068
