0.006714
0.032992
0.105599
0.167780
0.038206
0.024418
0.064319
0.128621
0.928672
0.140931
0.097566
0.034082
0.011143
0.009440
0.007385
0.009345
0.008284
0.013866
0.024879
0.051902
0.047641
0.068521
0.188340
0.366253
0.471783
0.433632
0.423011
0.577238
0.621121
0.600593
0.320763
0.253676
0.298287
0.414902
0.314067
0.298260
0.794491
1.333870
0.611633
0.771228
0.447863
0.313579
0.247818
0.383395
0.468737
0.661898
0.365344
0.517705
0.476393
0.543684
0.432220
0.293620
0.365075
0.315779
0.589766
0.610934
0.568594
0.539986
1.040775
0.781882
0.410445
0.453546
0.394230
0.297537
0.479810
0.500615
0.306508
0.464217
0.423454
0.504494
0.401807
0.320189
0.673084
0.669069
0.788176
0.558939
0.402594
0.516054
0.507244
0.362956
0.372418
0.535669
0.671713
0.635105
0.592428
0.744226
0.599967
0.332912
0.395307
0.410394
0.407203
1.022217
0.762252
1.081410
0.985987
0.770455
0.662919
0.364613
0.869414
0.464837
1.046143
0.586500
0.464083
0.659381
1.183771
0.789623
0.602581
0.438278
0.393914
0.525984
0.587147
0.519279
0.603764
0.492869
0.907290
0.530674
0.584306
0.515990
0.547496
0.443831
0.547345
0.509719
1.012229
0.661037
0.539895
0.505937
0.282719
0.467911
0.621569
0.643241
0.580739
0.702364
0.697248
0.579828
0.471005
0.779957
0.668143
0.515731
0.777408
0.716762
0.595592
0.706886
0.598599
1.450156
0.760955
0.646708
0.623157
0.615350
0.679782
0.596777
0.494246
0.634652
0.426517
0.517646
0.755701
0.712622
0.474893
0.571748
0.486268
0.683254
0.586542
0.475525
0.561967
0.679791
0.604236
0.472149
0.693902
0.884919
0.687966
0.662446
0.851601
0.692875
0.499283
0.604691
0.719102
0.575357
0.590341
0.797232
0.518737
0.600303
0.389266
0.637844
0.714424
0.950737
0.422963
0.629008
0.608355
0.824245
0.715403
0.491691
0.557655
0.473069
0.690078
0.391685
0.639823
0.493975
0.586319
0.599521
0.614302
0.555961
0.399487
0.668143
0.901483
0.648993
0.622187
1.126236
0.857552
0.691478
0.709012
0.452289
0.691207
0.807525
0.992129
0.728121
0.859086
0.569602
1.166092
0.616770
0.635413
0.814690
0.468641
0.808838
0.600672
0.898907
0.664929
0.696636
1.166631
0.770250
0.631589
0.525948
0.665230
0.499995
0.582929
0.773651
0.748403
0.396545
0.503937
0.558563
0.665343
0.789654
0.836034
0.605838
0.922293
0.688817
0.826053
0.461733
1.067810
0.665949
0.723732
0.990339
0.612915
0.572446
0.384112
0.382064
0.651586
0.697260
0.583207
0.583983
0.677065
0.979655
1.064266
0.593429
0.599243
0.486224
0.822029
0.765195
0.741205
0.754038
0.836808
0.696888
0.772302
0.648320
1.010475
0.580863
1.384305
0.848531
0.540965
0.418579
0.623317
0.923397
0.835275
0.768882
0.878533
0.819739
0.682266
0.369062
0.417687
0.361241
0.513413
0.602076
0.877601
0.728039
0.735907
1.122576
0.986879
0.584839
0.643546
0.701195
0.959298
0.708353
0.716100
0.753063
0.742714
0.610741
0.582108
0.519538
0.475360
0.633854
0.827840
0.752328
0.445456
0.457178
0.580797
0.632103
0.529837
0.601587
0.567428
0.541034
0.893364
1.092446
0.721190
0.507148
0.599934
0.643975
0.818592
0.636196
0.860486
0.771620
0.695350
0.774920
0.703966
0.725057
1.253362
0.931715
0.625256
0.561717
0.571824
0.367003
0.460246
0.780191
0.415621
0.710493
0.886605
0.700067
0.803056
0.827136
1.223388
0.534578
0.637696
0.746139
0.829474
0.760821
0.694293
0.723039
0.476696
0.778480
0.638492
0.581801
0.626039
0.544101
0.747033
0.877160
0.783554
0.626963
0.752571
0.544767
0.527018
0.573485
0.843276
0.652391
0.741853
0.590637
0.841990
1.273636
1.037728
0.764350
0.775148
0.692147
0.580122
0.718384
0.980116
1.335624
0.906551
0.806445
0.936142
0.658125
0.699458
0.654111
0.772321
0.660083
0.552899
0.502882
1.020411
0.457069
0.730720
0.847188
0.583723
0.461374
0.761206
1.050439
0.803046
0.681093
0.735828
0.703963
0.428157
1.006848
0.492711
0.462665
1.088789
0.821363
0.336852
0.899129
0.579612
0.363191
0.577177
0.717390
0.698306
0.562163
0.819751
0.924135
1.016845
0.592087
0.740946
0.869072
0.725561
0.447098
0.568093
0.845986
1.060939
0.563777
0.927777
0.820868
0.914670
0.580265
0.837105
0.558161
0.355807
0.718323
0.861620
0.512005
0.833715
0.582464
0.646855
0.952208
0.918255
0.977075
0.674388
0.918657
0.503636
0.552279
0.886669
0.826412
0.781810
0.537520
0.428817
0.900030
0.548082
0.489654
0.666098
0.706874
0.844457
0.903296
0.473233
0.478904
0.799467
0.644989
0.670433
0.750731
0.669304
0.664686
1.028120
0.850799
0.845295
0.628193
0.611730
0.657649
0.658668
0.786840
0.742845
0.668632
0.442611
0.744411
0.767531
0.885205
0.267608
0.768207
0.642501
0.381489
0.769793
0.678529
0.740927
0.838112
0.886253
1.187165
0.524418
0.529681
0.857153
1.100196
0.952996
0.573604
0.403939
0.464976
0.604459
0.601441
0.836631
1.197201
0.881726
0.898486
0.774522
1.200939
0.991350
0.523298
0.604500
1.300988
0.652101
0.863965
0.692380
0.912548
0.651304
0.451773
0.633860
0.494076
0.533828
0.530071
0.801261
0.974644
0.900610
0.871409
0.488206
0.665589
0.647363
0.851180
0.378095
0.876584
0.433715
0.616992
0.650094
0.529942
0.576997
0.493724
0.455433
0.437263
0.663184
0.610250
0.822298
0.534470
0.657461
0.772104
0.620581
0.494822
0.772159
0.788676
0.549000
0.832506
0.968518
0.609848
0.527848
0.610396
0.697404
0.973437
0.920633
1.018508
0.935702
0.607862
0.704108
1.082855
0.529187
0.890191
0.591479
0.842071
0.455045
0.437066
0.497283
0.743859
0.654134
0.755189
0.674775
0.575782
0.807122
0.696867
0.946420
0.601566
1.042762
0.816698
0.854951
0.583990
0.635467
0.946790
0.461483
0.893717
0.688980
0.728896
0.773745
0.576587
0.697931
0.825531
0.681410
1.016058
0.879896
0.803246
0.772076
0.860688
0.780217
0.568614
0.767620
0.617252
0.575710
0.756095
0.383264
0.551873
0.415702
0.770636
0.636450
0.880189
1.215420
0.705481
0.689838
0.886722
0.530264
0.823288
1.201157
0.394087
0.702693
0.597869
0.744791
0.751801
0.961922
0.662422
0.587895
0.593116
0.604704
0.737640
0.777928
0.946770
0.355472
0.735564
0.713055
0.707074
1.165966
0.556561
0.459128
0.541876
0.390667
0.556154
0.907921
0.775224
0.953911
1.143112
1.045531
0.732629
0.793031
0.465225
0.877025
0.832284
0.539915
0.843160
0.609892
0.573930
0.568139
0.613716
0.739411
0.431480
0.732141
1.009675
0.812821
0.935079
0.512673
0.726488
0.699634
0.795822
0.533714
0.544306
0.516107
0.746206
0.759482
0.465611
0.412748
0.593640
0.405292
0.608649
0.574427
0.495371
0.771037
0.684284
1.049683
0.764181
0.589886
0.801121
1.192264
0.697656
0.922126
0.676899
0.804795
0.793158
0.631075
0.612334
0.730755
0.670678
0.608725
0.533174
0.628791
0.547452
0.623168
0.957503
0.629041
0.688566
0.793316
0.784501
0.765053
0.943284
0.765338
1.010981
0.539176
0.713807
0.389849
0.914275
0.653603
0.703099
0.719268
0.520242
0.663581
0.320545
0.643243
0.520794
0.761152
0.541552
0.504827
0.890484
0.821836
0.711970
1.065275
0.964393
1.068722
0.659529
1.117312
0.711575
0.535238
0.672728
0.807895
0.782402
0.770117
0.749149
0.628740
0.520639
0.522748
0.733906
0.483252
0.570978
0.582475
0.410217
0.730487
0.855309
0.693105
0.468697
0.397607
0.511566
0.748721
0.603212
0.843019
0.717570
0.601676
0.675565
0.636592
0.738826
0.706214
0.578408
0.885214
0.511515
0.741518
0.584238
0.436568
0.758075
0.428012
0.863932
0.964464
0.654032
0.733321
1.152799
0.533469
0.560005
0.674883
0.574383
0.528190
0.580165
0.493187
0.710742
0.634984
0.427048
0.867601
0.536836
0.523232
0.398682
1.032910
1.096253
0.831527
0.837239
0.850180
0.650954
0.844996
0.420388
0.604527
0.585141
0.383843
0.713344
0.558976
0.636325
0.750188
0.420426
1.080618
0.846022
0.823456
0.607971
0.816076
0.656136
0.859620
0.456093
0.843969
0.554236
0.593749
0.496729
0.747508
0.553380
0.562040
0.319909
0.415303
0.543582
0.649791
0.743877
0.680429
0.634582
0.761373
0.564266
0.563278
0.437501
0.586275
0.412488
0.504365
0.774743
0.553969
0.438974
0.695117
0.775120
0.558260
0.685567
0.795403
0.928317
0.950701
0.981837
1.273630
0.723574
0.714656
0.525825
0.646402
0.592977
0.750540
1.296475
0.865713
0.832136
0.668349
0.441030
0.677339
0.502385
0.592729
0.814007
0.762375
0.540040
0.700058
0.511390
0.959328
0.868793
0.704710
0.549888
0.513497
0.443217
0.722779
0.510092
0.456574
0.767441
0.579576
0.779051
0.462472
0.616383
0.777377
0.426384
0.637500
0.693579
0.869813
0.664678
0.678725
0.688163
0.799390
0.913461
0.966311
0.691301
0.626912
0.587522
0.779160
0.926747
0.647294
0.656566
0.462117
0.539148
0.843874
0.634757
0.556566
0.657914
0.644811
0.817277
0.551194
0.729170
0.790492
0.599043
0.506312
0.711055
0.571271
0.499289
0.608611
0.594842
0.729189
0.475524
0.513711
1.077695
0.695199
0.726762
0.636298
0.398756
0.607383
0.452355
0.681704
0.633364
0.954292
0.587555
0.563315
0.604806
0.600326
0.910802
0.739383
0.517099
0.653196
0.650926
0.627222
0.533740
0.569673
0.607330
0.525388
0.561967
0.779907
0.662758
0.694130
0.647724
0.744688
0.578696
0.623257
0.714540
0.596525
0.717422
0.648228
0.498165
0.537646
0.362364
0.632344
0.798683
0.693096
0.659983
0.598008
0.543875
0.531517
0.625518
0.617075
0.635498
0.704303
0.506655
0.449962
0.965058
0.712648
0.449508
0.570527
0.481686
0.528357
0.613928
0.494438
0.493703
0.657217
0.797269
0.622697
0.583607
0.464908
0.402697
0.337260
0.889546
1.117487
0.666141
0.415493
0.508595
0.482845
0.590634
0.621017
0.335453
0.647179
0.700848
0.679147
0.812731
0.617558
0.488543
0.621674
0.661826
0.458661
0.505446
0.816824
0.645210
0.550395
0.489752
0.540815
0.793678
0.758768
0.555933
0.606116
0.458344
0.603809
1.104051
0.657270
0.805628
0.566339
0.582259
0.682313
0.698982
1.749089
0.484920
0.452658
0.696394
0.852715
0.711480
0.393244
0.548187
0.423916
0.812800
0.796708
0.470430
0.635620
0.672458
0.641313
0.697296
0.530697
0.656036
0.720894
0.610927
0.334658
0.549120
0.452958
0.488096
0.687888
0.482958
0.673262
0.472812
0.539556
0.973492
0.525320
0.825848
0.540883
0.932945
0.775040
0.605069
0.491677
0.640330
0.382307
0.557224
0.831898
0.482231
0.611354
0.481874
0.562810
0.512222
0.755856
0.429413
0.573220
0.528386
0.773858
0.428791
0.536344
0.493916
0.434512
0.508330
0.691344
0.582824
1.087812
0.365851
0.575102
0.693545
0.584892
0.659336
0.555086
0.739146
0.826767
0.744005
0.380835
0.607391
0.538985
0.831988
0.853677
0.614039
0.701247
0.542764
0.653626
0.787677
0.751320
0.789565
0.648943
0.535816
0.422175
0.750485
0.580102
0.896023
0.642255
0.885990
0.493975
0.388215
0.580496
0.786045
1.051559
0.625065
1.025050
0.701760
0.504422
0.569402
0.567501
0.664829
0.611430
0.422445
0.598545
0.564179
0.423890
0.594338
0.746449
0.515417
0.492471
0.480911
0.315643
0.403684
0.532986
0.549380
0.779133
0.571491
0.859141
1.073093
0.844036
0.579976
0.629537
0.873069
0.406461
0.381998
0.439286
0.664026
0.695952
0.662588
0.603288
0.931757
0.370583
0.520481
0.534758
0.850821
0.931889
0.667543
0.622374
0.845523
0.661187
0.513433
0.559912
0.533689
0.572809
0.607875
0.596248
0.734568
0.829927
0.331584
0.372242
0.385026
0.513111
0.618170
0.852103
0.704859
0.702158
0.357071
0.775340
0.813879
0.564783
0.482261
0.359204
0.667757
0.685127
0.568890
0.419724
0.854202
0.576414
0.636506
0.556464
0.527902
0.623781
0.642598
0.824428
0.562306
0.348654
0.301939
0.593187
0.403657
0.396737
0.529052
0.433760
0.630325
0.547867
0.673369
0.281204
0.531523
0.717557
0.625808
0.786735
0.523441
0.478395
0.668121
0.634937
0.407982
0.677813
0.430312
0.454240
0.426869
0.343290
0.275650
0.608090
0.552871
0.542114
0.530894
0.508049
0.619698
0.420631
0.451468
0.617880
0.495261
0.824940
0.361955
0.639419
0.659609
0.532434
0.729425
0.476210
0.546376
0.604147
0.726963
0.835682
0.573659
0.419685
0.655757
0.514867
0.276128
0.609339
0.375491
0.534283
0.746956
0.600859
0.652151
0.537407
0.955216
0.770486
0.796264
0.657965
1.077280
0.721310
0.776606
0.502161
0.683177
0.456412
0.670788
0.727941
0.700942
0.526150
0.490259
0.441047
0.340290
0.514340
0.670538
0.585622
0.678020
0.426262
0.955885
0.697699
0.502231
0.578589
0.776842
0.574925
0.539634
0.532376
0.559623
0.725863
0.457976
0.755439
0.478527
0.548411
0.435394
0.585186
0.646194
0.534648
0.614914
0.629052
0.462064
0.492231
0.390241
0.767880
0.431737
0.649747
0.613449
0.557600
0.404778
0.574870
0.446859
0.861531
0.288041
0.632254
0.534742
0.517719
0.499219
0.466276
0.611125
0.722306
0.463577
0.424151
0.588291
0.374705
0.389664
0.508206
0.571159
0.686278
0.416909
0.406313
0.582476
0.473069
0.493869
0.735039
0.433529
0.538235
0.473372
0.648302
0.498435
0.850904
0.528399
0.379153
0.337891
0.383724
0.529291
0.610411
0.421949
0.652374
0.461069
0.351064
0.673077
0.654855
0.459946
0.471115
0.520718
0.749717
0.547509
0.586868
0.490303
0.797559
0.560509
0.415482
0.531775
0.526273
0.553814
0.328071
0.601223
0.616565
0.570932
0.881287
0.600086
0.600676
0.580767
0.674348
0.402756
0.368712
0.486862
0.540590
0.458293
0.882330
0.540455
0.856480
0.828824
0.537836
0.908621
0.361878
0.731586
0.505799
0.622343
0.407223
0.455834
0.422425
0.521457
0.452887
0.704432
0.666479
0.810088
0.494272
0.733599
0.598666
0.481544
0.544728
0.592669
0.598781
0.339797
0.470864
0.371890
0.705390
0.738576
0.782158
0.567601
0.632301
0.713792
0.669822
0.925221
0.756083
0.829061
0.710583
0.722154
0.745540
0.835869
0.630847
0.483765
0.769862
0.436602
0.434341
0.670872
0.864494
0.576827
0.358302
0.492562
1.035032
0.645893
0.689265
0.254970
0.339337
0.501392
0.505857
0.531358
0.778627
0.599449
0.639546
0.625859
0.456771
0.799872
0.376658
0.499669
0.625354
0.444892
0.543158
0.521742
0.752676
0.345596
0.684808
0.484073
0.564871
0.390314
0.632211
0.768991
0.777407
0.432069
0.651573
0.459574
0.941981
0.604750
0.649935
0.488091
0.364334
0.531960
0.463179
0.661011
0.409049
0.505196
0.674590
0.467307
0.480464
0.400830
0.486588
0.513970
0.788742
0.598616
0.507825
0.679291
0.434895
0.684934
0.573778
0.863381
0.434663
0.573783
0.498668
0.675520
0.648536
0.515817
0.659737
0.683641
0.510628
0.456590
0.408972
0.596672
0.816656
0.527146
0.492619
0.649528
0.878440
0.725354
0.392491
0.931424
0.506828
0.741948
0.465262
0.673312
0.536419
0.745066
0.451658
0.634982
0.558640
0.577111
0.440948
0.595231
0.935311
0.720867
0.557745
0.522505
0.927677
0.573467
0.655527
0.638713
0.805044
0.613889
0.537485
0.744789
0.786493
0.701346
0.548067
0.772674
0.550426
0.820433
0.353064
0.437929
0.353113
0.777383
0.575532
0.599305
0.626892
0.519914
0.646563
0.486313
0.689933
0.848814
0.809302
0.400410
0.703939
0.524905
0.563613
0.616217
0.818910
0.597755
0.655926
0.416315
0.464625
0.277860
0.740691
0.914176
0.663492
0.734425
0.816525
0.590686
0.572936
0.483840
0.384361
0.554995
0.683769
0.562700
0.345877
0.716383
0.323493
0.366825
0.409303
0.324340
0.380226
0.283434
0.482318
0.399245
0.451229
0.347928
0.455202
0.529811
0.442705
0.696239
0.407140
0.989343
0.386066
0.506472
0.453683
0.567622
0.425086
0.494209
0.647914
0.455552
0.589524
0.392346
0.481277
0.888801
0.399534
0.381040
0.415022
0.297010
0.456603
0.578531
0.633776
0.309236
0.699959
0.572688
0.415077
0.467265
0.534043
0.657137
0.500115
0.319354
0.451636
0.265552
0.570595
0.574777
0.410689
0.561860
0.333589
0.488999
0.380522
0.594548
0.855839
0.530063
0.303501
0.841613
0.544538
0.615762
0.763403
0.578139
0.354874
0.648201
0.532056
0.334149
0.688010
0.318785
0.416861
0.499372
0.686830
0.629957
0.699567
0.501313
0.756261
0.387829
0.600086
0.697517
0.627657
0.464667
0.528188
0.767028
0.577945
0.506617
0.506831
0.573266
0.853025
0.584186
0.547376
0.454922
0.446500
0.675380
0.708381
0.579666
0.811937
0.629028
0.447195
0.697481
0.356556
0.377837
0.558200
0.521455
0.404942
0.783642
0.583605
0.463488
0.474731
0.392510
0.614686
0.451342
0.786552
0.547562
0.531300
0.340976
0.526550
0.460468
0.817305
0.566663
0.487098
0.361711
0.454687
0.509044
0.580046
0.535068
0.584667
0.591641
0.667964
0.306456
0.303099
0.532475
0.553005
0.726670
0.447933
0.526760
0.512723
0.572083
0.931784
0.390576
0.733095
0.500859
0.397955
0.523753
0.470347
0.483425
0.642215
0.596240
0.670660
0.424528
0.680113
0.624187
0.456056
0.547178
0.644211
0.543861
0.888006
0.594620
0.671387
0.479373
0.356912
0.513092
0.599940
0.511197
0.425688
0.581010
0.460844
0.311959
0.412714
0.856224
0.490186
0.307180
0.388247
0.422253
0.817244
0.412977
0.609458
0.589723
0.484870
0.502489
0.553997
0.445986
0.487962
0.608470
0.400069
0.715389
0.357112
0.346281
0.504464
0.423385
0.745188
0.592324
0.403538
0.582734
0.511167
0.505744
0.668792
0.492468
0.573012
0.557180
0.399724
0.507529
0.586361
0.484430
0.506558
0.421780
0.589504
0.309973
0.447439
0.482598
0.232668
0.726542
0.445467
0.506550
0.379413
0.678520
0.447163
0.510645
0.548659
0.542077
0.433562
0.500468
0.424703
0.496588
0.458686
0.389872
0.688383
0.525187
0.573955
0.422855
0.591167
0.715421
0.912365
0.529490
0.528804
0.692747
0.565903
0.437112
0.494347
0.506956
0.495815
0.605011
0.584403
0.495294
0.360687
0.571298
0.302062
0.338543
0.448805
0.753625
0.343615
0.668684
0.545001
0.785323
0.332779
0.419905
0.632675
0.896971
0.216486
0.461127
0.547558
0.477833
0.341543
0.485369
0.413766
0.488819
0.685064
0.471251
0.814629
0.325509
0.569425
0.578015
0.318800
0.319472
0.433808
0.399501
0.571780
0.443236
0.513167
0.389417
0.508021
0.551774
0.639621
0.412933
0.620508
0.353183
0.393623
0.576020
0.690680
0.390147
0.780394
0.371996
0.201924
0.650319
0.529123
0.406184
0.505435
0.425277
0.597147
0.526514
0.529475
0.837000
0.589168
0.865373
0.525304
0.597885
0.419114
0.298485
0.503047
0.581816
0.499052
0.555171
0.451600
0.512958
0.357576
0.448095
0.632800
0.778998
0.692326
0.579989
0.624962
0.459206
0.618211
0.754428
0.407428
0.505500
0.483820
1.096041
0.529241
0.694366
0.528008
0.487102
0.490125
0.641362
0.425164
0.344358
0.396646
0.427497
0.371938
0.650037
0.640989
0.643934
0.507412
0.293788
0.419173
0.630892
0.527013
0.533975
0.523415
0.463151
0.472762
0.604785
0.652577
0.463973
0.578284
0.622171
0.460153
0.447206
0.563616
0.602486
0.526656
0.420517
0.394658
0.397321
0.750810
0.618113
0.393151
0.510706
0.901274
0.697804
0.680477
0.555606
0.455018
0.373929
0.521321
0.494479
0.488706
0.304045
0.516292
0.344413
0.580227
0.301520
0.462908
0.820657
0.391297
0.349570
0.572281
0.568283
0.566237
0.399623
0.574849
0.310832
0.428332
0.349076
0.531879
0.691255
0.503122
0.634957
0.441469
0.395785
0.563188
0.343531
0.396125
0.626659
0.391952
0.510797
0.521187
0.577582
0.358467
0.443624
0.633762
0.529294
0.554946
0.401893
0.663828
0.579144
0.655235
0.423143
0.603387
0.645925
0.612061
0.288643
0.605862
0.721547
0.326912
0.406685
0.638629
0.722576
0.537892
0.718993
1.246187
0.644233
0.410646
0.796941
0.451044
0.603960
0.326981
0.433777
0.428947
0.527287
0.482986
0.689162
0.422561
0.467850
0.668828
0.497167
0.684201
0.576863
0.430562
0.394019
0.436398
0.463152
0.555768
0.519443
0.371113
0.457201
0.401186
0.468245
0.324206
0.405273
0.332589
0.491648
0.401120
0.504488
0.337166
0.382801
0.564567
0.392540
0.310973
0.602210
0.352887
0.504593
0.437033
0.515869
0.540244
0.553211
0.603129
0.342174
0.281599
0.449831
0.409327
0.585300
0.349401
0.331124
0.468241
0.483839
0.477271
0.443796
0.405575
0.344427
0.549606
0.990651
0.453334
0.427555
0.475036
0.873144
0.538104
0.538076
0.368442
0.284648
0.281351
0.378515
0.284012
0.442650
0.374085
0.505199
0.482100
0.477727
0.631952
0.510004
0.208367
0.348020
0.495886
0.410288
0.394719
0.286819
0.469565
0.485136
0.242852
0.416138
0.416708
0.420184
0.415690
0.571855
0.279426
0.399095
0.371717
0.216047
0.417378
0.478877
0.561248
0.312817
0.382533
0.588590
0.408213
0.291360
0.636851
0.503192
0.470655
0.588332
0.520463
0.460316
0.377236
0.516683
0.501643
0.396698
0.586678
0.425789
0.476107
0.287220
0.265668
0.571016
0.439476
0.415480
0.513080
0.379279
0.454837
0.355041
0.338823
0.439314
0.313059
0.330489
0.453946
0.286743
0.599159
0.780059
0.575828
0.477704
0.496406
0.640050
0.673297
0.469915
0.337697
0.488617
0.438674
0.553907
0.294588
0.671188
0.407780
0.309792
0.411307
0.446466
0.678005
0.532154
0.389562
0.806548
0.337840
0.643337
0.449404
0.330110
0.777441
0.334808
0.454786
0.339094
0.626602
0.424180
0.620384
0.537226
0.511478
0.367284
0.362352
0.242396
0.512017
0.442775
0.817608
0.317903
0.549547
0.394575
0.686358
0.646527
0.546808
0.316201
0.548496
0.614098
0.390403
0.283503
0.424080
0.673574
0.561520
0.449877
0.465512
0.492650
0.288866
0.334524
0.443546
0.449276
0.368874
0.765304
0.638394
0.481086
0.263030
0.807889
0.575537
0.438844
0.273975
0.413144
0.386757
0.383085
0.362998
0.594033
0.481145
0.651036
0.270380
0.296541
0.525089
0.373419
0.415859
0.398050
0.443084
0.544097
0.448367
0.503622
0.689827
0.385717
0.395745
0.278029
0.515131
0.500280
0.347842
0.704244
0.727535
0.342735
0.322917
0.408643
0.574606
0.954961
0.269745
0.331064
0.587538
0.374095
0.528170
0.307926
0.515236
0.759528
0.348839
0.588696
0.413431
0.394330
0.551658
0.393663
0.513109
0.438927
0.395727
0.394989
0.394831
0.558036
0.441778
0.372625
0.501553
0.310113
0.325745
0.240258
0.456225
0.422555
0.769559
0.399988
0.531915
0.526748
0.457860
0.523539
0.324708
0.492876
0.467229
0.658631
0.398461
0.563481
0.335827
0.433596
0.547912
0.331523
0.514762
0.382883
0.480135
0.399698
0.420408
1.011239
0.619139
0.576602
0.335140
0.613898
0.475347
0.741136
0.378716
0.500924
0.534216
0.598197
0.508443
0.525877
0.458868
0.305712
0.722886
0.668987
0.746583
0.518924
0.642823
0.519725
0.409620
0.797601
0.636771
0.388788
0.567815
0.386710
0.768669
0.545901
0.745346
0.397771
0.608632
0.480461
0.518384
0.485676
0.318446
0.398000
0.424733
0.517174
0.534106
0.540689
0.451249
0.504023
0.360983
0.796239
0.552939
0.420343
0.508360
0.616466
0.818938
0.504716
0.235594
0.369878
0.333066
0.339487
0.490501
1.704815
0.359913
0.416341
0.443155
0.264462
0.670200
1.124748
0.290868
0.509916
0.382526
0.242634
0.320505
0.581119
0.809331
0.549545
0.382361
0.429622
0.329028
0.546043
0.350967
0.310371
0.403989
0.496380
0.869057
0.260455
0.490888
0.357154
0.414279
0.306840
0.388242
0.549622
0.351812
0.274166
0.314357
0.428614
0.420555
0.279124
0.319557
0.252614
0.255206
0.341503
0.456337
0.745398
0.479664
0.245190
0.437101
0.505810
0.487889
0.404947
0.341334
0.434946
0.522214
0.470822
0.327248
0.615835
0.582908
0.614842
0.393524
0.545335
0.312486
0.713487
0.346153
0.428347
0.322574
0.418532
0.404195
0.406389
0.390662
0.242070
0.490534
0.558988
0.229436
0.582025
0.358951
0.490944
0.452932
0.317808
0.729820
0.347996
0.290196
0.459024
0.332016
0.513902
0.622907
0.452549
0.986846
0.509487
0.461991
0.443853
0.666880
0.334650
0.381437
0.478449
0.394847
0.390209
0.422944
0.463894
0.230470
0.507751
0.510312
0.459121
0.398067
0.259507
0.411108
0.261181
0.615164
1.218952
0.828853
0.702919
0.491048
0.685159
0.612606
1.089994
1.213624
0.469251
0.391663
0.596153
0.462209
0.594333
0.612403
0.343413
0.528554
0.412740
0.685283
0.331245
0.327171
0.636742
0.255058
0.424052
0.303712
0.266123
0.248125
0.245416
0.717878
0.433742
0.483805
0.494625
0.588773
0.494904
0.520887
0.395937
0.625251
0.353961
0.376945
0.487130
0.460575
0.523214
0.425220
0.314282
0.356432
0.520246
0.446526
0.510561
0.256464
0.275260
0.648640
0.443401
0.208426
0.299729
0.262176
0.517030
0.564905
0.273413
0.470723
0.498780
0.723584
0.472551
0.363568
0.392263
1.246529
0.654674
0.249522
0.326380
0.482092
0.496811
0.814105
0.641320
0.459859
0.545024
0.613442
0.665048
0.507782
0.418221
0.325141
0.163218
0.417867
0.601288
0.298605
0.941078
0.544890
0.344211
0.270767
0.755335
0.309296
0.694820
0.468085
0.483905
0.617801
0.452039
0.485366
0.302126
0.321434
0.656644
0.723527
0.353027
0.251284
0.337280
0.416466
0.326038
0.285259
0.355060
0.500797
0.364579
0.446999
0.520182
0.298259
0.329179
0.401528
0.394190
0.585893
0.258194
0.511016
0.423035
0.359279
0.673240
0.571718
0.670353
0.455982
0.399075
0.572790
0.248160
0.759402
0.619259
0.309390
0.493177
0.469980
0.423750
0.469212
0.589760
0.313672
0.369166
0.368011
0.510438
0.333262
0.269438
0.590044
0.443817
0.286058
0.431032
0.374000
0.499187
0.585656
0.406134
0.300775
0.394407
0.451301
0.809012
0.436045
0.342934
0.322994
0.340601
0.351837
0.618043
0.255392
0.702539
0.298325
0.467532
0.250049
0.588735
0.333877
0.631002
0.389592
0.500245
0.399338
0.281664
0.434481
0.472074
0.423912
0.396581
0.516892
0.376419
0.330876
0.435003
0.349008
0.307056
0.519611
0.570489
0.638414
0.432762
0.516307
0.403547
0.623274
0.612555
0.725225
0.539183
0.508613
0.616490
0.277102
0.516972
0.715126
0.565798
0.490961
0.643447
0.466076
0.255981
0.436580
0.432961
0.216630
0.420078
0.384213
0.450615
0.530747
0.431553
0.279279
0.446594
0.247930
0.237416
0.408788
0.490454
0.277083
0.323533
0.769284
0.215560
0.778407
0.459000
0.437379
0.304764
0.644831
0.549858
0.446696
0.375878
0.700502
0.515207
0.484278
0.337108
0.411014
0.379637
0.431580
0.473134
0.375515
0.437586
0.279994
0.399262
0.637506
0.297873
0.517017
0.650500
0.535083
0.530037
0.880341
0.729197
0.606999
0.335938
0.432412
0.566109
0.484794
0.530413
0.662943
0.430807
0.422785
0.343379
0.386950
0.825810
0.879274
0.339279
0.515134
0.471108
0.225493
0.512743
0.400925
0.528808
0.818716
0.743583
0.344088
0.360084
0.456398
0.428169
0.565263
0.566128
0.502101
0.462460
0.574465
0.782036
0.428473
0.465402
0.538955
0.441475
0.606657
0.815367
0.531755
0.542365
0.563800
0.340303
0.315642
0.316181
0.395123
0.620180
0.229013
0.287185
0.209367
0.411539
0.229047
0.230668
0.287651
0.365607
0.347097
0.343641
0.466037
0.296821
0.285696
0.214022
0.592952
0.170771
0.267611
0.396056
0.594164
1.065347
0.506639
0.302602
0.538087
0.316974
0.360136
0.570340
0.461577
0.436346
0.879672
0.210553
0.290565
0.732347
0.355834
0.315269
0.388889
0.432217
0.821198
0.532220
0.388175
0.430931
0.675915
0.571261
0.529315
0.685869
0.668801
0.571731
0.502190
0.423537
0.586304
0.499405
0.253483
0.232923
0.472945
0.306239
0.397620
0.190632
0.437946
0.380534
0.373633
0.259833
0.501283
0.351913
0.236067
0.164005
0.331594
0.483866
0.537685
0.302463
0.299672
0.472401
0.577453
0.438054
0.266757
0.301016
0.418923
0.449480
0.338080
0.395223
0.314674
0.536602
0.485200
0.301646
0.330529
0.186884
0.684480
0.511972
0.230656
0.482723
0.429151
0.292910
0.271755
0.265313
0.279598
0.369306
0.413113
0.392766
0.393146
0.273964
0.368979
0.336821
0.389928
0.423489
0.378368
0.357686
0.665328
1.025694
0.486221
0.271112
0.601425
0.600735
0.615076
0.634925
0.428482
0.458653
0.477939
0.543348
0.318385
0.300293
0.213433
0.689261
0.667545
0.307770
0.651405
0.270455
0.453521
0.477024
0.325352
0.420462
0.415527
0.411452
0.228884
0.338096
0.425474
0.388146
0.204783
0.438392
0.305809
0.469032
0.228592
0.312799
0.663707
0.282432
0.304045
0.419874
0.352997
0.244962
0.361842
0.331935
0.599115
0.541922
0.370852
0.266562
0.299218
0.542599
0.386625
0.247695
0.558969
0.342981
0.416369
0.472154
0.266034
0.564595
0.380950
0.259882
0.358222
0.448958
0.536648
0.628849
0.231224
0.190591
0.282842
0.369487
0.455156
0.393307
0.328494
0.442524
0.484567
0.301099
0.242392
0.380974
0.431757
0.429637
0.446078
0.450757
0.446214
0.464830
0.543098
0.567828
0.258904
0.509405
0.346095
0.553794
0.408015
0.521492
0.296893
0.189825
0.364744
0.384000
0.368426
0.301924
0.412870
0.344050
0.282417
0.282226
0.381306
0.407048
0.292884
0.415553
0.313728
0.362705
0.522655
0.264641
0.437613
0.637941
0.410518
0.190768
0.433255
0.376814
0.518139
0.301524
0.414714
0.289289
0.223154
0.211647
0.404470
0.535724
0.393820
0.270187
0.358610
0.712574
0.237672
0.286931
0.405922
0.806451
0.460093
0.310479
0.221962
0.194757
0.367540
0.754350
0.310166
0.402307
0.480923
0.304666
0.412570
0.246806
0.309984
0.359072
0.328609
0.586719
0.300509
0.384266
0.373968
0.335311
0.449125
0.548177
0.397117
0.456557
0.359586
0.317068
0.692943
0.413598
0.325558
0.684230
0.523940
0.530390
0.609945
0.536719
0.339146
0.670213
0.398634
0.350798
0.419594
0.218925
0.230965
0.283641
0.434107
0.458664
0.386217
0.315575
0.339040
0.411174
0.416998
0.570713
0.462603
0.331409
0.315133
0.425811
0.532807
0.405830
0.329757
0.281481
0.381870
0.501313
0.468858
0.556374
0.342984
0.360398
0.411759
0.259383
0.375505
0.282727
0.438084
0.311995
0.615230
0.195628
0.557181
0.280660
0.324496
0.564396
0.593448
0.417587
0.534761
0.326926
0.329529
0.488603
0.358518
0.480394
0.392137
0.626245
0.450582
0.291078
0.458416
0.312218
0.500312
0.345093
0.482272
0.576679
0.385830
0.406326
0.300636
0.469857
0.278806
0.519772
0.360973
0.470124
0.423757
0.604763
0.312833
0.409733
0.329736
0.426562
0.266789
0.400385
0.521859
0.422419
0.482060
0.305000
0.471299
0.305508
0.367492
0.279677
0.371616
0.392039
0.398946
0.333454
0.235254
0.302379
0.569788
0.310550
0.428448
0.546879
0.291365
0.521215
0.486357
0.588605
0.328348
0.259280
0.279974
0.348278
0.261930
0.307150
0.308257
0.285604
0.598833
0.495543
0.826669
0.475001
0.341502
0.463730
0.446554
0.560118
0.344087
0.351274
0.459394
0.478133
0.266065
0.300430
0.288812
0.253723
0.375685
0.301500
0.424910
0.240636
0.278226
0.369347
0.296986
0.218920
0.296770
0.270771
0.174660
0.168668
0.277747
0.431844
0.107363
0.212168
0.445239
0.183660
0.357353
0.179406
0.236319
0.135980
0.304944
0.218060
0.292251
0.174139
0.421632
0.344128
0.271518
0.233643
0.287711
0.351401
0.490657
0.415611
0.324901
0.389945
0.248744
0.452329
0.428640
0.310901
0.257516
0.332320
0.649242
0.307983
0.291106
0.319026
0.225920
0.375408
0.315773
0.354767
0.320518
0.611866
0.275607
0.319376
0.254639
0.438229
0.134460
0.248152
0.470580
0.323619
0.514257
0.509099
0.171625
0.151984
0.183262
0.257256
0.257191
0.297489
0.408308
0.403320
0.645477
0.315144
0.377498
0.382089
0.390639
0.307656
0.450220
0.205091
0.329890
0.295240
0.372606
0.444656
0.613952
0.229151
0.423369
0.408066
0.171052
0.318441
0.390769
0.296599
0.462753
0.175475
0.125837
0.360559
0.514295
0.200289
0.293997
0.309792
0.353521
0.349955
0.286582
0.324453
0.248885
0.497406
0.341713
0.217840
0.236493
0.555119
0.525680
0.293225
0.600795
0.219383
0.400870
0.249153
0.245972
0.296523
0.161461
0.407694
0.198694
0.242398
0.206626
0.408829
0.473368
0.406773
0.295449
0.576664
0.266776
0.175986
0.160516
0.728648
0.238349
0.309302
0.208054
0.546193
0.363609
0.348592
0.348961
0.484122
0.389396
0.415932
0.200730
0.358780
0.316686
0.575735
0.491076
0.245196
0.334506
0.387219
0.310301
0.485750
0.302080
0.477259
0.399102
0.320412
0.357708
0.399948
0.652820
0.454613
0.657365
0.333118
0.305901
0.305769
0.482426
0.198319
0.285005
0.602728
0.347137
0.221729
0.204508
0.327743
0.395732
0.304613
0.173841
0.552099
0.210266
0.223797
0.478292
0.226797
0.611152
0.289722
0.393033
0.365586
0.565978
0.412551
0.332313
0.279696
0.283705
0.415487
0.442811
0.364287
0.403692
0.273366
0.302082
0.316196
0.352338
0.352949
0.297022
0.467653
0.452056
0.290598
0.435566
0.352634
0.377393
0.335875
0.340954
0.401011
0.445629
0.568471
0.345234
0.362418
0.132410
0.540026
0.348880
0.316526
0.232465
0.128607
0.271992
0.274824
0.301583
0.294761
0.213472
0.226805
0.298431
0.209739
0.421442
0.447606
0.254513
0.400961
0.452455
0.426255
0.622734
0.185518
0.373323
0.333052
0.246205
0.366574
0.231140
0.591428
0.451274
0.318298
0.415298
0.295946
0.413493
0.297523
0.427861
0.279091
0.265078
0.399621
0.360063
0.325826
0.458033
0.344262
0.247569
0.481058
0.245858
0.439696
0.517573
0.835535
0.473896
0.338148
0.202489
0.441855
0.272300
0.404175
0.220044
0.306049
0.307819
0.348295
0.278165
0.328186
0.321267
0.439354
0.244390
0.392576
0.605129
0.308686
0.349567
0.364397
0.470169
0.400784
0.343183
0.362581
0.308131
0.333259
0.263703
0.486702
0.275041
0.380462
0.258727
0.496401
0.486999
0.517264
0.373272
0.540639
0.283304
0.465076
0.282130
0.316875
0.328671
0.449688
0.235431
0.282532
0.256045
0.629955
0.440903
0.288108
0.443212
0.213004
0.217576
0.245539
0.346905
0.275900
0.445638
0.216470
0.561749
0.528579
0.378562
0.408590
0.179725
0.369978
0.349952
0.578818
0.309153
0.256852
0.269898
0.716362
0.358858
0.372984
0.413766
0.203677
0.533530
0.540733
0.249886
0.569809
0.485040
0.514957
0.317809
0.424496
0.350009
0.420568
0.437582
0.159688
0.535381
0.179987
0.368528
0.251161
0.345695
0.650219
0.450340
0.338724
0.416577
0.435954
0.331755
0.469093
0.357652
0.390300
0.310876
0.314613
0.210683
0.303028
0.436562
0.485546
0.283552
0.464759
0.443053
0.268284
0.462466
0.427920
0.382117
0.305394
0.506817
0.394093
0.416662
0.322327
0.577701
0.580398
0.451169
0.380701
0.230421
0.421543
0.410147
0.337121
0.514787
0.256457
0.343926
0.373202
0.340009
0.254019
0.239032
0.365981
0.201644
0.295260
0.184503
0.312031
0.253197
0.227556
0.483846
0.628841
0.163220
0.512985
0.295073
0.256282
0.252583
0.244705
0.310771
0.566377
0.444097
0.433906
0.420309
0.229623
0.620648
0.236816
0.279721
0.279435
0.377055
0.165277
0.433141
0.414895
0.276659
0.169064
0.363313
0.245436
0.396210
0.299576
0.378413
0.275730
0.183145
0.575984
0.862621
0.133019
0.591555
0.344325
0.261699
0.173322
0.424868
0.383480
0.550416
0.351491
0.443473
0.202500
0.640950
0.331026
0.254706
0.308226
0.307607
0.463474
0.319840
0.146230
0.136426
0.259349
0.176493
0.304870
0.151882
0.276829
0.178231
0.393578
0.183765
0.188382
0.382450
0.375142
0.172401
0.603988
0.246316
0.352250
0.152027
0.518436
0.669464
0.394280
0.384413
0.571663
0.125041
0.730682
0.669395
0.233923
0.284889
0.298162
0.424265
0.176844
0.310890
0.385780
0.239488
0.155168
0.191305
0.237180
0.219519
0.349581
0.364809
0.202918
0.351943
0.164381
0.245696
0.183575
0.220433
0.197576
0.212325
0.406592
0.208908
0.272733
0.172373
0.294952
0.218679
0.248430
0.292812
0.293040
0.299190
0.326033
0.449399
0.407066
0.241962
0.240734
0.290959
0.576210
0.289375
0.245108
0.123232
0.265231
0.274415
0.155268
0.300167
0.288756
0.197766
0.413601
0.173568
0.415771
0.310646
0.114987
0.185432
0.353787
0.326775
0.429319
0.288980
0.315731
0.176339
0.158335
0.334687
0.264978
0.253068
0.336593
0.445344
0.446032
0.236891
0.147759
0.280011
0.237310
0.233333
0.374757
0.397063
0.332279
0.344853
0.269870
0.189268
0.559801
0.605135
0.210691
0.517306
0.436107
0.345632
0.414175
0.544018
0.415932
0.261666
0.310766
0.494021
0.452819
0.147382
0.355588
0.328723
0.440058
0.624921
0.303400
0.300060
0.195542
0.286401
0.320299
0.319319
0.293611
0.339304
0.474411
0.441668
0.189983
0.338958
0.206517
0.318737
0.405520
0.386224
0.198715
0.104645
0.348439
0.286484
0.227007
0.361058
0.216425
0.359048
0.285802
0.531851
0.204176
0.344885
0.641632
0.488259
0.252148
0.096838
0.218529
0.199409
0.218967
0.246949
0.213011
0.263724
0.409291
0.389567
0.154395
0.321001
0.378287
0.253277
0.239674
0.364241
0.290828
0.259593
0.230006
0.359645
0.160197
0.216896
0.458022
0.330009
0.563886
0.518985
0.163464
0.283866
0.260122
0.473220
0.508255
0.167842
0.435864
0.375989
0.703734
0.167784
0.287581
0.179796
0.265410
0.261329
0.264904
0.193511
0.455482
0.303007
0.469123
0.326673
0.354017
0.296214
0.446416
0.390760
0.303720
0.254873
0.356168
0.210885
0.294406
0.641421
0.265360
0.261943
0.349845
0.354595
0.278183
0.324434
0.521401
0.245173
0.402368
0.323061
0.181483
0.193162
0.376865
0.202614
0.163497
0.491164
0.252909
0.678884
0.210897
0.286295
0.508933
0.342043
0.148947
0.302177
0.204517
0.283498
0.599815
0.268438
0.192791
0.320633
0.195815
0.559065
0.318509
0.214832
0.201351
0.545817
0.462710
0.179869
0.212612
0.321889
0.224066
0.198599
0.358099
0.443542
0.540201
0.297652
0.238798
0.494758
0.251066
0.582288
0.538220
0.183428
0.538763
0.437772
0.489704
0.423870
0.510335
0.515716
0.394655
0.282183
0.472151
0.584715
0.391926
0.576890
0.304881
0.565369
0.210795
0.209270
0.535978
0.426169
0.384333
0.541049
0.240690
0.307807
0.221949
0.359821
0.522849
0.405478
0.525814
0.291551
0.480860
0.638018
0.342448
0.365288
0.380322
0.273566
0.362902
0.236020
0.156623
0.411057
0.436673
0.178301
0.366122
0.400136
0.294697
0.193940
0.329954
0.242621
0.248531
0.184481
0.366104
0.353245
0.469526
0.265803
0.369299
0.435151
0.298327
0.432839
0.176398
0.425487
0.441266
0.189091
0.404125
0.600959
0.395971
0.376155
0.200836
0.179219
0.266325
0.293115
0.488558
0.381575
0.450462
0.662312
0.387070
0.262020
0.504048
0.486780
0.265437
0.273216
0.177944
0.416314
0.255357
0.383412
0.499186
0.314830
0.305922
0.212462
0.240098
0.319982
0.245961
0.549937
0.266981
0.316907
0.336213
0.238694
0.370545
0.138116
0.309044
0.337523
0.395172
0.303364
0.458275
0.229607
0.187098
0.647376
0.241583
0.158888
0.318927
0.242755
0.201388
0.234239
0.499144
0.236723
0.301246
0.233327
0.190069
0.328996
0.127671
0.146516
0.341291
0.289297
0.182715
0.239037
0.169196
0.129153
0.230886
0.249999
0.450278
0.361983
0.166513
0.255428
0.184688
0.237067
0.129053
0.376549
0.230268
0.114498
0.338702
0.244581
0.310784
0.217945
0.294150
0.444403
0.434826
0.347235
0.193286
0.248050
0.360700
0.436646
0.446026
0.141851
0.251403
0.198598
0.184772
0.383971
0.537556
0.392064
0.244605
0.202496
0.357363
0.267824
0.201850
0.607292
0.247271
0.336239
0.270688
0.357400
0.291228
0.160244
0.225040
0.334402
0.308544
0.217781
0.531850
0.198003
0.273992
0.212945
0.195201
0.206803
0.163162
0.665713
0.451273
0.293911
0.206833
0.543491
0.264101
0.276375
0.348565
0.260846
0.264101
0.626241
0.150907
0.262923
0.393598
0.543805
0.470694
0.358320
0.429351
0.368107
0.327985
0.405809
0.260737
0.148501
0.213809
0.501591
0.187497
0.287403
0.316527
0.237774
0.291504
0.173802
0.340501
0.214367
0.406412
0.281756
0.420000
0.299636
0.458262
0.259495
0.261021
0.253608
0.257542
0.405044
0.189690
0.159022
0.466808
0.395411
0.302609
0.229096
0.133151
0.141069
0.153567
0.261514
0.432107
0.326244
0.430764
0.437083
0.252412
0.503844
0.304161
0.125295
0.252123
0.229759
0.244807
0.302786
0.157509
0.098632
0.344507
0.794153
0.505997
0.274390
0.194928
0.412952
0.292516
0.505785
0.401980
0.197381
0.227514
0.216566
0.585641
0.219582
0.159806
0.223770
0.277924
0.303355
0.187929
0.419773
0.415701
0.203466
0.219159
0.241673
0.284141
0.495149
0.133381
0.651724
0.338427
0.373555
0.368401
0.361236
0.238657
0.279407
0.209855
0.248684
0.233737
0.481076
0.369781
0.385060
0.379609
0.187178
0.279484
0.328055
0.274226
0.819748
0.360582
0.281558
0.208755
0.268688
0.465482
0.262303
0.297805
0.493191
0.213870
0.227837
0.411897
0.253554
0.492204
0.210787
0.331484
0.335743
0.418585
0.385637
0.167787
0.292358
0.466068
0.177932
0.229357
0.229753
0.199719
0.449209
0.469703
0.202689
0.277727
0.268710
0.286011
0.343240
0.250664
0.378268
0.230163
0.275229
0.418480
0.399044
0.212233
0.272218
0.312283
0.402084
0.299785
0.245643
0.181927
0.370974
0.277688
0.238934
0.246365
0.319120
0.230312
0.290270
0.400203
0.332612
0.413802
0.245083
0.235359
0.443476
0.282766
0.160454
0.382283
0.353757
0.516596
0.377899
0.288642
0.225907
0.407573
0.093136
0.244098
0.165108
0.283812
0.343821
0.254438
0.444013
0.333220
0.425761
0.206010
0.176390
0.171646
0.164977
0.169590
0.187990
0.127275
0.476326
0.235235
0.233902
0.250405
0.254975
0.483723
0.225551
0.226494
0.710342
0.467400
0.279895
0.399765
0.386439
0.314084
0.238633
0.382692
0.236929
0.350947
0.318830
0.297732
0.411449
0.372020
0.248059
0.184729
0.202229
0.102600
0.207979
0.594984
0.488080
0.289162
0.395639
0.195515
0.516480
0.254508
0.155194
0.378668
0.388706
0.899359
0.282514
0.255766
0.344265
0.348564
0.210735
0.341477
0.187425
0.375192
0.278725
0.243468
0.300215
0.298486
0.373907
0.425408
0.345171
0.335473
0.212671
0.312391
0.268277
0.412630
0.232437
0.176942
0.318394
0.214783
0.390195
0.277830
0.246798
0.252168
0.454974
0.379445
0.427688
0.206467
0.386570
0.187654
0.251762
0.422365
0.394644
0.232374
0.295861
0.328714
0.242077
0.469856
0.331165
0.364720
0.223550
0.336120
0.325412
0.364781
0.169051
0.530247
0.146914
0.171677
0.514906
0.278088
0.262129
0.190660
0.176233
0.151699
0.162771
0.254319
0.220693
0.356372
0.238052
0.399406
0.398587
0.211512
0.276201
0.160948
0.246882
0.398243
0.442980
0.260993
0.327091
0.205333
0.412599
0.327437
0.360819
0.185371
0.069269
0.392836
0.280947
0.322636
0.297148
0.402882
0.318456
0.266582
0.309060
0.134917
0.185487
0.215905
0.147229
0.187709
0.112072
0.350435
0.240750
0.319834
0.249827
0.179289
0.268452
0.246648
0.271643
0.367484
0.369378
0.216113
0.110326
0.074705
0.403805
0.368551
0.109161
0.099146
0.316936
0.177683
0.292547
0.355575
0.256045
0.304901
0.204201
0.194067
0.194537
0.225062
0.202802
0.069986
0.225869
0.422186
0.188952
0.369290
0.219689
0.188189
0.316748
0.388638
0.384482
0.394534
0.154865
0.386067
0.376506
0.268062
0.135169
0.467366
0.419636
0.323530
0.213909
0.352069
0.370520
0.302815
0.365069
0.354056
0.292680
0.218195
0.219253
0.230137
0.283050
0.453124
0.308333
0.251462
0.223578
0.371192
0.229418
0.258552
0.080343
0.215220
0.324228
0.306529
0.227773
0.338073
0.677008
0.320853
0.385129
0.412377
0.463654
0.193250
0.252006
0.299542
0.217599
0.179279
0.041257
0.134731
0.283378
0.158266
0.237096
0.218542
0.477625
0.257831
0.166145
0.300489
0.192539
0.207838
0.358186
0.391661
0.268696
0.180909
0.552698
0.396864
0.533122
0.338724
0.246962
0.175149
0.126517
0.180483
0.305274
0.202442
0.358713
0.414025
0.218537
0.378839
0.182727
0.697224
0.242861
0.380039
0.350293
0.134325
0.338439
0.257777
0.375791
0.353889
0.418223
0.258446
0.302615
0.308451
0.662366
0.599887
0.513206
0.459964
0.192067
0.265765
0.487503
0.389349
0.513767
0.234399
0.325346
0.487525
0.198494
0.113759
0.195560
0.425397
0.170344
0.230162
0.332173
0.274515
0.326780
0.492973
0.258777
0.171909
0.136992
0.259473
0.362148
0.357324
0.376967
0.346617
0.295956
0.287840
0.510636
0.328236
0.196178
0.145005
0.393434
0.507448
0.467955
0.249655
0.224315
0.285714
0.435474
0.360610
0.308202
0.302983
0.279456
0.388883
0.201829
0.317203
0.169437
0.128850
0.182518
0.215665
0.296903
0.370255
0.350740
0.402255
0.307594
0.193843
0.156845
0.140708
0.383809
0.176367
0.137819
0.212169
0.210789
0.209601
0.142259
0.155103
0.223654
0.242137
0.286932
0.168210
0.235966
0.192430
0.228164
0.199463
0.173579
0.276724
0.387912
0.256858
0.478377
0.225745
0.321519
0.347883
0.241459
0.238453
0.225354
0.293181
0.237166
0.463480
0.179114
0.504493
0.201917
0.306951
0.444834
0.360055
0.295601
0.292027
0.303399
0.358160
0.140514
0.439650
0.221680
0.408717
0.347317
0.298143
0.244919
0.331887
0.226714
0.162934
0.207097
0.074373
0.404482
0.293757
0.513829
0.187282
0.337593
0.310141
0.403443
0.173066
0.172231
0.217110
0.274480
0.208736
0.200310
0.213540
0.132838
0.243140
0.267271
0.148637
0.276485
0.265316
0.401105
0.209943
0.222389
0.249157
0.275345
0.238195
0.466068
0.376726
0.338294
0.229853
0.331877
0.040611
0.367828
0.468723
0.250423
0.317923
0.294263
0.146718
0.377618
0.241687
0.167862
0.166317
0.339448
0.235950
0.215389
0.125873
0.278217
0.504010
0.323368
0.546684
0.523788
0.363123
0.294188
0.132056
0.146176
0.269576
0.380081
0.202852
0.303613
0.293381
0.184050
0.486718
0.292659
0.205709
0.262115
0.167442
0.304390
0.577847
0.491444
0.099689
0.192821
0.268399
0.304134
0.294845
0.304140
0.301759
0.263398
0.256179
0.588858
0.427998
0.432434
0.137678
0.333868
0.413678
0.424430
0.314018
0.210559
0.237656
0.158624
0.339897
0.455066
0.175975
0.189402
0.446589
0.373293
0.295264
0.120227
0.369881
0.419397
0.357623
0.333267
0.301072
0.406855
0.195883
0.549714
0.388851
0.263853
0.278024
0.269321
0.515204
0.355077
0.251061
0.221454
0.300402
0.396806
0.199586
0.114764
0.127250
0.218047
0.094481
0.094186
0.211458
0.271845
0.189280
0.102502
0.090106
0.066664
0.107890
0.162569
0.222212
0.132232
0.621937
0.286533
0.537575
0.051053
0.305403
0.234687
0.588640
0.288516
0.093608
0.346941
0.231464
0.484782
0.349703
0.294176
0.401707
0.289014
0.123281
0.133259
0.421327
0.230803
0.221460
0.319061
0.101184
0.088475
0.222961
0.297685
0.598369
0.243449
0.091742
0.140326
0.143120
0.144535
0.073945
0.215706
0.190140
0.156774
0.364491
0.157497
0.309469
0.243296
0.264162
0.154447
0.145969
0.129656
0.717344
0.151833
0.149100
0.267030
0.479441
0.334644
0.224727
0.387218
0.272239
0.073868
0.331409
0.310860
0.231525
0.107888
0.158847
0.108021
0.504421
0.272809
0.251068
0.383682
0.489679
0.406849
0.091001
0.245294
0.340026
0.379813
0.334724
0.253432
0.068139
0.088561
0.314938
0.178523
0.101125
0.223491
0.031101
0.181479
0.270317
0.149194
0.297863
0.196837
0.221636
0.278640
0.133460
0.254865
0.115973
0.122627
0.168278
0.203277
0.130413
0.088860
0.154162
0.188395
0.289610
0.332349
0.211297
0.152481
0.149534
0.335970
0.319469
0.166807
0.378534
0.232807
0.215546
0.210010
0.269369
0.299335
0.305768
0.100528
0.193174
0.146177
0.403481
0.247737
0.202089
0.400026
0.280255
0.139357
0.400278
0.071545
0.122057
0.312945
0.232627
0.299152
0.325208
0.216294
0.066341
0.198701
0.260615
0.106152
0.215059
0.169444
0.112514
0.308908
0.435446
0.116913
0.326416
0.260781
0.062534
0.195283
0.146619
0.618232
0.188648
0.185793
0.109796
0.576992
0.549644
0.180602
0.225889
0.246921
0.224611
0.262217
0.282710
0.104463
0.384783
0.263904
0.146861
0.123282
0.109777
0.302958
0.173283
0.283442
0.176427
0.263509
0.146085
0.243075
0.243526
0.204031
0.352327
0.108665
0.301781
0.331628
0.248005
0.189479
0.313390
0.305001
0.280168
0.372152
0.319317
0.147521
0.186854
0.409390
0.356460
0.372244
0.601051
0.306780
0.202245
0.178185
0.198211
0.213637
0.093406
0.168089
0.277883
0.266354
0.321348
0.229097
0.221513
0.170635
0.286265
0.330829
0.155372
0.180685
0.402873
0.193104
0.144137
0.343386
0.223413
0.115175
0.169070
0.280006
0.152453
0.316670
0.348696
0.297475
0.190869
0.274016
0.156750
0.051047
0.149432
0.313735
0.266010
0.327936
0.299908
0.197549
0.360320
0.250282
0.407119
0.149301
0.542323
0.260446
0.213977
0.155435
0.204188
0.426301
0.289414
0.101636
0.193181
0.219879
0.357187
0.098483
0.204853
0.268466
0.201124
0.200411
0.522539
0.156838
0.329318
0.133089
0.136811
0.347253
0.422776
0.155103
0.338808
0.149066
0.278977
0.132090
0.130406
0.243674
0.446010
0.235977
0.263786
0.133399
0.175689
0.212495
0.189052
0.210878
0.229009
0.528960
0.329389
0.235836
0.196263
0.411454
0.500715
0.524487
0.272943
0.248736
0.273560
0.364879
0.288546
0.290195
0.215576
0.116417
0.175908
0.504980
0.236950
0.287031
0.362605
0.501507
0.323575
0.211379
0.449088
0.358994
0.304743
0.310234
0.408844
0.335634
0.354730
0.303772
0.170904
0.270693
0.414737
0.282516
0.221950
0.194311
0.371178
0.275451
0.146752
0.303320
0.323649
0.162785
0.280342
0.146006
0.363632
0.703670
0.287111
0.252181
0.242092
0.598284
0.226233
0.313535
0.235710
0.314724
0.273634
0.151352
0.471469
0.490937
0.267316
0.262950
0.178914
0.185540
0.398099
0.281609
0.420636
0.217831
0.293873
0.436267
0.187218
0.307243
0.167470
0.210814
0.179748
0.228126
0.374880
0.235655
0.331991
0.174457
0.098728
0.178793
0.226726
0.481301
0.500168
0.268293
0.145088
0.147199
0.366828
0.391991
0.158787
0.292994
0.321622
0.206082
0.237156
0.293976
0.174730
0.367775
0.299895
0.265731
0.191708
0.193508
0.109862
0.203488
0.530922
0.395012
0.337384
0.341618
0.055246
0.337540
0.321829
0.310098
0.402670
0.157762
0.282419
0.205504
0.203746
0.124872
0.182149
0.172937
0.039213
0.172219
0.164727
0.073856
0.172317
0.086003
0.091224
0.153342
0.137339
0.494220
0.254587
0.172174
0.287984
0.138242
0.199345
0.172889
0.259819
0.372113
0.451235
0.216078
0.238640
0.164765
0.207510
0.212452
0.155847
0.227784
0.139030
0.265613
0.415425
0.261052
0.261271
0.200851
0.146009
0.314437
0.313045
0.227338
0.322986
0.257589
0.153790
0.344463
0.281700
0.278223
0.477867
0.343904
0.287061
0.213802
0.450832
0.103148
0.119783
0.240546
0.151571
0.120808
0.364898
0.193491
0.325949
0.422063
0.571683
0.173562
0.244130
0.172956
0.184810
0.544272
0.210192
0.308038
0.197140
0.190802
0.163367
0.240249
0.114894
0.213980
0.116648
0.095002
0.293614
0.496475
0.163147
0.185196
0.315695
0.312965
0.182291
0.392157
0.210088
0.237633
0.186478
0.206777
0.150020
0.179821
0.311078
0.168015
0.182785
0.125100
0.192726
0.146547
0.239419
0.177525
0.267169
0.210312
0.160715
0.175285
0.190487
0.195233
0.222714
0.131211
0.390177
0.186785
0.184592
0.198546
0.267784
0.184214
0.218695
0.188556
0.211109
0.358310
0.367878
0.046793
0.175481
0.131171
0.450366
0.428123
0.186871
0.208283
0.042547
0.122161
0.231245
0.361841
0.135336
0.254860
0.228255
0.305331
0.207475
0.275638
0.358148
0.083363
0.197171
0.248803
0.203338
0.336728
0.252405
0.220374
0.519060
0.393800
0.219998
0.217445
0.304345
0.144736
0.104594
0.266378
0.277137
0.245143
0.392519
0.083003
0.212649
0.188224
0.242087
0.337072
0.243035
0.082777
0.321456
0.094413
0.176069
0.303476
0.148915
0.168024
0.391202
0.154896
0.198592
0.146539
0.495050
0.109079
0.170157
0.180542
0.205200
0.523433
0.337678
0.319391
0.222950
0.099548
0.455461
0.251923
0.236543
0.224431
0.179975
0.351103
0.585126
0.322098
0.307712
0.132006
0.032826
0.316475
0.129454
0.282847
0.266886
0.350481
0.226033
0.200624
0.133288
0.238752
0.297515
0.377788
0.259889
0.352092
0.198406
0.114782
0.379028
0.262584
0.356432
0.160349
0.298961
0.285979
0.273655
0.336595
0.325556
0.138765
0.283477
0.159298
0.326576
0.120450
0.171239
0.195852
0.143026
0.363583
0.238840
0.251417
0.231251
0.136328
0.229557
0.191811
0.051046
0.236452
0.255665
0.196161
0.106294
0.110672
0.141763
0.224336
0.067317
0.198073
0.368404
0.138147
0.306735
0.316152
0.148497
0.235819
0.191608
0.230845
0.176565
0.211389
0.396299
0.320807
0.145390
0.340023
0.570587
0.135427
0.249015
0.345887
0.138852
0.354900
0.282922
0.229791
0.314634
0.412481
0.304221
0.430920
0.248439
0.350547
0.200554
0.295351
0.190819
0.212167
0.250569
0.250644
0.144853
0.206356
0.270201
0.211865
0.273949
0.528235
0.198352
0.414874
0.139953
0.220625
0.215484
0.263654
0.109147
0.222767
0.273440
0.346934
0.291244
0.326948
0.417771
0.158030
0.330444
0.175622
0.352507
0.534586
0.082417
0.258592
0.170183
0.208712
0.312234
0.143384
0.319555
0.224766
0.343477
0.157328
0.081147
0.311725
0.191071
0.297777
0.128981
0.472667
0.156055
0.266565
0.152807
0.217254
0.173874
0.261768
0.216484
0.095145
0.419792
0.137977
0.212542
0.180407
0.379385
0.181678
0.160843
0.146764
0.133272
0.229801
0.251013
0.289053
0.377111
0.274439
0.284297
0.180808
0.212521
0.282217
0.216183
0.327544
0.349996
0.252940
0.356321
0.363056
0.454888
0.102720
0.172793
0.245170
0.285470
0.285611
0.147847
0.256357
0.178049
0.174632
0.237810
0.084228
0.295000
0.290742
0.171283
0.203795
0.206504
0.443588
0.239279
0.147630
0.313211
0.551774
0.436292
0.168434
0.151224
0.287320
0.170137
0.393393
0.290011
0.181456
0.195500
0.528072
0.128909
0.278325
0.122107
0.240208
0.341234
0.209996
0.227257
0.232422
0.167123
0.230449
0.348708
0.337057
0.442012
0.345734
0.075805
0.086526
0.148069
0.300105
0.309310
0.238918
0.304422
0.029557
0.184526
0.147397
0.226218
0.314647
0.246375
0.241182
0.478522
0.284132
0.131790
0.202039
0.116861
0.277335
0.225386
0.054272
0.389832
0.284680
0.157324
0.163327
0.127215
0.332887
0.312775
0.377747
0.243934
0.264405
0.106991
0.169954
0.142338
0.132959
0.159587
0.131229
0.335877
0.254415
0.065368
0.128471
0.280338
0.166439
0.087309
0.177487
0.463606
0.251186
0.292008
0.100592
0.115708
0.248848
0.200559
0.096966
0.178189
0.348117
0.242319
0.161596
0.119388
0.219529
0.205823
0.191990
0.356146
0.404138
0.302245
0.446490
0.458590
0.222688
0.085678
0.228697
0.451222
0.469174
0.235895
0.066559
0.495725
0.101467
0.244649
0.266169
0.308788
0.163284
0.274802
0.259437
0.361537
0.234629
0.176315
0.518351
0.429478
0.371172
0.258847
0.172715
0.159111
0.327833
0.102249
0.460094
0.198417
0.254462
0.203305
0.507071
0.308485
0.225107
0.106273
0.172540
0.258146
0.147901
0.125137
0.203006
0.121900
0.167217
0.193818
0.144851
0.083425
0.096616
0.103727
0.260237
0.140357
0.054767
0.117663
0.125837
0.150281
0.356954
0.095375
0.105163
0.112017
0.117710
0.151888
0.211669
0.224900
0.154160
0.110971
0.234590
0.207197
0.224278
0.347855
0.181619
0.163824
0.226424
0.119302
0.194607
0.234009
0.237482
0.039230
0.378267
0.515093
0.323288
0.157493
0.153645
0.332351
0.683246
0.116180
0.115590
0.049002
0.169943
0.346781
0.104288
0.513402
0.121741
0.240506
0.631300
0.177382
0.122997
0.284651
0.260970
0.251713
0.124294
0.303083
0.357849
0.109696
0.378364
0.378616
0.217763
0.167877
0.227974
0.301777
0.559225
0.201269
0.164027
0.281417
0.183710
0.050085
0.210997
0.106861
0.142578
0.296772
0.267605
0.248699
0.116741
0.116756
0.063633
0.233979
0.169869
0.131920
0.223868
0.058699
0.231386
0.105295
0.273022
0.575333
0.301146
0.125061
0.168199
0.359827
0.129089
0.451116
0.292014
0.242703
0.096301
0.193293
0.478614
0.233086
0.090752
0.199764
0.223880
0.167328
0.046802
0.169046
0.389165
0.178350
0.092502
0.308658
0.354831
0.492582
0.106556
0.282186
0.133521
0.168234
0.064155
0.125980
0.251314
0.084632
0.165555
0.323323
0.149631
0.156172
0.176419
0.162576
0.398276
0.211300
0.232749
0.076694
0.320475
0.143870
0.281675
0.194336
0.167249
0.153505
0.168453
0.159195
0.178855
0.236809
0.316264
0.228249
0.309715
0.094485
0.198333
0.088383
0.217829
0.206114
0.198476
0.145856
0.238142
0.196670
0.183146
0.114439
0.222508
0.270365
0.341970
0.163444
0.214137
0.223512
0.078417
0.193140
0.233932
0.308391
0.231342
0.138161
0.257728
0.175367
0.132433
0.359172
0.332748
0.121232
0.187577
0.135386
0.215877
0.103717
0.174040
0.372769
0.191735
0.352903
0.138219
0.195098
0.162670
0.460562
0.369492
0.473438
0.263461
0.314252
0.231226
0.281542
0.516645
0.197032
0.336846
0.105395
0.354321
0.203693
0.238807
0.331682
0.336085
0.294026
0.165978
0.125302
0.144599
0.305477
0.185562
0.105541
0.292859
0.161620
0.116674
0.316927
0.210643
0.183902
0.179637
0.229449
0.117056
0.285836
0.384948
0.157945
0.238592
0.299571
0.125129
0.182148
0.383887
0.238326
0.165269
0.221384
0.198350
0.350566
0.285587
0.378530
0.208893
0.304490
0.134074
0.201620
0.220834
0.049463
0.174026
0.179830
0.429017
0.271138
0.365372
0.053573
0.236786
0.139403
0.393151
0.457775
0.396929
0.272888
0.166098
0.183176
0.207540
0.144050
0.202615
0.167462
0.155478
0.237904
0.377729
0.308190
0.212519
0.144131
0.113346
0.272267
0.089605
0.259362
0.605759
0.196281
0.263348
0.189220
0.191850
0.198458
0.184004
0.256503
0.249557
0.291883
0.214210
0.106213
0.191943
0.154082
0.243173
0.083496
0.240130
0.282150
0.286891
0.340036
0.352006
0.400621
0.208117
0.078737
0.106129
0.105359
0.349921
0.371448
0.183901
0.207286
0.170220
0.509233
0.212350
0.137192
0.116769
0.161540
0.193706
0.210249
0.303839
0.214533
0.276508
0.207227
0.283491
0.183457
0.149299
0.161254
0.114268
0.051377
0.186497
0.042645
0.104433
0.128761
0.081982
0.208235
0.129110
0.175363
0.230959
0.184123
0.167981
0.070224
0.129968
0.269317
0.299152
0.344243
0.150528
0.195575
0.042391
0.257820
0.137411
0.148232
0.318822
0.252671
0.233071
0.108067
0.215115
0.154981
0.169057
0.277010
0.086130
0.195715
0.288077
0.117213
0.351118
0.253021
0.292709
0.458986
0.224350
0.180365
0.233866
0.664719
0.166126
0.084789
0.252859
0.255335
0.154516
0.247451
0.218786
0.117977
0.323247
0.343391
0.151976
0.225585
0.195771
0.144725
0.787081
0.244576
0.037340
0.238746
0.437182
0.191352
0.189710
0.268701
0.307998
0.191296
0.181887
0.093123
0.226613
0.127016
0.046277
0.170396
0.198168
0.281843
0.226203
0.201915
0.119304
0.179018
0.176155
0.309632
0.295519
0.119961
0.425467
0.061766
0.183823
0.221129
0.157006
0.254083
0.259402
0.440248
0.062572
0.125948
0.177547
0.057677
0.187707
0.258710
0.064712
0.102751
0.079611
0.155230
0.207909
0.153266
0.238129
0.169573
0.191359
0.165475
0.134383
0.379856
0.369564
0.066274
0.295024
0.108896
0.158405
0.468833
0.259125
0.183518
0.130838
0.287412
0.157814
0.284307
0.127862
0.456783
0.158619
0.196238
0.281161
0.271954
0.448031
0.130125
0.311944
0.267816
0.464006
0.191018
0.742196
0.205753
0.257639
0.267471
0.160494
0.245294
0.122008
0.293623
0.365302
0.346652
0.382069
0.317948
0.226009
0.218990
0.238482
0.161036
0.174032
0.140136
0.135696
0.170653
0.315385
0.280174
0.145132
0.253868
0.214849
0.385153
0.029947
0.217365
0.306502
0.269663
0.120600
0.293971
0.317739
0.381748
0.155034
0.166947
0.161105
0.347602
0.317912
0.153857
0.089533
0.353810
0.414143
0.513128
0.212062
0.378074
0.139844
0.148382
0.189529
0.217572
0.176782
0.304420
0.214347
0.208976
0.220264
0.257671
0.074521
0.272523
0.197794
0.458993
0.207646
0.143766
0.396769
0.142139
0.139991
0.455935
0.109004
0.207778
0.161360
0.403522
0.250927
0.260632
0.240761
0.252925
0.271255
0.162637
0.332880
0.302219
0.259507
0.217256
0.221385
0.335826
0.237408
0.142331
0.064716
0.083890
0.089029
0.172029
0.244086
0.107304
0.371124
0.084721
0.141849
0.184711
0.110249
0.242499
0.318640
0.223064
0.228896
0.293721
0.092214
0.108190
0.172627
0.207061
0.297753
0.304015
0.118789
0.082070
0.204317
0.306041
0.236734
0.200115
0.094816
0.104481
0.207333
0.191891
0.168194
0.462929
0.159693
0.180769
0.143001
0.226784
0.276288
0.183036
0.166577
0.286619
0.389456
0.140101
0.128847
0.237965
0.026988
0.073499
0.274596
0.312111
0.212694
0.250061
0.049300
0.370866
0.462031
0.140806
0.220561
0.284502
0.149454
0.185870
0.210921
0.401661
0.320286
0.110119
0.123883
0.205088
0.291878
0.153290
0.233676
0.154356
0.206908
0.205794
0.078387
0.208726
0.077319
0.212741
0.128228
0.268092
0.432880
0.280691
0.215237
0.185870
0.262381
0.144747
0.258733
0.164946
0.138020
0.147295
0.216539
0.486240
0.128361
0.169356
0.211665
0.384245
0.296153
0.430363
0.262970
0.480552
0.245239
0.157453
0.367827
0.157366
0.127803
0.259117
0.249027
0.291326
0.188464
0.165472
0.245305
0.194047
0.353194
0.582004
0.260779
0.232073
0.148319
0.194137
0.475265
0.298049
0.098203
0.239276
0.134413
0.165581
0.229859
0.383501
0.204579
0.155099
0.199380
0.158771
0.179875
0.158509
0.133869
0.227906
0.244052
0.174110
0.220476
0.162343
0.113315
0.127160
0.143114
0.153151
0.159777
0.178706
0.053033
0.174019
0.143475
0.109412
0.249887
0.220642
0.318336
0.251585
0.274004
0.076073
0.105040
0.350352
0.045350
0.226174
0.244411
0.282658
0.247148
0.180618
0.138612
0.205626
0.214911
0.406281
0.200680
0.128899
0.170384
0.106314
0.176215
0.111824
0.283108
0.374737
0.296461
0.083835
0.141245
0.323891
0.262050
0.126667
0.208451
0.222115
0.220864
0.222952
0.300878
0.077232
0.214052
0.091995
0.182334
0.116154
0.242724
0.214865
0.192816
0.295996
0.039555
0.239546
0.310025
0.224404
0.202084
0.084633
0.065296
0.046914
0.141216
0.104192
0.140349
0.296024
0.123829
0.460811
0.165036
0.144803
0.168281
0.373584
0.337339
0.203100
0.205208
0.128863
0.128880
0.039092
0.080725
0.292640
0.283433
0.213816
0.155592
0.206642
0.128650
0.078044
0.084355
0.184978
0.154865
0.277267
0.243630
0.226478
0.169952
0.259184
0.090981
0.153750
0.242001
0.264383
0.115884
0.153159
0.099530
0.129474
0.058762
0.121355
0.062444
0.310433
0.080892
0.151016
0.112536
0.175709
0.222427
0.039254
0.134884
0.023597
0.100228
0.191122
0.182910
0.170482
0.165409
0.351463
0.045669
0.228259
0.097625
0.050353
0.264183
0.250818
0.205826
0.161352
0.167988
0.224554
0.025956
0.308243
0.119545
0.513662
0.103373
0.226725
0.182412
0.127180
0.171647
0.481283
0.385640
0.214412
0.112008
0.171660
0.182183
0.246446
0.149582
0.232039
0.147543
0.222836
0.376826
0.101236
0.268681
0.233017
0.090741
0.185085
0.183559
0.253325
0.177666
0.131481
0.184966
0.239079
0.209230
0.444278
0.074870
0.131408
0.307941
0.204475
0.253421
0.261936
0.488383
0.120305
0.077385
0.132865
0.280081
0.513131
0.126110
0.369451
0.159716
0.212906
0.160829
0.419784
0.155298
0.316413
0.207350
0.213936
0.317726
0.287262
0.208972
0.096747
0.080982
0.265802
0.326606
0.416089
0.150625
0.293563
0.147028
0.239291
0.106750
0.180194
0.335768
0.353935
0.194876
0.187203
0.284126
0.231494
0.078689
0.321377
0.149981
0.296341
0.243515
0.362519
0.191795
0.171272
0.191246
0.327134
0.247680
0.317636
0.357282
0.231816
0.257772
0.302546
0.186883
0.215326
0.399002
0.586709
0.230094
0.076231
0.176139
0.151729
0.255411
0.303964
0.497393
0.269915
0.227054
0.112570
0.279769
0.335557
0.261184
0.354139
0.297850
0.166747
0.262512
0.359327
0.158231
0.337800
0.334000
0.194975
0.261472
0.120545
0.140855
0.151141
0.113179
0.373275
0.088267
0.155747
0.189317
0.198304
0.302961
0.187728
0.126248
0.128880
0.115445
0.588511
0.144539
0.324446
0.198614
0.161960
0.124609
0.233579
0.190870
0.129339
0.342330
0.401955
0.224009
0.268691
0.230301
0.081244
0.302016
0.429813
0.044477
0.107337
0.269431
0.130969
0.279190
0.027630
0.253411
0.211930
0.315144
0.055693
0.256414
0.192869
0.162607
0.131704
0.354354
0.086246
0.142090
0.293778
0.312726
0.180259
0.150064
0.099555
0.136679
0.055500
0.096045
0.127924
0.127836
0.203747
0.259335
0.190946
0.123732
0.253576
0.185237
0.198237
0.176642
0.120073
0.145482
0.212782
0.156952
0.185725
0.128196
0.191928
0.072192
0.084759
0.161752
0.274332
0.073774
0.219377
0.166792
0.103661
0.184830
0.072550
0.188632
0.198439
0.136536
0.199015
0.619922
0.094941
0.288995
0.148425
0.148287
0.187553
0.114010
0.189937
0.132088
0.188714
0.018814
0.460181
0.261627
0.339131
0.206954
0.112380
0.128645
0.179766
0.115035
0.172110
0.095067
0.315179
0.436447
0.468111
0.182832
0.250059
0.164767
0.270746
0.253378
0.234893
0.242918
0.263757
0.176334
0.106964
0.170544
0.275898
0.215388
0.294082
0.274083
0.156746
0.213742
0.486537
0.264357
0.332849
0.389961
0.226941
0.215242
0.104434
0.330606
0.198429
0.279648
0.119004
0.314796
0.259729
0.077443
0.028965
0.181933
0.115495
0.317917
0.211647
0.162925
0.171496
0.130109
0.156016
0.267806
0.086977
0.164193
0.190748
0.307025
0.377374
0.034502
0.189411
0.131400
0.182688
0.199196
0.217666
0.112886
0.137202
0.253215
0.099475
0.069055
0.249839
0.107822
0.236579
0.128697
0.142085
0.211528
0.186471
0.157632
0.078390
0.101407
0.174079
0.018998
0.407790
0.151015
0.266338
0.348836
0.113810
0.042349
0.174486
0.137867
0.062911
0.047479
0.065677
0.186175
0.288232
0.165980
0.041230
0.098166
0.306442
0.352463
0.183903
0.138618
0.134675
0.119955
0.104288
0.231448
0.231432
0.152439
0.214072
0.314790
0.240578
0.317042
0.280677
0.070507
0.300586
0.381261
0.131540
0.071199
0.443124
0.192526
0.040621
0.436737
0.336459
0.177707
0.111133
0.121771
0.284932
0.252768
0.211006
0.119257
0.296382
0.311882
0.179980
0.138471
0.269175
0.190765
0.323421
0.186497
0.055979
0.321541
0.163406
0.191850
0.242629
0.146098
0.431573
0.252497
0.443414
0.479688
0.333633
0.070622
0.239583
0.194108
0.233149
0.252011
0.267792
0.356479
0.280022
0.406318
0.427206
0.143203
0.225495
0.142033
0.230178
0.259966
0.330937
0.128121
0.183082
0.244870
0.165819
0.101963
0.215345
0.210750
0.501698
0.044804
0.118897
0.203277
0.313699
0.151510
0.182566
0.030591
0.184054
0.186404
0.469486
0.266288
0.330345
0.314870
0.254114
0.259303
0.064704
0.204014
0.042135
0.283471
0.125482
0.145396
0.274277
0.297817
0.102433
0.090905
0.117265
0.091143
0.152719
0.321645
0.147918
0.192887
0.225676
0.117030
0.175521
0.059492
0.216446
0.029609
0.101533
0.214391
0.204364
0.096764
0.228368
0.089885
0.178777
0.098776
0.047622
0.158333
0.073718
0.147915
0.022840
0.228246
0.309252
0.260222
0.182840
0.233032
0.198215
0.113405
0.054314
0.060699
0.202706
0.069269
0.192606
0.199198
0.085702
0.357457
0.293302
0.075879
0.214675
0.182650
0.209426
0.392206
0.084783
0.186098
0.372486
0.253459
0.148138
0.204616
0.640495
0.409818
0.346361
0.048253
0.318204
0.095990
0.183610
0.444155
0.372512
0.193767
0.451370
0.536557
0.212515
0.110184
0.210101
0.249695
0.217219
0.182302
0.295429
0.225538
0.318346
0.340937
0.299507
0.170699
0.253583
0.081666
0.211972
0.300664
0.234112
0.441695
0.291283
0.106698
0.233372
0.313142
0.488906
0.170162
0.069739
0.267018
0.150560
0.416598
0.311824
0.370487
0.131266
0.199756
0.309230
0.222000
0.239932
0.154853
0.379063
0.423304
0.154549
0.217214
0.051669
0.159826
0.363499
0.222575
0.163981
0.154126
0.191875
0.205453
0.229123
0.091120
0.215388
0.173807
0.195644
0.307665
0.126403
0.121794
0.182282
0.094911
0.218098
0.236785
0.158440
0.353860
0.243110
0.194948
0.151700
0.245593
0.150235
0.236275
0.374987
0.160763
0.108796
0.130693
0.208622
0.057260
0.159883
0.189482
0.400134
0.160197
0.125362
0.103874
0.268743
0.261966
0.216749
0.235113
0.226119
0.164270
0.269715
0.093682
0.327129
0.083735
0.154308
0.354817
0.200567
0.369499
0.162114
0.050277
0.333296
0.267361
0.062103
0.167906
0.190557
0.136216
0.229708
0.243298
0.241463
0.243122
0.015537
0.258519
0.085143
0.217878
0.205344
0.198419
0.121182
0.332361
0.198429
0.290208
0.277774
0.234583
0.150299
0.188535
0.058486
0.237114
0.368864
0.094655
0.267480
0.113390
0.406760
0.085639
0.201500
0.280395
0.094215
0.173776
0.284276
0.136789
0.181053
0.124147
0.483955
0.168614
0.454445
0.258948
0.207782
0.401233
0.274443
0.276754
0.334023
0.252838
0.366832
0.187533
0.266065
0.094424
0.310242
0.319786
0.150181
0.128491
0.362611
0.208333
0.127672
0.270814
0.261840
0.140157
0.144857
0.232589
0.082014
0.166349
0.356134
0.315742
0.340556
0.232525
0.138190
0.168996
0.198516
0.079405
0.141833
0.415082
0.223129
0.224737
0.389932
0.128402
0.145480
0.173935
0.209658
0.251391
0.112605
0.082663
0.201871
0.323674
0.172541
0.149124
0.155304
0.268626
0.251377
0.086745
0.185149
0.030181
0.030086
0.151527
0.085562
0.056726
0.157700
0.208554
0.188239
0.219129
0.090714
0.032316
0.161900
0.299375
0.076441
0.172332
0.101052
0.084488
0.143011
0.180690
0.296325
0.169080
0.206577
0.238080
0.066247
0.235331
0.174281
0.111315
0.241607
0.209086
0.224808
0.300375
0.374646
0.051967
0.145619
0.262331
0.225836
0.315439
0.162447
0.112691
0.314743
0.651890
0.153998
0.158067
0.127365
0.300480
0.159135
0.129405
0.139344
0.165732
0.160098
0.030310
0.175768
0.265461
0.184242
0.120984
0.087155
0.303073
0.114364
0.168281
0.349881
0.218744
0.072092
0.254307
0.137815
0.239575
0.161945
0.065590
0.188634
0.140143
0.182866
0.048856
0.143301
0.575184
0.204379
0.151955
0.132175
0.472742
0.184987
0.009916
0.239674
0.271494
0.354119
0.202358
0.234736
0.042544
0.459258
0.202542
0.385373
0.284289
0.131762
0.215408
0.219439
0.160951
0.188739
0.216122
0.205123
0.069718
0.150976
0.135186
0.161252
0.088140
0.223617
0.190241
0.170497
0.192267
0.089297
0.312783
0.059596
0.161451
0.234451
0.254112
0.139908
0.088038
0.074682
0.091325
0.197403
0.100669
0.334859
0.111220
0.284641
0.097788
0.170913
0.230368
0.173472
0.214111
0.061907
0.120121
0.160407
0.162954
0.290812
0.168967
0.219623
0.200899
0.191453
0.321804
0.327362
0.122028
0.048559
0.226470
0.124134
0.179390
0.088655
0.297975
0.152846
0.244950
0.250064
0.363762
0.100958
0.148238
0.159381
0.155280
0.202641
0.254312
0.287993
0.247714
0.142745
0.208857
0.104729
0.268716
0.109087
0.453295
0.175197
0.211898
0.230234
0.267120
0.167527
0.306790
0.201812
0.095814
0.166818
0.199208
0.266723
0.095754
0.084529
0.092106
0.236464
0.345113
0.189948
0.148553
0.230783
0.195051
0.122113
0.164284
0.178851
0.018932
0.079244
0.138673
0.200378
0.144794
0.110383
0.185962
0.276879
0.098774
0.268346
0.139857
0.205818
0.251345
0.172032
0.249414
0.164227
0.260125
0.364416
0.197476
0.293871
0.178060
0.159933
0.199506
0.301343
0.122526
0.066113
0.193654
0.185682
0.174545
0.293040
0.172709
0.090703
0.195817
0.208965
0.202546
0.195117
0.175584
0.337601
0.261171
0.203589
0.196327
0.140830
0.059539
0.187539
0.148587
0.209819
0.127822
0.134876
0.268320
0.120846
0.125183
0.090469
0.208573
0.476679
0.072852
0.243853
0.071568
0.153676
0.120621
0.156249
0.150972
0.113534
0.046315
0.147017
0.148843
0.176851
0.168701
0.076575
0.222441
0.134261
0.202612
0.025731
0.073642
0.414986
0.074273
0.184742
0.308986
0.116661
0.061406
0.033876
0.292363
0.147014
0.398053
0.217373
0.185047
0.243743
0.238702
0.190942
0.190348
0.204150
0.102316
0.205663
0.251667
0.078786
0.086515
0.294345
0.097346
0.167373
0.124192
0.185406
0.222367
0.264756
0.154115
0.324013
0.149239
0.162963
0.043965
0.099351
0.130390
0.227253
0.149604
0.244647
0.341574
0.230352
0.143355
0.214903
0.204040
0.199695
0.035503
0.089804
0.318888
0.161680
0.093078
0.262239
0.142266
0.160505
0.186501
0.026506
0.071761
0.049495
0.045152
0.076887
0.231310
0.263129
0.064948
0.177628
0.274137
0.085413
0.074868
0.157846
0.210413
0.113045
0.085167
0.090982
0.194329
0.150903
0.115457
0.131584
0.132546
0.115049
0.376522
0.153941
0.218156
0.316170
0.259991
0.087137
0.134572
0.380041
0.116659
0.074711
0.074562
0.189520
0.112258
0.116906
0.266354
0.118622
0.147302
0.146445
0.161359
0.158923
0.138921
0.177237
0.180723
0.155201
0.354010
0.069470
0.060690
0.084990
0.172081
0.107158
0.105903
0.110641
0.096879
0.048379
0.048763
0.115735
0.243986
0.063096
0.321621
0.050568
0.115850
0.111583
0.076429
0.158347
0.087907
0.142449
0.075690
0.029003
0.128180
0.144517
0.180278
0.222650
0.319932
0.183685
0.218524
0.108926
0.306950
0.213267
0.266826
0.042190
0.128835
0.222436
0.100661
0.122575
0.120230
0.154824
0.066683
0.138448
0.067061
0.017704
0.212088
0.064050
0.111310
0.095368
0.074744
0.167514
0.115548
0.220445
0.109331
0.029948
0.118290
0.071309
0.039599
0.287228
0.117183
0.166250
0.395613
0.169807
0.073594
0.449358
0.116387
0.079582
0.346464
0.274264
0.138429
0.175784
0.108259
0.064100
0.150635
0.208841
0.383581
0.114873
0.284222
0.274844
0.077861
0.158433
0.172197
0.140674
0.134628
0.226062
0.149272
0.213516
0.243950
0.204689
0.188646
0.335523
0.216539
0.139543
0.289416
0.120569
0.178704
0.152290
0.171667
0.130641
0.018648
0.138398
0.244113
0.259306
0.143347
0.147673
0.140976
0.094927
0.071615
0.282363
0.180822
0.214856
0.342959
0.267551
0.193213
0.222052
0.248538
0.082030
0.195677
0.116321
0.213705
0.153156
0.391395
0.340542
0.212602
0.226505
0.131544
0.191026
0.079201
0.386310
0.144516
0.308014
0.130108
0.352994
0.284541
0.185178
0.237991
0.169780
0.172639
0.144687
0.396857
0.209303
0.138120
0.081401
0.165049
0.102798
0.084507
0.353894
0.147936
0.131047
0.412372
0.156849
0.262851
0.137314
0.256703
0.248635
0.095714
0.166931
0.159960
0.166640
0.375845
0.319199
0.126828
0.341413
0.030353
0.153958
0.166757
0.208956
0.246415
0.076118
0.131685
0.171328
0.164023
0.202392
0.140959
0.115796
0.095691
0.053882
0.357931
0.274102
0.153318
0.190121
0.137895
0.137638
0.241729
0.230802
0.070199
0.156373
0.116961
0.363821
0.144774
0.178762
0.234897
0.319697
0.200861
0.155876
0.218638
0.256167
0.442819
0.141300
0.130955
0.164830
0.282691
0.112930
0.180713
0.170565
0.288700
0.044413
0.148118
0.192391
0.331913
0.300057
0.515410
0.209748
0.091636
0.241600
0.241327
0.150111
0.203904
0.380760
0.254204
0.100254
0.319474
0.124923
0.078216
0.266159
0.092662
0.183687
0.288657
0.054555
0.247051
0.065778
0.227055
0.072240
0.099605
0.147913
0.151704
0.223337
0.316807
0.143125
0.296813
0.121458
0.261402
0.195540
0.352827
0.189523
0.081050
0.157281
0.045572
0.337318
0.133348
0.153466
0.098543
0.291306
0.129582
0.114434
0.122498
0.206448
0.200374
0.139013
0.032188
0.088061
0.067498
0.096582
0.215626
0.121236
0.281174
0.386360
0.172892
0.269308
0.136815
0.119494
0.096879
0.190773
0.061389
0.151918
0.292544
0.398036
0.178379
0.094469
0.147209
0.109344
0.250004
0.186186
0.130698
0.230925
0.178159
0.155383
0.394240
0.113156
0.111198
0.168301
0.136463
0.205570
0.268563
0.116845
0.276199
0.131495
0.351677
0.281005
0.186708
0.129163
0.124229
0.214599
0.178020
0.191730
0.159188
0.315627
0.048465
0.201411
0.219931
0.527454
0.225593
0.141803
0.336474
0.146994
0.206680
0.302454
0.084817
0.301706
0.081137
0.221532
0.395296
0.314713
0.148547
0.052429
0.093097
0.547013
0.177942
0.379103
0.380754
0.158772
0.180555
0.569447
0.127132
0.231049
0.173385
0.330618
0.295233
0.220245
0.265847
0.255143
0.181288
0.165086
0.222739
0.231541
0.208335
0.551982
0.637523
0.088193
0.231145
0.068859
0.144107
0.190286
0.429798
0.294782
0.483600
0.615038
0.180052
0.170417
0.147041
0.220424
0.316358
0.242954
0.501494
0.301391
0.138598
0.166090
0.143628
0.283527
0.175334
0.282337
0.201202
0.176010
0.254405
0.471663
0.286598
0.176389
0.392398
0.292906
0.221282
0.255893
0.216945
0.248816
0.283887
0.104542
0.089915
0.091419
0.197426
0.280437
0.233380
0.045405
0.070600
0.106723
