2.149934
1.441167
1.553676
2.150210
1.506037
2.080806
2.066564
1.524637
1.691705
1.497540
0.994783
0.968203
1.824795
1.180350
1.584183
1.286151
0.902811
1.347371
1.410205
2.163377
1.708018
1.263441
1.690199
1.142987
1.611596
2.519233
1.154254
2.091623
2.276466
2.097303
2.343542
1.841008
2.097349
1.888016
1.659029
1.757460
1.914424
1.562232
1.588598
2.270828
1.574824
1.116919
1.671541
2.155558
1.793144
1.732953
1.529801
1.784700
1.970563
1.639730
2.122744
2.359356
1.066731
2.007556
1.331703
1.778926
2.025257
1.561605
1.584047
1.729210
2.078067
1.993515
1.881235
1.523660
1.585866
0.933493
1.243781
2.350920
1.367668
1.006160
1.202765
0.999770
1.949568
1.497076
1.486503
1.607571
1.188022
1.223531
1.743440
1.725904
1.254483
2.202440
1.640802
1.684964
1.693746
1.374480
1.585110
1.138510
1.729544
1.597573
2.305182
2.178663
1.583613
1.757931
1.844276
1.193256
1.725888
0.933988
1.630345
1.329517
3.109489
2.180336
1.977103
1.998095
2.189031
1.507171
1.779487
1.834173
1.711751
1.714561
2.081288
2.109049
2.119981
1.563498
1.269524
1.371281
1.681128
2.039296
1.932715
1.345290
1.931868
2.107141
2.394696
1.773287
1.584556
1.462597
1.588432
1.928535
1.676202
2.115078
1.585735
2.270316
0.980266
1.731864
1.441975
1.800896
1.821737
2.112508
1.908521
1.986348
1.134969
1.804291
1.462584
2.039268
1.999533
2.375353
1.859728
1.061917
1.262235
1.742894
2.168922
1.176169
1.104464
1.573089
1.960282
1.571673
1.452186
1.480060
1.323653
1.803224
1.203231
1.181856
1.739345
1.724653
1.238163
1.065212
1.938486
1.418196
1.096795
1.449623
2.161524
1.694086
1.269827
1.387804
1.827370
2.185537
2.194667
1.898859
2.030121
1.141776
0.949174
1.527918
1.504930
1.851128
1.193713
1.646154
1.205517
1.859546
1.466395
1.145459
1.506648
1.315342
1.490881
1.206684
1.607576
1.402402
1.315404
1.902130
1.565425
1.585460
1.110988
2.388798
1.723890
1.403458
1.355093
1.704701
2.233582
2.092677
1.363729
1.398798
1.097246
1.377278
1.915915
1.782656
1.253507
1.251035
1.456013
1.521999
2.085568
1.882398
1.360919
1.366555
1.633026
1.922644
1.288523
1.776169
2.560736
1.778566
1.757528
1.616280
1.318521
1.160690
1.563538
1.431144
1.970700
1.429802
0.925922
1.983778
1.658506
2.396423
1.458489
1.878458
1.246860
1.110901
1.956591
1.591663
1.229452
2.206305
1.360813
2.301835
1.337959
1.472360
1.674433
1.686635
1.231847
1.274753
1.201923
2.061137
1.585172
1.345544
1.682629
1.351365
1.908825
1.758927
1.568601
1.728518
2.024366
1.563314
1.737880
1.474234
2.004683
1.279948
1.573012
1.307447
1.389136
1.253211
2.222998
1.119439
1.566315
2.133663
1.143038
1.547111
1.874341
1.568588
1.125594
1.084707
0.926974
1.390871
1.697741
1.177266
1.353746
1.595843
1.367399
1.615719
1.661409
1.176023
1.447733
2.072319
2.034157
2.434468
1.253233
0.936853
0.985084
1.326087
1.238175
1.460154
2.081047
1.634700
1.966015
1.573448
1.579658
1.427869
1.563111
1.560992
1.302906
1.547028
1.748317
1.928722
1.226333
1.868704
2.196067
1.569599
1.608098
1.518959
1.489128
1.123559
1.806436
2.243747
1.011662
1.920526
1.901410
1.784023
1.459640
1.744448
1.819094
2.351897
1.768859
1.711389
1.267160
1.596119
1.058984
1.724247
1.796415
1.819906
1.561585
1.555095
1.709464
1.186737
1.643152
1.451715
1.504818
1.796801
1.922353
1.627815
1.249896
2.581213
2.324020
1.678741
1.436185
1.667776
1.730735
2.443139
2.705607
2.102204
1.155637
1.781615
1.271440
1.131799
1.337980
1.342012
1.267640
1.598225
1.184410
1.127428
1.334135
1.494470
1.954147
2.361559
1.409145
1.748345
1.477131
1.336828
1.465487
1.466764
1.801507
1.975294
1.298520
1.003068
1.418022
1.576960
2.017525
1.522460
1.943387
1.423135
1.345279
0.855484
0.892315
1.105955
0.892168
1.741129
1.747701
1.561073
1.043125
1.596458
2.190133
1.806562
1.474192
0.998950
1.306014
1.556353
1.071557
1.117539
1.534100
0.976960
1.921307
1.099382
1.282827
0.989836
1.348050
1.483580
1.292212
0.878382
1.456174
1.638908
1.367423
1.257107
1.260712
1.133462
1.681296
1.129110
1.301339
1.337631
1.508979
2.003767
0.892124
1.362899
0.988352
1.043249
1.557283
1.116402
1.861044
0.954245
2.101072
1.371818
1.332534
1.489458
1.167241
1.242559
1.104664
0.894284
1.619101
1.174544
1.376579
1.853863
0.762956
1.557516
1.447930
1.544725
1.728441
1.059697
0.937057
1.809035
1.493763
1.555057
0.934929
1.350918
1.192987
1.587414
1.753329
1.262919
1.058857
1.246473
1.727340
1.305038
1.281032
1.375005
1.657837
1.737874
1.981561
1.348228
1.151997
1.526869
0.995058
1.343486
1.722454
1.582204
1.617833
1.350190
1.401591
1.347576
1.043341
1.525249
1.558465
0.879088
1.064273
1.246791
1.997973
1.343168
1.186604
1.107310
1.206350
1.595104
1.209167
1.826356
1.380565
1.585381
1.470125
1.113584
0.979407
1.260318
1.770292
1.004919
1.272906
2.165270
1.226111
1.141082
1.454032
2.492573
1.109777
1.362928
1.184524
1.375658
1.211836
1.451371
2.056013
1.534263
1.497289
1.048869
1.692463
1.570082
1.408961
1.421603
1.359915
1.916274
0.941753
1.500107
1.470587
1.003590
1.097764
1.369460
1.657060
1.086222
1.223936
1.920503
1.546670
1.300657
1.183929
1.088548
1.687327
1.753941
1.502259
1.513516
1.194855
1.463554
1.921855
1.685009
1.582177
1.540307
1.585026
1.420415
1.485877
1.803465
1.439220
2.152439
1.212473
2.663918
2.020866
1.269574
1.126467
1.840096
1.367275
1.160498
1.806223
1.528664
1.225968
1.026350
1.300404
1.163808
1.877046
2.017755
1.405342
1.157246
1.443354
1.234015
1.566078
1.497668
1.042950
0.797541
1.484575
2.022916
1.745339
1.568476
1.236907
1.698114
1.198120
1.139481
1.924615
1.762063
1.848338
1.711214
1.492002
1.517887
1.531093
1.577286
2.032619
1.484014
1.557275
1.464541
1.302556
0.889848
1.423979
1.303125
1.321906
1.197229
1.409162
1.114397
1.568798
1.344157
1.335041
1.518700
1.304660
2.075562
1.168941
1.232128
1.359529
1.414004
1.672625
1.388917
1.836950
1.579642
0.873987
1.436333
1.231878
2.186900
1.305490
1.740916
1.097220
1.369025
1.532463
1.728138
1.181267
1.226737
1.067792
1.298451
1.495520
1.059841
1.321467
1.336273
1.361467
1.315318
1.241978
0.972812
1.054810
1.169993
1.049715
1.672849
1.572636
1.063839
1.315058
1.948339
1.942694
2.149786
1.517793
1.394748
1.309510
1.185920
1.322829
1.900546
1.203568
1.287307
1.411048
1.049327
1.132642
1.175441
1.648331
1.522010
0.855509
1.108827
1.231499
1.303224
1.339754
1.177961
1.575791
1.516199
1.158051
0.970056
1.223738
1.486750
1.536347
1.995623
1.552070
1.599352
0.910879
2.197901
1.865871
1.692638
1.790736
1.637439
1.532340
1.356801
1.528991
0.823382
1.397268
1.783893
1.713836
1.480953
1.233023
1.593374
1.491441
0.907520
1.177772
0.968635
1.291472
1.080531
0.719779
1.149413
1.035235
1.341855
1.248128
1.785101
1.250679
1.323191
1.740822
1.053235
1.270072
1.677673
1.419337
1.608481
1.818512
1.780601
1.573748
2.561824
1.344741
1.031303
1.101788
1.523436
1.731798
1.309926
1.640696
1.166291
1.347659
1.452275
1.096247
1.131886
1.458580
1.348951
1.085560
1.417961
1.821540
1.429859
1.650556
1.758043
1.303875
1.473151
1.186600
1.357228
2.100055
2.294021
1.559819
1.591248
1.254056
0.990766
1.534142
1.833227
1.498258
2.004905
1.135313
1.081468
1.737026
0.997665
1.369663
1.311720
1.038008
1.651188
2.020450
1.191762
1.502176
1.310201
1.276915
1.161562
1.414206
1.938378
0.786146
1.269230
1.406563
1.388768
1.636611
0.975891
1.290772
0.759436
1.346360
1.169581
1.495557
1.507811
2.079129
1.169456
1.063248
0.967062
1.337379
1.478932
1.043806
1.060552
0.799253
1.123247
1.278513
1.089264
1.391766
0.976562
0.925675
1.318149
1.268375
1.693729
1.283213
1.488357
1.079017
0.943237
1.598030
1.258136
1.319612
0.827099
1.516462
1.654475
1.693412
1.150471
1.152421
1.082537
0.965776
1.436641
1.111988
1.515615
1.387071
1.505951
1.239006
0.840867
1.564121
1.328625
1.318756
1.065421
1.117009
1.157708
1.946084
0.879664
1.510661
1.339843
0.819005
1.490224
1.974919
1.585412
0.872979
1.354270
0.527960
1.028087
1.440440
1.391375
1.372660
1.103096
0.736573
1.038905
1.456558
1.166661
1.473493
1.169310
0.643958
1.477085
1.226528
1.050655
1.022175
1.710251
2.617384
1.852224
0.855823
1.080440
1.506606
1.084580
1.219433
0.903270
0.808599
1.189277
1.125709
2.073145
1.106522
1.175525
1.758255
1.303985
0.933873
1.467573
1.777426
1.598122
1.279471
1.030534
1.442793
1.617999
1.302024
1.802121
1.149563
1.449768
0.872450
1.543078
1.121740
1.617298
1.456784
1.374840
1.725699
0.842803
1.878493
1.089980
1.276817
1.244485
1.240640
1.393727
1.110217
0.938802
1.372200
1.466732
1.191158
1.248872
1.347500
1.621822
1.050270
1.016807
0.693573
2.360934
1.010797
1.127387
1.172369
1.042112
1.422039
0.754648
1.159460
0.739510
1.880003
1.363033
1.415525
0.740806
1.371348
1.594847
1.235529
1.292211
1.964601
1.647162
1.649664
0.582068
0.919075
1.280325
1.178984
1.775922
0.906228
1.918594
1.456822
1.606283
1.007316
1.888111
1.392600
1.725048
1.310794
0.677853
1.426142
1.052629
1.148251
1.096588
1.026095
1.809776
1.156438
1.740715
1.560945
1.245793
1.255562
1.377763
1.410126
1.161415
1.084304
0.987824
1.127221
1.324908
1.152319
1.255026
1.060208
1.744612
1.231865
1.699169
1.261480
1.095136
1.377086
1.311086
1.198432
2.262914
0.989152
0.874399
0.841967
1.286961
1.879617
1.049884
0.973383
0.799929
0.733955
1.231371
1.325868
1.090606
1.135053
1.185986
1.573133
1.428882
1.505645
1.697084
1.073598
1.585142
1.347601
1.249257
1.789903
1.189182
1.028130
1.024966
0.578489
1.402565
1.100827
1.519862
1.026464
2.342927
1.743852
1.154094
1.113675
1.306098
0.960964
0.752476
0.978085
1.422830
1.528556
1.085873
0.981224
1.008230
1.873733
1.369624
1.383621
1.387666
0.809993
0.773838
1.402225
1.091311
1.248586
1.271670
0.810397
0.824287
1.130521
1.298013
1.387726
1.180437
1.247022
0.752814
1.321136
1.303673
1.027274
0.807038
1.181770
0.961813
0.813105
1.159108
1.341511
1.394089
1.580302
1.158645
1.292787
1.239939
0.904598
1.462362
0.757643
1.722914
1.876632
0.990975
1.637705
1.384738
1.459368
1.374865
1.175773
1.586964
1.055745
1.213856
1.532825
0.844839
1.343702
1.144281
1.952719
1.910319
1.421892
0.596877
1.345724
1.391080
1.242636
2.309612
1.354163
0.916097
1.257023
1.688552
2.168976
1.412401
1.655818
1.049826
1.085565
1.114359
1.462973
1.489978
1.110617
1.220957
1.811117
1.631682
1.566746
1.151911
1.723642
1.053129
1.299595
1.465440
1.575984
1.652773
0.734281
1.253214
0.838621
0.920869
1.332841
1.705764
1.783366
1.512558
1.133944
1.141626
1.205891
0.657167
1.481372
1.275678
1.560880
1.392763
0.916710
1.465527
0.986977
0.981886
1.182548
1.345406
0.761663
0.952016
1.628810
1.247959
1.203017
0.848363
1.305860
0.972604
0.935041
1.491099
1.030311
0.875223
1.313596
1.432019
0.892165
0.989046
1.114903
1.093662
1.464161
1.044576
1.088366
0.973230
0.796401
1.280961
1.111562
1.570592
1.294621
0.956804
1.155222
0.803116
1.034766
0.972556
0.872403
1.473087
1.547932
1.134103
2.195056
1.516216
2.348464
0.871670
0.799347
1.112846
1.147432
0.846102
1.489019
0.629694
0.757072
0.738124
1.595609
1.112318
1.227326
1.192412
0.861338
1.383243
1.318408
0.870487
1.197757
1.241697
1.020833
0.754427
0.851831
0.586348
1.138029
1.124968
0.645592
1.149937
0.607563
0.662581
1.227737
0.921702
0.953308
0.604494
1.288788
1.238616
0.689609
1.089937
0.583415
1.247770
0.976186
0.624612
0.615701
0.778059
1.346521
1.053614
0.957289
1.015756
0.892815
1.000224
0.630877
0.842669
1.166549
1.006432
1.261995
0.813472
0.907182
0.780950
0.896735
1.046770
0.854782
0.646740
0.951653
1.382202
1.408408
1.621035
0.526910
0.792218
1.352756
1.233776
1.548076
1.402480
1.285143
1.127491
1.788740
0.996176
1.134272
1.035172
0.756114
1.041317
1.249051
0.764000
1.176508
0.988699
1.048956
1.258932
0.644486
0.965785
1.005719
1.532866
1.530639
1.155879
0.887772
1.283031
0.894105
1.610787
1.075528
1.126087
1.141443
0.853939
0.926526
0.764229
0.699272
0.675665
0.913478
1.045639
0.923638
1.414599
1.016091
2.276742
0.834703
1.236937
1.058581
0.997284
0.912751
0.829389
0.623973
1.569547
1.154933
0.641817
0.888404
1.307071
0.838523
0.989255
1.119656
1.119662
1.220207
0.748839
0.900175
0.689533
1.230794
0.835846
0.936752
0.730849
1.180613
0.641795
0.947725
0.950151
0.972312
1.126335
1.064796
0.965857
1.077834
0.859212
0.882875
1.486629
0.969143
1.161893
1.070524
1.083819
0.671172
2.244682
1.108139
0.779549
1.298355
0.926972
1.142068
1.230542
1.466472
0.776449
1.134378
0.601551
0.982343
1.067688
1.461173
0.706105
1.159546
0.773400
1.336489
1.162762
1.353335
1.023766
1.004471
1.050952
0.903614
0.742096
1.062396
1.233952
0.760873
1.278349
1.443933
1.178182
0.958163
0.636317
1.113844
1.003140
0.896824
0.751115
2.908258
0.824394
1.368382
1.038130
1.061182
1.117014
0.957951
1.270618
1.226256
0.903910
1.398190
1.394828
1.326264
1.256065
1.613449
0.723694
1.199096
1.348853
1.134886
1.248753
0.776575
2.110739
2.064464
1.328480
1.112979
1.127724
0.917016
1.876183
1.652973
1.261095
1.020546
1.041459
1.310186
1.039426
0.925712
2.032331
1.470620
1.442901
0.977879
1.627577
1.485204
1.244625
1.067951
1.123623
0.818738
1.047095
1.040739
1.489264
0.846843
0.932847
1.590343
1.355895
1.507934
0.900417
1.241945
1.514789
1.125990
2.209206
1.140750
1.188859
0.994596
0.985606
0.880958
1.477603
1.627683
1.013349
1.376794
0.808579
0.674156
0.459049
0.697604
1.534225
1.659327
1.448012
0.798681
1.215109
0.747126
1.341382
1.343193
0.913217
1.668610
1.709504
1.106331
0.944732
1.501450
0.925805
0.920452
1.206593
1.393365
1.360714
1.554085
1.434738
1.496840
1.108449
0.882745
1.505380
1.347317
0.846338
1.552679
1.564243
1.629734
1.270200
1.395930
0.819377
1.252869
1.271467
1.484259
1.294735
1.131882
1.430446
1.131983
1.304679
1.114946
1.423115
0.866366
1.409331
1.323570
1.350298
1.074550
1.279866
1.238634
1.131442
1.016194
1.220226
0.976785
1.023317
0.941684
1.775305
0.902090
1.652368
1.336992
1.288554
1.277028
1.229319
1.240297
1.334853
1.001429
1.199190
0.902200
0.969810
1.163406
1.435152
0.831211
1.422774
1.621702
1.359355
0.853873
0.985961
0.704816
1.190973
1.165051
1.616016
1.196729
1.296870
1.801627
1.190027
0.791449
1.188901
1.030732
2.211326
1.595162
1.246220
0.648711
1.256500
1.019144
1.012819
1.137572
1.373774
1.196795
1.497831
0.541475
1.350891
1.303354
1.472559
1.887324
1.078746
1.280244
1.136279
1.157743
1.104271
0.805738
1.132112
1.114383
2.098890
0.920486
0.770801
1.190280
1.021391
1.662836
1.340185
1.376561
1.004891
1.140395
1.424618
1.237974
0.829127
0.882737
0.836317
1.064369
0.789680
1.169860
0.487147
1.638867
1.355147
1.401883
1.310727
1.529180
1.143730
1.079035
1.234498
0.875340
0.634028
1.098490
0.594001
1.059434
1.683204
0.952710
0.988251
0.808685
0.661728
0.915884
0.562221
0.956868
0.776502
0.506262
0.834993
0.888043
0.382387
0.878554
1.067632
0.635737
0.634825
0.604677
0.687620
0.743389
0.629168
0.717518
0.761240
0.835993
0.629712
0.801264
1.018420
0.831488
0.853542
0.652079
1.023700
0.559863
0.491970
0.916649
0.712981
0.913115
1.204148
0.951744
0.467891
0.558495
0.555452
1.332151
0.973076
0.540420
0.721445
0.983678
0.639456
0.616102
0.768199
0.704910
0.821173
0.945546
0.916065
0.599357
1.462762
1.737763
0.928636
1.109757
0.902386
0.971683
0.911704
1.486464
0.847957
0.878176
0.833891
0.900224
1.061286
0.718304
0.968874
0.671473
1.039212
0.858553
1.083105
0.862799
1.238958
1.087785
0.816185
0.556997
1.222823
0.621119
0.895129
1.017605
1.022786
1.363993
0.997293
0.640067
0.510323
0.868797
0.623410
0.557563
1.478191
1.200055
0.860389
1.120964
0.620465
1.074541
0.998268
0.781808
0.966047
0.923000
1.522939
1.024970
0.768528
1.072854
0.768260
1.098424
0.565614
0.658328
0.828030
1.094903
1.379392
1.353005
0.876762
1.297426
0.518476
0.944083
0.842707
1.293768
1.178803
1.133431
0.933981
1.193482
0.583252
1.013327
0.721979
0.927459
0.619228
0.849881
0.873586
0.704483
0.979862
1.293045
0.487953
1.020953
1.279408
0.465168
0.684360
1.077808
0.711356
1.419485
0.697776
0.726938
0.610797
0.728017
0.665820
0.851011
1.070734
0.968796
0.591894
1.073820
0.933716
1.210201
0.712969
0.809541
0.665213
0.949779
0.966948
0.962972
1.515499
0.615195
0.620862
1.516695
0.975660
0.851336
0.970856
0.727426
0.797638
0.707224
0.801203
0.871307
1.099777
0.744979
0.991051
0.971389
0.501575
1.170379
0.699095
0.933422
1.213185
0.837006
0.838905
0.909748
1.287357
1.131655
1.228787
1.195497
1.446700
0.965163
1.085008
1.138005
1.047511
1.048999
1.394898
0.922301
0.739937
0.669827
0.834913
1.185703
1.597661
1.742694
1.173004
1.406704
1.083712
0.932413
1.143992
1.268681
1.366543
0.895194
0.780197
1.478191
1.091537
1.120026
1.388243
1.010759
1.229131
0.439365
0.855865
0.971986
1.472913
1.275960
0.887139
0.897008
0.820954
1.014403
0.455769
1.053860
0.718831
0.623074
1.088653
0.874749
0.546846
0.735611
0.856508
1.215295
1.338488
0.871974
1.490500
0.932898
0.739897
0.730442
0.721192
1.068553
0.795940
1.005332
1.015025
0.777109
0.642595
0.696765
0.942962
0.966186
0.616939
1.014757
0.788374
0.861399
0.973625
1.640851
1.409905
0.963821
0.894691
1.325058
1.300744
1.136540
1.542937
0.938292
1.165871
1.187681
0.872288
1.574173
0.874978
1.361366
1.300816
0.922388
0.842767
1.077329
1.273324
0.764769
0.865799
1.235877
0.852611
1.019090
0.732473
0.805667
0.704836
0.604858
1.039443
0.863082
0.628911
1.203970
1.072158
1.246535
0.825396
0.899633
0.658927
0.761390
0.812048
1.393533
0.758824
1.045225
0.544513
1.190432
0.471833
1.279269
1.058635
0.889225
0.675015
0.977561
0.749646
0.604777
1.028769
0.792994
0.662160
0.860093
2.222161
0.740593
1.048769
0.728795
1.079649
0.953495
1.634748
1.405128
0.580858
1.342470
1.190102
0.622796
1.112811
1.371387
0.838069
1.313921
0.852759
1.363446
0.886605
1.248232
1.488775
1.272108
0.990057
1.582142
1.023474
1.198649
0.866100
1.136816
0.759511
1.090623
0.641262
0.826814
0.715310
1.551863
0.940903
1.075334
1.279505
1.103253
1.931853
1.030020
0.973242
0.907104
1.247602
2.188526
1.797382
0.860123
1.286296
1.148560
1.666847
1.417581
0.695581
0.806810
1.281799
1.139662
0.768994
1.268351
1.287865
0.849900
1.336766
2.211533
0.797641
0.792245
0.821478
0.938258
0.814650
1.076830
0.660674
1.326737
0.796372
1.403845
1.215185
0.728153
0.623016
0.490720
0.775941
1.030105
1.041841
1.146284
0.579613
0.791297
0.741757
0.800603
0.929982
0.706360
0.781645
0.772540
0.708541
0.611200
0.457503
0.770109
0.671053
0.812691
0.576386
0.724978
0.950173
0.609546
0.420576
1.035340
0.495823
0.617536
0.604246
1.177069
0.629951
1.163172
0.497032
0.684107
0.999439
0.601079
0.671971
1.226065
1.533764
0.464697
0.694009
0.349042
0.778073
0.746091
0.516411
0.439056
0.759111
0.525707
0.997327
0.524451
0.932699
0.510002
0.738632
0.638219
0.396324
0.860728
0.809960
0.548034
1.122110
0.635568
0.423654
0.772789
0.612747
0.914805
0.576687
0.834236
0.304619
1.387682
0.856352
0.451313
0.492253
0.920048
0.549299
0.652174
0.660454
0.552358
0.841339
0.743749
0.787531
0.765326
0.365176
0.946415
0.652122
0.856784
0.806708
0.786347
0.765770
0.439262
0.536572
0.757846
1.109446
0.670517
0.690817
1.087726
0.811424
0.770076
0.805340
0.745267
0.606900
0.853122
0.539299
1.109235
0.754546
0.415107
0.714618
0.556701
0.782173
0.723587
0.676535
0.501463
0.963376
1.013749
0.967947
0.851712
0.371137
0.397027
0.318305
1.032718
0.417409
0.832875
1.261351
0.526626
0.602379
1.039384
0.805066
0.813335
0.927709
1.102471
0.476873
0.842906
0.470308
0.323283
0.426294
0.783784
0.874690
0.775074
0.763045
0.997394
0.492074
0.912899
0.832680
0.651543
0.451264
0.695670
0.307140
1.167116
0.849415
0.556704
0.951342
1.046709
0.800526
0.896736
0.808549
0.739517
0.767842
0.743729
0.897048
0.836908
1.033926
0.879813
1.262501
1.078922
0.616694
1.280681
0.780653
0.680278
0.917956
0.830867
0.800925
0.696396
0.961912
1.050172
0.681626
0.602728
0.757980
0.684584
0.903473
0.892181
0.758524
0.787641
0.783588
1.206500
0.450545
1.232356
0.701058
0.838882
0.733379
0.676086
0.474452
0.738175
1.315702
0.596744
0.541092
1.086575
0.787156
1.101000
1.082280
1.165966
0.580845
0.533415
0.992367
0.548494
1.272413
0.957357
0.955868
0.808491
0.625055
0.687906
0.632133
0.503412
0.854738
0.996958
0.790954
0.990808
0.818384
0.921817
0.511929
1.003977
0.459824
0.535603
1.141360
1.442005
0.794410
0.620015
0.536359
0.837289
0.932385
0.845723
1.443267
1.025631
0.798300
1.454134
1.295443
0.794162
0.566739
0.678150
1.550563
0.872330
0.841238
1.287530
1.112085
0.571683
0.874496
0.707989
1.202840
0.577942
1.433096
0.861921
0.672895
0.420425
1.097513
1.178141
0.983785
0.785737
0.799140
0.499067
0.831505
0.570970
0.497722
0.652413
0.796398
1.177799
0.409546
1.036231
0.673745
0.537506
0.765109
0.898770
1.016166
0.901138
0.608315
1.409921
0.968231
1.172691
1.115870
0.783476
0.504863
0.968023
0.934166
1.040679
0.972718
0.554925
0.508854
0.900927
0.980468
0.892571
0.561844
1.541211
0.764732
1.166326
1.370341
0.569519
1.510734
0.837446
1.329996
0.750282
1.209769
0.922162
0.747023
1.467449
0.756490
0.611519
1.036071
0.853373
0.612693
1.043842
1.215633
1.020170
1.153100
1.145860
0.685780
0.946452
1.725598
1.051902
0.680742
1.189587
0.769759
1.308467
0.978748
0.763661
0.575816
0.613222
1.189483
1.211294
0.714317
0.646712
0.642456
0.821776
1.233103
0.913759
1.283973
0.784902
0.729572
1.130878
1.388645
0.507226
1.331059
1.212338
0.727403
1.142011
1.049762
0.553153
0.895524
0.709104
0.872215
1.359350
0.745707
0.822280
1.424214
0.664577
0.882402
1.276205
0.799829
1.401865
0.588089
1.465880
1.026268
1.174230
0.700589
0.980506
0.930845
0.535640
0.954051
1.076661
1.274777
0.625660
0.584858
0.587753
0.925031
0.448230
0.992849
0.991072
1.170507
0.683501
1.207915
0.747915
0.488902
0.587530
1.238373
1.004684
0.623798
0.998428
0.977025
0.694384
0.609950
1.207328
0.827689
0.726768
0.997314
0.777692
0.329189
0.666729
1.587598
0.530944
0.601979
0.671092
0.949361
0.573984
0.538379
0.414081
0.905856
0.535875
0.477762
0.665572
0.355025
0.642192
0.566591
0.289918
0.617930
0.968284
0.684528
0.517079
0.377911
0.348605
0.439409
0.427900
0.723019
0.664320
0.895670
0.654334
0.705993
0.630381
1.023201
0.372575
0.384386
0.626890
0.844951
0.517213
0.625805
0.273310
0.703083
0.700399
0.801494
0.210001
0.580808
0.814617
0.537168
0.667511
0.486385
0.381937
0.282314
0.798162
0.841530
0.480035
0.487570
0.730356
0.698774
0.592089
0.296353
0.614654
0.482803
0.753890
0.951220
0.402951
0.432851
0.359725
0.763068
0.459101
0.633860
0.360371
0.598024
0.257499
0.427482
0.905329
0.646362
0.616827
0.953284
0.493667
0.661831
0.713158
0.786977
0.679118
0.442963
0.666853
0.845041
1.223543
0.428608
0.645574
0.871462
0.270443
0.824179
1.034063
0.906381
0.520965
0.478655
0.539740
0.717374
1.184755
0.531207
0.782881
0.872376
0.780280
0.671270
0.479680
0.495350
0.897444
0.497021
1.062510
0.448081
0.519952
0.402380
0.790243
0.379668
0.746462
0.625995
0.473394
0.667975
1.067295
1.050965
1.001571
0.556266
0.689934
0.962704
0.538348
0.281235
0.548498
0.630637
0.874735
0.928201
0.701144
0.563820
0.505646
0.296296
1.036462
0.543256
0.261888
0.469643
0.486757
0.835599
0.772117
0.866198
0.868983
0.601310
0.756360
0.822506
0.564105
0.616364
0.908076
1.055741
1.030191
0.623630
0.842160
0.922941
0.883762
0.567586
0.956806
0.485196
0.565697
0.573129
1.015720
0.637079
0.646290
0.772930
0.590735
0.811536
0.877019
0.662754
0.678353
0.441611
0.758841
0.562727
0.515161
0.842505
0.509553
0.545387
0.507969
0.814540
1.099048
0.459677
0.565008
0.656231
0.488064
0.876302
0.678745
0.828333
0.699200
0.606090
0.676146
0.566061
0.816765
0.823943
0.503053
0.632956
0.712036
0.411568
0.780031
1.015944
1.162196
0.877145
1.250747
1.194756
1.001708
0.403978
1.151940
0.512741
0.753969
0.446603
0.527906
0.860743
0.951641
0.843073
0.611110
0.358809
1.180336
0.504749
0.716959
0.987344
0.526976
0.644045
0.453379
0.669174
1.129758
0.709541
0.964893
0.904198
0.635039
1.205350
0.896903
0.757046
0.627812
1.271484
0.965476
1.090648
0.830881
0.581290
0.551717
0.638754
0.716955
0.541348
0.598944
0.680332
0.871768
1.037476
0.858040
0.546935
0.438048
0.698714
0.797651
0.960877
0.601644
0.759743
0.953588
0.675214
0.525283
0.638289
0.523723
0.756896
0.827384
1.169161
0.874140
0.549563
0.607701
0.797051
0.607189
1.738261
0.644582
0.837905
1.128109
0.731306
0.735023
0.910205
0.637873
1.480040
1.014608
0.959625
1.000172
0.762124
0.688790
0.648607
0.813285
0.670083
0.618585
0.701457
0.794726
0.577904
0.702557
0.511788
0.913395
0.601268
0.685010
0.779119
1.109926
0.996982
0.693089
0.545954
0.384605
0.872083
0.737904
0.609070
0.684075
0.576964
0.491634
0.864273
0.481104
0.638172
0.704633
0.666816
0.473049
0.569207
0.832502
0.959091
0.533396
0.585334
0.835566
0.881812
0.766802
0.686184
0.623075
0.647250
0.530618
1.631524
0.907428
1.148177
1.905918
0.688451
0.300658
0.575195
0.530612
0.480745
0.563665
1.199057
1.011030
0.752360
1.572229
0.478596
0.443327
0.730933
0.446932
1.198708
1.771229
1.438700
0.705990
1.097581
0.907094
0.558845
0.508631
0.674375
0.764801
0.667565
0.985651
0.470616
0.769518
1.463313
0.859753
0.438392
0.637969
0.723966
1.008357
0.610551
1.276610
1.002205
0.597660
0.635627
1.069803
0.710961
1.105474
1.028797
1.130768
0.837284
0.394912
0.683163
0.619111
0.563990
0.992117
0.815288
0.934487
0.547908
0.626431
1.027546
0.626155
0.664097
0.387754
0.691970
0.706327
0.836504
0.637788
0.901024
1.113339
0.683326
0.630214
0.504453
0.563451
0.487132
0.513035
0.384054
0.546233
0.676845
0.281269
0.613211
0.324255
0.322333
0.467770
0.648696
0.529268
0.426741
0.475550
0.471968
0.924960
0.305363
0.425573
0.498423
0.734365
0.629531
0.603429
0.639129
0.420162
0.493082
0.554936
0.493906
0.597612
1.082395
0.645399
0.324473
0.474322
0.354963
0.672671
0.474800
0.515921
0.637351
0.332326
0.712559
0.724067
0.249649
0.396876
0.444110
0.811200
0.635863
0.571859
0.923388
0.568976
0.473526
0.470336
0.625488
0.445683
0.400199
0.783910
0.612716
0.457747
0.420240
0.579797
0.508694
0.581395
0.368589
0.566353
0.289486
0.480520
0.353185
0.486338
0.347461
0.490422
0.610924
0.257788
0.400900
0.671981
1.309878
0.357356
0.443945
0.615158
0.526185
0.395463
0.463909
0.468810
0.786376
0.431858
0.419917
0.486042
0.386059
0.741551
0.620956
0.619657
0.445343
0.334799
0.562546
0.332201
0.317458
0.774289
0.823397
0.697340
0.277400
0.666813
0.995723
0.346392
0.480909
0.522036
0.396253
0.299136
0.397909
0.551642
0.768802
0.461395
0.427815
0.882014
0.455293
0.483886
0.535387
1.049059
0.744031
0.279293
0.413861
0.136502
0.434988
0.671666
0.685827
0.453063
0.355909
0.525273
0.455493
0.444137
0.488525
0.394409
0.614923
0.922028
0.471286
0.470535
0.407777
0.311519
0.400275
0.494039
0.312496
0.599413
0.524563
0.364499
0.520963
0.445788
0.348078
0.189200
0.688203
0.608267
0.398912
0.528741
0.361470
0.658569
0.785443
0.232447
0.454686
0.596887
0.230711
0.618373
0.807473
0.474241
0.605621
0.478867
0.656265
0.573370
0.567582
0.437506
0.765623
1.309955
1.301671
1.041715
0.413639
1.488384
0.524037
0.503787
0.831997
1.239717
0.886273
0.396507
0.444676
0.600294
0.485782
0.924491
0.844153
0.407055
0.861103
0.549961
0.620844
1.078019
1.011070
0.853830
0.462469
0.878608
0.599162
0.664739
0.403730
0.580732
0.877051
0.634899
0.770863
0.764955
0.595400
0.692174
0.657676
0.538321
0.517689
0.600687
0.724958
0.554052
0.631690
0.903414
0.410229
0.486082
0.504992
0.968623
0.439445
0.722160
0.505583
0.647107
0.959990
0.561324
0.383448
0.431766
0.756435
0.724667
0.756095
0.303217
0.541396
0.590462
0.468809
0.602564
0.673744
0.618461
0.420339
0.504893
0.768561
0.746534
0.671507
0.506418
0.288222
0.754101
0.691102
0.407043
0.605572
0.349673
0.589935
0.702590
0.552109
0.401898
1.150581
0.617648
0.688397
0.826305
0.948770
1.051817
1.565807
0.780403
0.585615
0.380180
0.734471
0.617596
0.676853
0.546619
0.577885
1.008577
0.607511
0.433655
0.881335
0.869106
1.044045
0.598664
0.791928
0.787634
0.976148
0.500223
0.743462
0.490739
0.556211
0.744602
0.940262
0.855819
0.436421
0.568409
0.250115
0.653946
0.992541
1.116123
0.975539
0.903729
0.810534
0.958156
1.398262
0.461167
0.748768
0.534536
0.605085
0.667303
0.672840
0.519583
0.707651
1.066150
1.094333
0.975824
0.450826
0.808622
0.439804
0.657466
0.413539
1.042964
1.583096
0.504448
0.674562
0.597733
1.093132
1.077857
0.403776
1.097513
0.759981
1.068986
0.854435
0.477336
0.616311
1.038403
0.588808
1.071672
0.923631
1.047456
0.556975
0.637209
0.949560
0.904213
1.045754
0.884035
0.853428
1.113946
0.603098
0.824555
0.440960
0.462677
0.875564
0.741559
1.370038
0.790026
0.557219
0.954166
0.603156
0.909096
0.656084
0.520376
0.471213
0.699853
0.682386
0.675756
0.729434
0.653829
0.848331
0.388920
1.194625
0.454360
1.072356
0.518475
0.994589
0.519832
0.798398
0.503402
1.043206
0.601534
0.389746
0.640464
1.213534
0.632227
0.731595
0.514090
0.832597
0.623259
0.983567
0.271563
0.876177
1.128600
0.984725
0.485640
0.854620
0.630576
0.305765
1.017416
1.070891
0.989607
0.745306
0.836548
0.364667
0.451964
0.461237
0.443327
0.421577
0.503688
0.513409
0.658376
0.694135
0.436193
0.508015
0.490235
0.556308
0.614018
0.436464
0.459666
0.840386
1.325238
0.338666
0.264943
0.536390
0.493778
0.388105
0.658303
0.599021
1.044705
0.702126
0.696774
0.518543
0.351228
0.657809
1.103870
0.462496
0.393229
0.793850
0.530896
0.459462
0.343221
0.361535
0.704297
0.344269
0.508609
0.434336
0.444881
0.413200
0.489583
0.484168
0.769639
0.929017
0.408833
0.393987
0.375422
0.619151
0.534021
0.380635
0.485877
0.672412
0.386968
0.580721
0.798250
0.541590
0.319470
0.606282
0.559150
0.161429
0.664170
0.798442
0.540882
0.309135
0.546182
0.451952
0.519616
0.427368
0.660993
0.416790
0.397911
0.269786
0.268658
0.634323
0.499844
0.696749
0.320411
0.757035
0.466120
0.413872
0.865244
0.196604
0.289972
0.389553
0.494879
0.407538
0.435800
0.818998
0.276559
0.383031
0.694803
0.561980
0.536676
0.549813
0.507914
0.418561
0.695026
0.457559
0.205549
0.313668
0.406352
0.707322
0.413180
0.619611
0.468249
0.385507
0.475360
0.483808
0.344839
0.551233
0.350215
0.534005
0.357256
0.361173
0.332550
0.619232
0.380302
0.673743
0.320482
0.762952
0.323239
0.874817
0.223331
0.785710
0.296349
0.404148
0.777998
0.914894
0.463739
0.429225
0.641139
0.594843
0.266906
0.512259
0.951985
0.518148
0.820412
0.535033
0.250809
0.446680
0.460120
1.186565
0.158609
0.407238
0.707852
0.341484
1.631044
0.695716
0.407276
0.593092
0.421097
0.575296
0.549416
1.168491
0.551432
0.805327
0.726218
0.412960
0.793776
0.683469
0.434186
0.685550
0.975004
0.882043
0.468897
0.411998
0.440709
0.538231
0.572179
0.784842
0.797102
0.447983
0.346193
0.487158
0.957476
0.691325
0.493260
0.496648
1.017223
0.575122
0.495666
0.528648
0.602352
0.605305
0.936641
0.988119
0.970539
0.209117
0.621861
0.624787
0.493087
0.491857
0.684085
0.803326
1.023252
0.454036
0.614748
0.430254
0.436391
0.411674
0.698443
0.326087
0.603626
0.398784
0.435996
0.610080
0.650513
0.448204
0.937231
0.546113
0.677320
0.715923
0.445326
0.913008
0.465638
0.379886
0.488102
0.927750
0.389480
0.515384
0.799621
0.765250
0.524292
0.781068
0.414284
0.488239
0.395159
0.341058
0.627789
0.435372
0.702944
0.444323
0.873598
0.487535
0.467592
0.674634
0.794142
0.549618
0.693787
0.248141
0.586478
1.001006
0.572536
0.344308
0.551277
0.949901
0.745899
0.446112
0.590214
0.419525
0.542775
0.875858
1.108645
0.564912
0.541595
1.288405
0.730413
0.869402
0.813022
0.693453
0.739038
0.601621
0.307269
0.770141
0.871111
0.574692
0.760475
0.623715
0.557375
0.685893
0.680231
0.718942
0.277441
0.326860
0.427227
1.162712
0.514534
0.642200
0.849218
0.718878
0.436461
0.457120
0.970097
0.661116
0.515176
0.926957
0.485559
0.627057
1.195745
0.921913
0.467443
0.825574
1.484848
0.606577
0.772038
0.875341
0.900257
0.688466
0.679306
1.443531
0.986526
1.874347
0.847938
0.989593
1.088572
1.111611
1.078538
0.681299
1.029078
1.563353
0.898176
0.485379
0.613850
1.090473
0.583374
1.153137
0.986654
1.057223
0.735186
1.224659
0.711293
0.628981
0.604369
0.643672
0.740141
0.683199
0.402065
0.691605
0.594275
0.190636
0.734602
0.943466
1.041925
0.885700
0.348661
0.423156
0.374785
0.792118
1.025032
0.909285
0.493745
0.979835
0.833269
0.495197
0.489185
0.530499
0.728873
0.533813
0.654765
0.639129
0.804288
0.581880
0.265248
0.922477
0.635655
0.553567
0.469984
0.386020
0.442663
0.932902
0.754779
0.588166
1.233774
0.821177
0.549912
0.734115
0.452292
0.697314
0.572566
0.456026
0.391540
0.459255
0.484125
0.884642
0.578504
0.734950
0.425435
0.597107
0.721488
0.895473
0.291114
0.715378
0.386948
0.375669
0.368745
0.778930
0.850789
0.492447
0.648291
0.298747
0.241981
0.473488
0.360957
0.378449
0.410391
0.538488
0.373107
0.234423
0.427595
0.462067
0.393851
0.278102
0.391533
0.689171
0.363765
0.616597
0.379212
0.572947
0.285274
0.387146
0.289565
0.083808
0.317259
0.523829
0.193716
0.603551
0.484931
0.338804
0.591632
0.251432
0.898226
0.421962
0.475090
0.466281
0.499030
0.547884
0.300648
0.627134
0.596669
0.391536
0.481280
0.547225
0.233430
0.699182
0.648899
0.491580
0.515391
0.588779
0.924658
0.591008
0.371232
0.505092
0.851212
0.816360
0.450601
0.833525
0.672330
0.446916
0.330602
0.616330
0.111817
0.676699
0.632037
0.401799
0.360814
0.279829
0.894929
0.322985
0.414919
0.614083
0.530958
0.284557
0.693964
0.572555
0.559290
0.280945
0.400057
1.141991
0.521459
0.796121
0.517141
0.496440
0.590555
0.293825
0.520153
0.851392
0.702151
0.212916
0.792952
0.819138
0.605986
0.464041
0.389512
0.447273
0.304603
0.379310
0.629749
0.575398
0.383379
0.376215
0.446709
0.284260
0.371376
0.504383
0.510377
0.450852
0.341658
0.277956
0.558652
0.700237
0.819609
0.484764
0.478081
0.536636
0.735816
0.662648
0.559626
0.253845
0.261907
0.403138
0.210383
0.380525
0.709872
0.473185
0.326330
0.725129
0.695319
0.653707
0.894450
0.750421
0.281352
0.447901
0.350154
0.643981
0.545452
0.731731
0.641984
0.718586
0.628825
0.482136
0.352885
0.452680
0.968303
0.491741
0.705298
0.684646
0.633869
0.693020
0.360114
0.470703
0.599770
0.846790
0.367373
0.263129
0.579080
0.348844
0.319031
0.509695
0.403158
0.680445
0.147664
0.870919
0.537652
0.556880
0.789134
0.940390
0.582144
0.644405
0.812927
0.429953
0.314170
0.413892
0.611641
0.567338
0.440466
0.469967
0.493001
0.291212
0.567244
1.264394
0.591775
0.387332
1.132025
0.579148
0.402376
0.322586
0.421724
0.929865
0.516950
0.314183
0.507701
0.727411
0.611100
0.941337
0.528746
0.521203
0.454281
0.628949
0.472586
0.882331
0.589823
1.356878
0.682951
0.782987
0.654471
0.401427
0.579595
0.558422
0.872519
0.604819
0.616381
1.120950
1.052767
0.467538
0.553773
0.487188
0.879311
0.857467
0.785029
0.636400
0.363196
0.955376
0.497277
0.831107
0.485897
0.487703
0.474335
1.302824
0.468834
1.262755
0.469594
0.657813
0.595023
0.361931
0.516222
0.589714
0.882404
0.883897
0.538665
0.442847
0.401602
0.534810
0.680191
1.018713
1.080739
1.042358
1.142091
0.336763
0.870626
0.839752
0.709213
0.506279
0.906026
0.601321
0.473875
0.697908
0.688025
0.726912
0.567170
0.395969
0.554210
0.357663
0.597370
0.684011
0.492387
0.609475
0.954495
0.655075
1.041342
0.564000
0.340446
0.626249
0.890919
0.794284
0.285980
0.463541
0.545856
0.903630
0.719531
0.619732
0.373070
0.516016
0.540160
0.459403
0.549400
0.550069
0.434058
0.698996
0.493842
0.666146
0.249520
0.895647
0.593515
0.411352
0.534606
0.742769
1.070137
0.550909
0.619908
1.006517
0.497158
0.560799
0.778114
0.507599
0.665068
0.386263
0.349620
0.567167
0.528018
0.630648
0.362501
0.413809
0.367383
0.403663
0.579359
0.923422
0.787619
0.480390
0.317470
0.408729
0.404395
0.802314
0.764770
0.969051
0.301407
0.815677
0.395644
0.640394
0.489012
0.604549
0.810993
0.663905
0.419561
1.119141
0.220567
1.020207
1.010179
0.600380
0.526844
0.321455
0.854243
0.602041
0.809797
0.956482
0.936041
0.580791
0.848953
0.540944
0.700032
0.776267
0.702604
0.604973
0.562824
0.657449
0.400056
0.609141
0.462633
0.498152
0.651887
0.636207
0.433629
0.849329
0.601678
0.355267
0.527198
0.555811
0.809052
0.541542
1.178124
0.325531
0.480612
1.204920
0.735158
0.727150
0.528180
0.634644
0.427333
0.336665
0.613868
0.994967
1.195885
0.995361
0.556688
0.339337
0.496318
0.895831
0.526468
0.580586
0.729009
0.540946
0.742358
0.534036
0.664114
0.287214
0.791749
0.363380
0.280597
0.347183
0.387889
0.541335
0.435236
0.510569
0.369445
0.395997
0.491547
0.521928
0.298309
0.497571
0.173030
0.456760
0.534107
0.506313
0.416405
0.397249
0.884557
0.546657
0.303013
0.420312
0.656510
0.064952
0.424272
0.498856
0.502749
0.273403
0.356638
0.647252
0.525044
0.659671
0.486138
0.136728
0.459839
0.499333
0.232289
0.073393
0.407986
0.440526
0.358151
0.502613
0.289409
0.689887
0.340170
0.812305
0.174020
0.381903
0.619123
0.606342
0.451809
0.494495
0.237734
0.296076
0.371679
1.007759
0.723282
0.459519
0.640456
0.575174
0.297262
0.207586
0.756235
0.744692
0.760859
0.409308
0.655237
0.332738
0.895083
0.245790
0.307118
0.336459
0.455423
1.279117
0.647588
0.170961
0.526003
0.616745
0.503850
0.588025
0.359721
0.211098
0.260352
0.345840
0.617833
0.620520
0.082921
0.953418
0.617669
0.224648
0.272389
0.746390
0.215725
0.580445
0.268159
0.575044
0.671471
0.222715
0.492167
0.748992
0.371810
0.429015
0.425940
0.403756
0.275478
0.455396
0.426885
0.345090
0.269621
0.578915
0.330183
0.593397
0.531079
0.765409
0.462906
0.203102
0.253207
0.509950
0.188412
0.267153
0.483495
0.617122
0.317877
0.269139
0.553060
0.338901
0.357466
0.315175
0.502248
0.264223
0.425847
0.469678
0.330816
0.411265
0.453631
0.679045
0.237033
0.514311
0.324464
0.552701
0.324743
0.627278
0.283801
0.690236
0.640117
0.148312
0.157213
0.233003
0.442002
0.865991
0.373515
0.288755
0.332925
0.322679
0.377123
0.885984
0.423076
0.263998
0.914398
0.296752
0.589346
0.407441
0.350682
0.366291
0.121897
0.537031
0.422269
0.743177
0.465720
0.856704
0.762294
0.749215
0.225869
0.469929
0.639731
0.490161
0.431275
0.221166
0.447431
0.654451
0.799322
0.643021
0.632110
0.524022
0.550005
0.412192
0.656779
0.143085
0.265969
0.473373
0.736379
0.841264
0.700786
0.565561
0.663108
0.417863
0.405732
0.214532
0.439068
0.353242
0.270354
0.616302
0.212038
0.464940
0.482416
0.408806
0.893826
0.671707
0.627190
0.168223
0.484830
0.507816
0.747896
0.466684
0.775093
0.664932
0.561278
0.496693
0.777808
0.352686
0.747198
0.883669
0.426801
0.381104
0.485522
0.320482
0.405711
0.423036
0.503730
0.476736
0.702292
1.015678
0.150529
0.847413
0.523884
0.676339
0.479926
0.224393
0.217611
0.822937
0.255783
0.403852
0.706651
0.618058
0.313633
1.122183
0.497432
0.775935
0.849461
0.820869
0.323171
0.602079
0.813728
0.813405
0.873504
0.525842
0.327718
0.755745
0.374149
0.535849
0.604791
0.603037
0.691468
0.310715
0.411168
0.827211
0.291965
0.881419
0.527568
0.566691
0.428589
0.475252
0.537501
0.367316
0.607992
0.380839
0.641464
0.926821
0.781244
0.570156
0.883795
0.798530
0.491633
0.539339
0.673122
0.616678
0.620557
0.730418
0.477987
0.239281
0.765088
0.589222
0.621149
0.545889
0.675701
0.665616
0.435849
0.577783
0.528464
0.416936
0.760904
0.709597
0.500951
0.574573
0.428022
0.415726
0.609422
0.448530
0.973081
0.601091
0.996086
0.370108
0.795105
0.460774
0.501452
0.559082
0.679544
0.676337
0.463459
0.533516
0.580514
0.681272
0.455492
0.596333
1.324326
0.420668
0.489006
0.556463
0.596302
0.498200
0.143957
0.350275
0.619424
0.481130
0.373274
0.448629
0.758480
1.547340
0.603877
0.470033
0.571497
0.631143
0.490676
0.902588
0.664346
0.446412
0.604027
0.616981
1.318934
0.751243
0.559985
0.399751
0.356942
0.795918
0.914596
0.377050
0.580798
0.783485
0.460843
0.527732
0.445425
1.376902
0.589825
0.417702
0.959776
0.450512
0.614409
0.825012
0.814655
0.383859
0.499867
0.582677
0.399130
0.365470
0.581060
0.350455
1.171679
0.494079
0.581128
0.521787
0.643139
0.471310
0.584163
0.349942
0.154617
0.329140
0.337220
0.258835
0.409481
0.695970
0.670995
0.466983
0.739171
0.564168
0.402850
0.512951
0.465621
0.636801
0.916943
0.469485
0.643212
0.592607
0.351453
0.217626
0.437074
0.507215
0.279827
0.394691
0.368371
0.729829
0.888357
0.504579
0.180762
0.495152
0.319022
0.327495
0.236540
0.487265
0.763297
0.598719
0.341338
0.453000
1.057829
0.214689
0.242750
0.614939
0.352545
0.249950
0.488258
0.501131
1.189120
0.557885
0.271427
0.362733
0.540813
0.862698
0.296778
0.299395
0.327034
0.523656
0.156180
0.268022
0.781041
0.287474
0.413704
0.387573
0.170257
0.456339
0.197342
0.347902
0.357726
0.412161
0.951294
0.335802
0.605924
0.952623
0.158901
0.334129
0.245333
0.324548
0.255532
0.636838
0.247851
0.753417
0.301061
0.613870
0.347062
0.278348
0.375332
0.565410
0.489199
0.395326
0.424549
0.468301
0.499078
0.684745
0.466025
0.425196
0.429418
0.759253
0.704139
0.403764
0.482263
0.747443
0.434165
0.496375
0.643923
0.557380
0.382104
0.976583
0.400373
0.510008
0.456615
0.304020
0.706945
0.540361
0.362810
0.189690
0.236314
0.707611
0.627922
0.707928
0.414794
0.666566
0.316564
0.390904
0.093428
0.476067
0.379027
0.526363
0.264829
0.400784
0.361895
0.601625
0.142405
0.636479
0.486739
0.542263
0.548331
0.342414
0.265150
0.366471
0.385320
0.782483
0.388516
0.906199
0.389223
0.251382
0.518580
0.748058
0.150932
0.281394
0.371511
0.505035
0.630513
0.370839
0.327489
0.279094
1.289275
1.159485
0.384337
0.404282
0.461514
0.338397
0.295605
0.398932
0.337787
0.567251
0.737082
0.636076
0.615581
0.289045
0.467918
0.356260
0.462775
0.829431
0.617348
0.488980
0.117937
0.478078
0.231282
0.882597
0.666602
0.451602
0.611521
1.007192
0.235353
1.222596
0.392305
1.081562
0.678284
0.683942
0.999128
0.698989
0.506672
0.525100
0.732846
0.777951
0.728327
0.788109
0.399734
0.456468
0.403272
0.620052
0.452141
0.638920
0.613698
0.253906
0.605739
0.449673
0.587455
0.762910
1.007088
0.562079
0.308357
0.652924
0.616966
0.864691
0.575194
0.323917
0.686806
0.474644
0.474969
0.606438
0.850152
0.472021
0.736169
0.925316
0.617712
0.593728
0.624048
1.110682
0.578730
0.633059
0.484026
0.664821
0.632942
0.462147
1.015849
0.585007
0.491937
0.496332
0.432871
0.310691
0.473802
0.371884
0.668176
0.932724
0.634807
0.300890
0.362680
0.430187
0.268345
0.566660
0.330866
0.681593
0.682163
0.374965
0.367103
0.616976
0.652077
0.509385
0.383867
0.713942
0.427024
0.200931
0.599457
0.544804
0.373163
0.379518
0.489040
0.613423
0.162255
0.241159
0.233161
0.408386
0.363443
0.711813
0.440722
0.235197
0.231049
0.673119
0.170750
0.320133
0.597460
0.418466
0.769906
0.193622
0.329497
0.319137
0.490378
0.279947
0.254403
0.875244
0.365821
0.362054
0.422950
0.094598
0.612243
0.824897
0.450476
0.441040
0.563732
0.605701
0.478001
0.279812
0.310539
0.147225
0.568971
0.438562
0.311318
0.326910
0.448792
0.494407
0.677723
0.350022
0.650371
0.452197
0.251962
0.336290
0.793064
0.833894
0.708269
0.520114
0.168604
0.567154
0.480406
0.719743
0.445942
0.509826
0.354037
0.267422
0.225375
0.553434
1.359666
0.452916
0.530037
0.412001
0.704119
0.250616
0.289515
0.614122
0.714794
0.399530
0.698644
0.635802
0.808008
0.965075
0.389136
0.568886
0.574953
0.659379
0.683210
0.807183
0.551128
0.627933
0.164478
0.417896
0.566395
0.362944
0.307665
0.684957
1.030778
0.526814
0.445741
0.356475
0.643694
0.457139
0.581244
0.320120
1.187076
0.706890
0.911960
0.478824
0.348487
0.548355
0.487449
0.738450
0.784614
0.568279
0.655256
0.579171
0.853240
0.452305
0.467771
0.318069
0.828803
0.420383
0.847106
0.959963
0.497453
1.087641
0.400366
0.840823
0.360923
0.498449
0.460607
0.496713
0.756243
1.051234
0.820439
0.505938
0.457209
0.461734
0.556677
0.564529
0.898270
0.412215
0.546267
0.716426
0.959700
0.744086
0.300863
0.256990
0.704741
0.491233
0.475213
0.723722
0.474570
0.396384
0.412234
0.259139
0.303463
0.436015
0.388890
0.667992
0.568102
0.277425
0.496838
0.154056
0.322115
0.252245
0.336299
0.456202
0.472887
0.321295
0.591602
0.351879
0.570750
0.323359
0.488312
0.401973
0.404363
0.440242
0.217969
0.220150
0.762772
0.118084
0.499126
0.166989
0.667798
0.600365
0.933757
0.350222
0.764886
0.288415
0.403750
0.462081
0.318078
0.325552
0.547603
0.322550
0.509789
0.344855
0.710991
0.564444
0.520373
0.480008
0.277934
0.358410
0.518154
0.309312
0.152784
0.776021
0.142624
0.641770
0.194789
0.529962
0.262477
0.534982
0.147483
0.446022
0.608009
0.237651
0.381830
0.195007
0.114383
0.461803
0.427502
0.498055
0.326077
0.793817
0.639700
0.470975
0.245314
0.301316
0.555043
0.255096
0.252227
1.023209
0.382115
0.835438
0.078695
0.510906
0.677297
0.546569
0.971709
0.415651
0.365622
0.344146
0.246950
0.669711
0.508920
0.483532
0.474602
0.427364
0.535241
0.607286
0.221953
0.202204
0.415621
0.641537
0.345036
0.663762
0.692746
0.518940
0.617451
0.147154
0.671418
0.526383
0.386849
0.326045
0.613908
0.333234
0.266794
0.620434
0.355009
0.508999
0.774521
0.507237
0.659274
0.469624
0.495856
0.198638
0.350573
0.603841
0.802146
0.338768
0.606925
0.357162
0.389627
0.694196
0.501150
0.633706
0.115987
0.535425
0.296687
0.243410
0.490933
0.177846
0.296851
0.570037
0.691026
0.593088
0.463716
0.735176
0.463719
0.354203
0.586611
0.433331
0.862741
0.419086
0.318602
0.344019
1.027747
0.406490
0.448032
0.287292
0.450795
0.572904
0.266693
0.585944
0.358667
0.459676
0.234311
0.422296
0.710050
0.584704
0.805170
0.756222
0.401189
0.912369
0.755592
0.302111
0.603439
0.384764
0.535532
0.402637
0.423403
0.340170
0.430619
0.441864
0.588386
0.484835
0.384428
0.509324
0.469641
0.255940
0.563720
0.495813
0.291047
0.536576
0.582850
0.202641
0.250744
0.480640
0.277769
0.616001
0.577691
0.241651
0.548692
0.656029
0.095976
0.491928
0.560876
0.391316
0.579755
0.307155
0.329344
0.826116
0.183206
0.260452
0.656384
0.465896
0.470041
0.368201
0.582656
0.556696
0.453052
0.279512
0.337129
0.369561
0.657502
0.657235
0.539347
0.434183
0.615559
0.482659
0.296574
0.186921
0.660588
0.478462
0.511225
0.465416
0.453663
0.412354
0.551396
0.629239
0.435266
0.744361
0.685223
0.264787
1.014245
0.841095
0.733013
0.451260
0.285765
0.539950
0.486966
0.667670
0.574552
0.952083
0.439904
0.381917
0.540566
0.983284
0.426790
0.381488
0.833629
1.535687
0.318705
0.725702
0.758096
0.584720
0.302615
0.766255
0.996387
0.591382
0.676206
0.622285
0.738822
0.293524
0.381209
0.624098
0.269082
0.186306
0.652119
0.453054
0.828150
0.835889
0.484428
0.544403
0.658800
0.703105
0.469983
0.262287
0.383233
0.400753
0.587665
0.379862
0.277840
0.544666
0.607751
0.579808
0.321740
0.370837
0.341130
0.573873
0.396434
0.654293
0.417198
1.092867
0.479304
0.499779
0.448866
0.467232
0.432028
0.393420
0.426270
0.883222
0.658816
0.707879
0.433055
0.579226
0.411134
0.439089
0.811927
0.769454
0.627073
0.482321
0.449743
0.589245
0.847994
0.312774
0.595207
0.410764
0.116859
0.659851
0.550229
0.742713
0.422480
0.331200
0.464133
0.420936
0.458223
0.447563
0.360266
0.482607
0.424044
0.427100
0.939727
0.513766
0.224901
0.625021
0.575764
1.118791
0.388673
0.899728
0.292134
0.648380
0.311457
0.372782
0.289287
0.704922
0.405472
0.762630
1.053073
0.699569
0.413886
0.739018
0.346750
0.567679
1.264926
0.349757
0.296455
0.622259
0.742261
0.222681
0.235243
0.081938
0.361181
0.560938
1.047143
0.628938
0.253161
0.197541
0.168147
0.717618
0.728892
0.505049
0.497110
0.251664
0.305433
0.469269
0.424928
0.442629
0.785796
0.647701
0.730114
0.691466
0.313061
0.487825
0.395477
0.501348
0.366170
0.346830
0.482472
0.321088
0.335320
0.662780
0.326925
0.246896
0.382883
0.394260
0.431773
0.591151
0.562232
0.383050
0.535437
0.210395
0.450959
0.362123
0.351779
0.269024
0.270462
0.420944
0.824379
0.265371
0.582541
0.426509
0.323747
0.206592
0.180059
0.435178
0.312500
0.519836
0.356265
0.351764
0.105216
0.382689
0.436299
0.348380
0.578963
0.817448
0.142886
0.344739
0.232751
0.347040
0.454651
0.415204
0.123502
0.485112
0.464561
0.582513
0.631379
0.157384
0.138381
0.751346
0.527622
0.449030
0.067498
0.440241
0.353309
0.384011
0.713773
0.353936
0.514437
0.373461
0.610010
0.360477
0.543603
0.280704
0.796007
0.523687
0.207484
0.449252
0.276972
0.462590
0.545300
0.611840
0.510556
0.426195
0.522225
0.164464
0.358447
0.282973
0.508304
0.509725
0.120559
0.483794
0.462012
0.303395
0.747907
0.124127
0.248883
0.618836
0.375130
0.371641
0.396917
0.443904
0.448244
0.286463
0.626687
0.304833
0.062059
0.449662
0.614824
0.216522
0.343488
0.361820
0.644672
0.418908
0.411698
0.896948
0.684027
0.168143
0.983834
0.625726
0.125231
0.188523
0.404044
0.375358
0.681765
0.463477
0.926586
0.566055
0.442240
0.246604
0.281542
0.345497
0.707674
0.346831
0.387393
0.886689
0.524884
0.432477
0.945648
0.416748
1.144046
0.413958
0.447808
0.611399
0.540651
0.503283
0.462209
0.641208
0.368376
0.617118
0.929343
0.201738
0.568796
0.576841
0.448887
0.339960
0.501899
0.570151
0.852133
0.396452
0.774253
0.119928
0.634245
0.517876
0.171982
0.363828
0.437207
0.334610
0.994732
0.362748
0.455533
0.593711
0.574459
0.831391
0.558198
0.383445
0.281987
0.406586
0.372040
0.344005
0.467650
0.463253
0.647501
0.568038
0.261480
0.509387
0.484169
0.257068
0.338435
0.315719
0.428392
0.493246
0.494447
0.416225
0.394055
0.478690
0.540767
0.368914
0.322131
0.214390
0.495664
0.566220
0.377378
0.418758
0.826518
0.676657
0.371248
0.484148
0.462443
0.306543
0.932437
0.417070
0.579448
0.727789
0.332099
0.290277
0.959475
0.622817
0.669003
0.383835
0.492214
0.293974
0.328484
0.473810
0.454914
0.685324
0.391623
0.685415
0.361684
0.809552
0.323794
0.472718
0.352018
0.330089
0.867449
0.822729
0.397110
0.596798
0.767335
0.471208
0.197787
0.356012
0.488721
0.556712
0.627048
0.467074
0.268954
0.712220
0.545339
0.754532
0.273589
0.219357
0.338396
0.680506
0.313216
0.164727
0.322209
0.257676
0.557443
0.321021
0.367875
0.547219
0.528439
0.236584
0.503307
0.675845
0.590222
0.212685
0.481330
0.513577
0.602049
0.666670
0.767360
0.350197
0.421108
0.535289
0.337743
0.327960
0.587301
0.438001
0.446024
0.481613
0.525967
0.549425
0.648537
0.452697
0.581450
0.116429
0.274508
0.438344
0.209796
0.276388
0.384352
0.349660
0.366030
0.267406
0.448423
0.189291
0.467663
0.436767
0.296738
0.430001
0.511108
0.490560
0.594778
0.372562
0.317613
0.319523
0.512217
0.446941
0.759705
0.420480
0.626002
0.354405
0.418607
0.324726
0.200086
0.199117
0.284533
0.620824
0.941863
0.327485
0.328913
0.409139
0.361905
0.572375
0.545202
0.552701
0.642995
0.681448
0.578581
0.890744
0.400631
0.356736
0.599476
0.600706
0.541515
0.631196
1.090708
0.639783
0.541058
0.828351
0.671642
0.593210
0.229068
0.415466
0.695194
0.616125
1.020205
0.478129
0.346984
0.467965
0.442344
0.562640
0.463460
1.501767
0.300576
0.488539
0.240754
0.564420
0.930991
0.304550
0.810385
1.522091
0.880615
0.475470
0.431911
0.510422
0.193443
0.515808
0.500249
1.040490
0.368560
0.346509
0.354607
0.441675
0.352931
0.293394
0.571710
0.498521
0.364049
0.340984
0.303389
0.564340
0.429128
0.789014
0.231702
0.362774
0.437860
0.442469
0.929696
0.708221
0.818124
0.927195
0.067945
0.282359
0.242772
0.558609
0.228660
0.375010
0.664038
0.881741
0.480072
0.536516
0.301688
0.199970
0.434159
0.122141
0.585654
0.822243
0.431338
0.236689
0.649846
0.775235
0.217308
0.402675
0.274840
0.287831
0.379677
0.440411
0.627711
0.577893
0.156069
0.531792
0.305967
0.888956
0.468043
0.265181
0.269737
0.160329
0.605623
0.200353
0.434810
0.636291
0.488653
0.179646
0.434302
0.342257
0.621635
0.450538
0.260063
0.304567
0.331916
0.338225
0.314733
0.364405
0.234211
0.414449
0.305172
0.197744
0.443050
0.303403
0.570402
0.342864
0.481847
0.334405
0.235987
0.402972
0.577421
0.431061
0.351689
0.543949
0.565050
0.186467
0.411557
0.151756
0.237435
0.396886
0.495503
0.272635
0.461612
0.190094
0.569849
0.290096
0.244855
0.183253
0.797654
0.472500
0.458306
0.336131
0.236435
0.543176
0.510776
0.744721
0.409779
0.748010
0.147730
0.420925
0.283220
0.507365
0.151891
0.482212
0.443091
0.658622
0.468694
0.568470
0.852524
0.660718
0.083956
0.252761
0.476492
0.847815
0.186539
0.537689
0.582469
0.126753
0.419947
0.399185
0.335281
0.463658
0.756623
0.407769
0.608022
0.293321
0.314127
0.451525
0.202499
0.223409
0.574051
0.501581
0.427186
0.441776
0.375839
0.137833
0.435439
0.399560
0.289729
0.626319
0.443748
0.282505
0.388893
0.217648
0.660392
0.207898
0.198959
0.256691
0.609816
0.393319
0.383276
0.436840
0.130418
0.503918
0.302811
0.543359
0.741307
0.506314
0.267685
0.225488
0.187980
0.295956
0.257923
0.540633
0.886940
0.688391
0.465607
0.234427
0.475218
0.626455
0.568212
0.569246
0.476349
0.875072
0.384364
0.207374
0.352427
0.351080
0.675935
0.436812
0.178343
0.420145
0.368917
0.550159
0.493610
0.294707
0.773141
0.437956
0.650983
0.423537
0.314823
0.288467
0.383973
0.469227
0.503601
0.528584
0.446111
0.490843
0.968390
0.428466
0.565332
0.400012
0.131537
0.196002
0.295225
0.876265
0.625249
0.427876
0.457018
0.348781
0.393274
0.622661
0.519955
0.763219
0.968774
0.563939
0.592383
0.214839
0.407029
0.365624
0.423442
0.397229
0.568928
0.292317
0.737195
0.465058
0.387306
0.331516
0.995266
0.406342
0.185286
0.356537
0.352137
0.725732
0.397592
0.416481
0.401950
0.362517
0.397853
0.447642
0.344193
0.435633
0.553191
0.331849
0.345215
0.458091
0.453505
0.599560
0.338576
0.260810
0.309070
0.572343
0.423724
0.442967
0.788985
0.278008
0.482021
0.549686
0.280908
0.730622
0.419192
0.671273
0.856272
0.501971
0.703669
0.682113
0.285289
0.184462
0.405751
0.607549
0.296985
0.869207
0.367276
0.494358
0.403025
0.535695
1.133927
0.320432
0.387597
0.622263
0.465025
0.234815
0.698670
0.440581
0.109105
0.449155
0.259360
0.312951
0.236464
0.441135
0.280259
0.328280
0.515719
0.239159
0.412924
0.709901
0.792182
0.370081
0.571546
0.756525
0.425708
0.348694
0.668998
0.328478
0.498822
0.226428
0.522855
0.459945
0.426850
1.082629
0.588660
0.468782
0.268744
0.604241
0.478172
0.545250
0.573084
0.852896
0.311648
0.960463
0.387823
0.532882
0.639621
0.440809
0.471796
0.823062
0.476016
1.006291
0.510253
0.355011
0.771112
0.335553
0.687208
0.640257
0.588229
0.974652
0.690375
0.891150
0.209382
0.414563
0.459952
0.437588
0.387254
0.416927
0.291337
0.862698
0.358554
0.386213
0.537748
0.407834
0.552602
0.854061
0.427887
0.607807
0.236446
0.580598
0.339824
1.170315
0.643870
0.217825
0.416559
0.343391
0.713021
0.527569
0.454021
0.425973
0.201075
0.952901
0.321223
0.389684
0.654475
0.662806
0.351713
0.461959
0.572060
0.245586
0.624090
0.301152
0.473240
0.316103
0.171777
0.199723
0.154318
0.933745
0.722093
0.379433
0.447931
0.303446
0.327383
0.365267
0.275359
0.301275
0.743097
0.130419
0.554099
0.163092
0.361817
0.556036
0.319712
0.317070
0.929672
0.433936
0.594968
0.426766
0.514233
0.571405
0.386675
0.164674
0.499489
0.315207
1.170760
0.632681
0.949807
0.628830
0.248216
1.347431
0.314869
0.739736
0.919966
0.121013
0.452494
0.492690
0.769045
0.687397
0.186475
0.369084
0.384566
0.442659
0.578771
0.343773
0.438119
0.604370
0.431248
0.277889
0.189771
0.909925
0.129062
0.624620
0.129174
0.351412
0.249085
0.320603
0.782003
0.482042
0.507265
0.735606
0.176986
0.774235
0.173075
0.417814
0.376113
0.469231
0.496172
0.533967
0.300469
0.444733
0.593987
0.197280
0.374932
0.919726
0.156542
0.405817
0.459914
0.321100
0.392720
0.537291
0.248441
0.683266
0.117382
0.427289
0.409316
0.353620
0.393510
0.461853
0.253486
0.414147
0.274296
0.582109
0.384749
0.520253
0.413727
0.188361
0.676790
0.088539
0.218909
0.863074
0.462509
0.736413
0.459794
0.365297
0.433917
0.239286
0.392451
0.507712
0.241277
0.494692
0.349061
0.710882
0.373130
0.379062
0.166681
0.393895
0.266771
0.307515
0.438672
0.439532
0.351213
0.232149
0.540762
0.310880
0.407121
0.060150
0.343400
0.125255
0.356536
0.657157
0.639797
0.324666
0.591349
0.420619
0.354549
0.227991
0.446417
0.396172
0.310766
0.287098
0.364372
0.565263
0.408212
0.400061
0.514846
0.616889
0.176976
0.353281
0.514063
0.483175
0.497942
0.296661
0.891538
0.245170
0.062076
0.796205
0.247939
0.371063
0.174928
0.304399
0.535048
0.612863
0.503054
0.339516
0.885861
0.587204
0.269743
0.144353
0.487288
0.267415
0.332886
0.375115
0.443804
0.350875
0.968197
0.487830
0.309406
0.475687
0.263162
0.369905
0.297855
0.723442
0.483555
0.288748
0.318914
0.399392
0.429739
0.675689
0.399821
0.190587
0.498231
0.470583
0.482338
0.261363
0.507701
0.534537
0.268493
0.286392
0.660907
0.318881
0.517874
0.281081
0.643192
0.610539
0.360234
0.286529
0.315703
1.052531
0.876352
1.124040
0.399043
0.461999
0.468272
0.519679
0.297428
0.424838
0.385808
0.432830
0.760857
0.579877
0.165507
0.530239
0.381256
0.402273
0.298973
0.511548
0.599057
0.389212
0.792611
0.439921
0.451817
0.035510
0.347616
0.256963
0.437076
0.799139
0.506243
0.429851
0.790535
0.532764
0.575553
0.211774
0.288900
0.605358
0.851826
0.429827
0.401889
0.659433
0.044766
0.358851
0.292338
0.252329
0.518948
0.329196
0.282408
0.598943
0.457284
0.525043
0.315130
0.709735
0.531209
0.439211
0.457434
0.430358
0.342810
0.435324
0.456401
0.431667
0.313525
0.472410
0.576053
0.509619
0.462865
0.456124
0.439038
0.209626
0.395808
0.074862
0.440472
0.376860
0.474513
0.343069
0.581454
0.317664
0.302639
0.629414
0.322219
0.332448
0.686419
0.358165
0.251483
0.295809
0.338493
0.880862
0.477195
0.163311
0.552513
0.080124
0.480354
0.389461
0.481278
0.876480
0.663679
0.327411
0.510598
0.367539
0.717339
0.373100
0.379191
0.975168
0.222807
0.405824
0.276882
0.367070
1.288694
0.409908
0.239807
0.331418
0.460342
0.161453
0.458027
0.175109
0.264158
0.419246
0.501090
0.349802
0.231941
0.473481
0.423826
0.416335
0.215195
0.407144
0.308595
0.290297
0.323849
0.464925
0.528677
0.307163
0.263949
0.564434
0.579056
0.408300
0.493874
0.372242
0.379910
0.423060
0.411881
0.486373
0.159079
0.661108
0.785574
0.226960
0.408685
0.525224
0.210949
0.452136
0.340137
0.357500
0.772718
0.729620
0.528385
0.358829
0.527204
0.372780
0.410491
0.098730
0.423818
0.715073
0.395254
0.521374
0.364975
0.696204
0.699627
0.459000
0.189505
1.013822
0.439282
0.395794
0.425036
0.334310
0.649007
0.756121
0.354829
0.672112
0.289639
0.258487
0.121613
0.276438
0.276817
0.331138
0.936373
0.479415
0.363982
0.216816
0.268527
0.162775
0.458562
0.364923
0.243228
0.123260
0.339161
0.279884
0.135323
0.341570
0.919784
0.298397
0.375326
0.203371
0.357585
0.277743
0.201075
0.780267
0.378607
0.210679
0.456552
0.501195
0.422002
0.264331
0.156542
0.083341
0.183417
0.249114
0.481846
0.215429
0.142401
0.145700
0.249148
0.216424
0.131806
0.710474
0.110499
0.306453
0.253346
0.252915
0.055861
0.588050
0.531772
0.307252
0.433095
0.167404
0.102232
0.097495
0.247913
0.110694
0.191545
0.378476
0.249086
0.335968
0.181756
0.316427
0.489277
0.352136
0.066863
0.484186
0.336801
0.056813
0.165763
0.404178
0.360547
0.527148
0.061331
0.354649
0.227069
0.077583
0.185146
0.584214
0.562173
0.355699
0.213396
0.244846
0.132265
0.304598
0.292898
0.413217
0.328675
0.281750
0.298852
0.033729
0.198515
0.471777
0.242917
0.208275
0.343369
0.294565
0.200168
0.425108
0.053941
0.518757
0.436729
0.103800
0.383410
0.230898
0.113655
0.337459
0.682091
0.119698
0.434200
0.231015
0.262132
0.112755
0.216279
0.310631
0.441904
0.341904
0.438649
0.487759
0.302360
0.690265
0.149094
0.137701
0.085519
0.145326
0.160481
0.682129
0.179382
0.341166
0.299144
0.163505
0.132158
0.311818
0.573624
0.360944
0.437331
0.259061
0.673866
0.605984
0.570583
0.382415
0.112584
0.506442
0.417090
0.432589
0.237551
0.366690
0.263414
0.089749
0.382589
0.222502
0.556594
0.149483
0.322704
0.216947
0.577060
0.408328
0.165205
0.288763
0.458491
0.458416
0.419847
0.455923
0.327665
0.364611
0.621604
0.333033
0.238066
0.395090
0.493198
0.278337
0.367832
0.310315
0.153834
0.197388
0.393746
0.559326
0.691529
0.416732
0.423874
0.389527
0.255729
0.437599
0.337754
0.472029
0.072729
0.430826
0.402278
0.286719
0.313078
0.646502
0.401367
0.438576
0.469120
0.820331
0.295940
0.301852
0.160236
0.550028
0.391241
0.373778
0.397892
0.418989
0.637048
0.626578
0.556807
1.290828
0.331946
0.358767
0.291271
0.245517
0.120901
0.225809
0.276352
0.874551
0.494640
0.549425
0.334463
0.386579
0.583268
0.489291
0.607013
0.545341
0.249878
0.548901
0.471250
0.691662
0.836003
0.319562
0.684761
0.505328
0.332282
0.299727
0.354195
0.320734
0.297563
0.463104
0.466993
0.376936
0.683759
0.499188
0.303145
0.531272
0.480777
0.625236
0.459577
0.536610
0.523801
0.458091
0.255539
0.379628
0.794287
0.549471
0.530091
0.437925
0.302845
0.734440
0.644354
0.377710
0.241880
0.646727
0.682264
0.267483
0.066588
0.388878
0.342414
0.439508
0.208419
0.268009
0.434585
0.308221
0.517744
0.346708
0.406567
0.290313
0.424752
0.402450
0.572736
0.232560
0.259555
0.687258
0.484378
0.237264
0.436902
0.203720
0.278167
0.556161
0.410189
0.642405
0.474834
0.759354
0.479362
0.439678
0.363861
0.315563
0.253589
0.370620
0.618498
0.508608
0.504845
0.312402
0.432566
0.789432
0.629954
0.343841
0.323997
0.184893
0.428787
0.593144
0.769563
0.491964
0.478798
0.364515
0.486437
0.457282
0.258157
0.275624
0.340155
0.639306
0.690471
0.490003
0.475382
0.465059
0.403999
0.307174
0.506439
0.607124
0.309646
0.195715
0.367174
0.443677
0.492890
0.220894
0.415644
0.392610
0.485962
0.114715
0.808995
0.290098
0.493687
0.399589
0.392635
0.328871
0.464844
0.302710
0.263953
0.521005
0.379168
0.607052
0.264176
0.437489
0.349323
0.776042
0.415592
0.310861
0.338600
0.523424
0.747561
0.473803
0.372411
0.388799
0.966432
0.595241
0.339344
0.504732
0.412397
0.289623
0.552308
0.641911
0.345116
0.919583
0.202561
0.321430
0.572748
0.441997
0.598605
0.620991
0.389904
0.454650
0.823475
0.314118
0.419983
0.328014
0.182671
0.312423
0.559290
0.291737
0.280456
0.405591
0.638638
0.458783
0.298489
0.484963
0.199531
0.224937
0.221178
0.410846
0.380626
0.435958
0.361265
0.350748
0.096942
0.177120
0.307885
0.156532
0.394374
0.326715
0.369383
0.173480
0.169491
0.851396
0.238130
0.590280
0.102384
0.303757
0.220028
0.154711
0.283597
0.231285
0.469384
0.327999
0.340828
0.527617
0.173601
0.095383
0.380982
0.297166
0.129505
0.319073
0.325124
0.346355
0.532268
0.155168
0.274900
0.502228
0.495225
0.499461
0.155946
0.311883
0.232325
0.374048
0.277750
0.293651
0.670212
0.417487
0.964835
0.423443
0.325282
0.262161
0.084631
0.161429
0.295754
0.454980
0.384557
0.530920
0.440290
0.744293
0.487269
0.713615
0.269121
0.372922
0.775886
0.185468
0.713253
0.752638
0.598017
0.670912
0.370030
0.317320
0.079522
0.481707
0.445237
0.482033
0.873071
0.220845
0.509926
0.063203
0.333204
0.325189
0.339751
0.384723
0.648410
0.514558
0.362267
0.310318
0.248634
0.532649
0.638993
0.489896
0.447623
0.773440
0.329714
0.312857
0.371078
0.830455
0.115228
0.242102
0.643034
0.599434
0.176357
0.586182
0.781514
0.491266
0.418943
0.240351
0.335768
0.248887
0.406851
0.208753
0.293326
1.080787
0.271056
0.628565
0.341362
0.543200
0.397276
0.048608
0.579093
0.468307
0.264648
0.444825
0.366395
0.419465
0.677249
0.224914
0.392219
0.268717
0.513403
0.386034
0.557272
0.276155
0.378298
0.125484
0.710547
0.329191
0.366340
0.114901
0.300677
0.333493
0.406966
0.328852
0.316423
0.389817
0.189209
0.389371
0.478516
0.285963
0.379291
0.253118
0.711094
0.453701
0.354921
0.163382
0.245112
0.507982
0.143015
0.233794
0.270121
0.456404
0.480330
0.157338
0.434243
0.416581
0.587987
0.281479
0.248592
0.399013
0.241708
0.564307
0.356260
0.344775
0.133058
0.708514
0.385223
0.263120
0.678406
0.456688
0.384708
0.207088
0.093734
0.466661
0.214769
0.314069
0.270404
0.072685
0.677626
0.271060
0.400164
0.232986
0.287687
0.198464
0.274820
0.359090
0.324735
0.427221
0.287609
0.476363
0.461467
0.129198
0.563747
0.392204
0.393631
0.505117
0.220714
0.410261
0.343876
0.392801
0.486865
0.353532
0.271363
0.390159
0.498644
0.426583
0.346298
0.516118
0.228615
0.640343
0.334615
0.241622
0.247911
0.578904
0.409884
0.897049
0.418678
0.314536
0.529542
0.446207
0.327843
0.424118
0.672594
0.502202
0.640312
0.548741
0.374363
0.308528
0.371828
0.168695
0.541663
0.321420
0.680008
0.235930
0.363575
0.535527
0.623874
0.646927
0.675065
0.225041
0.474244
0.357858
0.673128
0.543630
0.653938
0.492489
0.306852
0.372376
0.481172
0.580613
0.200317
0.401501
0.585507
0.505847
0.397138
0.496872
0.302842
0.565503
0.376903
0.221035
0.480883
0.465154
0.736999
0.261930
0.801003
0.301006
0.198207
0.469866
0.495203
0.462630
0.557144
0.195422
0.371333
0.251024
0.505251
0.657104
0.394766
0.381581
0.492581
0.213998
0.268642
0.189134
0.244406
0.404984
0.581381
0.928063
0.451967
0.401971
0.384727
0.658757
0.730215
0.341468
0.535049
0.407386
0.197102
0.378650
0.443208
0.215212
0.798772
0.385420
0.719083
0.484052
0.499526
0.332916
0.492815
0.372219
0.584425
0.494358
0.757159
1.205397
0.643812
0.426292
0.330107
0.276455
0.368674
0.150232
0.448186
0.682464
0.953781
0.814020
0.502232
0.457056
0.568296
0.240530
0.454412
0.443980
0.470345
0.195672
0.304033
0.800375
0.301948
0.427531
0.481630
0.715232
0.140516
0.287823
0.074162
0.686687
0.476499
0.621052
0.639826
0.662832
1.000385
0.416122
0.233336
0.397425
0.598125
0.418472
0.544003
0.773507
0.454218
0.380100
0.582893
0.727974
0.470190
0.455710
0.431990
0.241950
0.300409
0.256211
0.562979
0.579940
0.425622
0.486304
0.450931
0.226082
0.456049
0.187559
0.333710
0.338345
0.465081
0.329903
0.412088
0.225654
0.226103
0.514774
0.317113
0.150410
0.244924
0.494188
0.374599
0.471973
0.182604
0.428275
0.312303
0.358567
0.311002
0.278245
0.570918
0.223918
0.436718
0.458141
0.165028
0.314202
0.221029
0.475865
0.569287
0.434168
0.200600
0.308267
0.357870
0.272724
0.633497
0.191884
0.138958
0.258509
0.116777
0.233109
0.040323
0.557621
0.110809
0.419570
0.567854
0.425722
0.475288
0.452407
0.372992
0.349635
0.345511
0.211760
0.192868
0.280113
0.503937
0.350722
0.275347
0.618016
0.071996
0.261481
0.522507
0.203373
0.034129
0.319977
0.416226
0.654597
0.513037
0.433708
0.597915
0.112968
0.185507
0.054902
0.443643
0.578823
0.479583
0.460017
0.285771
0.470035
0.182215
0.115268
0.322529
0.408726
0.275066
0.336172
0.490027
0.760551
0.556072
0.469873
0.261690
0.282788
0.157533
0.552510
0.415858
0.508855
0.266439
0.254552
0.362816
0.421398
0.289913
0.090916
0.464793
0.112918
0.378789
0.773460
0.494782
0.186409
0.242071
0.422740
0.483903
0.351109
0.389481
0.177863
0.191547
0.338017
0.310433
0.324315
0.617019
0.293290
0.161532
0.273555
0.105540
0.409065
0.361286
0.090193
0.168010
0.183246
0.548393
0.526830
0.399476
0.451636
0.661777
0.369619
0.281365
0.466194
0.261946
0.137208
0.829049
0.264027
0.336418
0.394175
0.383057
0.390291
0.400717
0.043684
0.464151
0.182765
0.474350
0.214890
0.255216
0.190426
0.366349
0.233317
0.811360
0.327226
0.500487
0.330625
0.460128
0.291561
0.163978
0.324814
0.978435
0.186934
0.705698
0.172105
0.296140
0.098433
0.631469
0.675383
0.372410
0.239434
0.227384
0.052812
0.239551
0.345862
0.189951
0.259019
0.172903
0.230283
0.522034
0.563017
0.326496
0.568971
0.260476
0.443844
0.390653
0.040943
0.529947
0.511819
0.437150
0.262320
0.368348
0.655986
0.350010
0.362506
0.203195
0.354501
0.742791
0.225324
0.497838
0.494808
0.417503
0.192547
0.380259
0.341426
0.637933
0.700075
0.318495
0.464884
0.612846
0.184604
0.119147
0.394512
1.128565
0.387023
0.413995
0.470225
0.213331
0.486441
0.484493
0.656309
0.434217
0.480400
0.171061
0.412075
0.280869
0.295920
0.414224
0.270490
0.627649
0.479076
0.400979
0.411788
0.154937
0.844925
0.358255
0.220383
0.546438
0.610996
0.317161
0.483353
0.524048
0.620555
0.563902
0.500306
0.285386
0.142318
0.158173
0.352625
0.481769
0.409276
0.128217
0.652564
0.276167
0.188084
0.439267
0.294028
0.345275
0.276709
0.280101
0.533380
0.426815
0.249489
0.563605
0.411892
0.097957
0.702217
0.227920
0.393453
0.253816
0.830209
0.301941
0.619878
0.185875
0.243102
0.283628
0.714583
0.334322
0.520888
0.298826
0.212865
0.375677
0.317925
0.444333
0.446830
0.250243
0.303924
0.669000
0.469642
0.404854
0.522383
0.106259
0.217213
0.944788
0.376606
0.367590
0.180422
0.689080
0.850032
0.707614
0.370432
0.465442
0.254153
0.271575
0.325156
0.337331
0.428869
0.429595
0.753158
0.355489
0.579778
0.545331
0.450122
0.652649
0.485268
0.614708
0.151992
0.459482
0.364643
0.464103
0.591712
0.448471
0.706045
0.314324
0.602048
0.217952
0.310574
0.512201
0.348462
0.401855
0.255256
0.586866
0.470796
0.875665
0.804076
0.282347
0.216443
0.374872
0.462964
0.616866
0.756405
0.274962
0.563083
0.412331
0.538086
0.417526
0.316599
0.397401
0.122900
0.783045
0.670261
0.683511
0.409349
0.511700
0.344063
0.411360
0.514745
0.344367
0.570505
0.531021
0.296604
0.803114
0.152873
0.560336
0.541329
0.251991
0.228094
0.630933
0.509262
0.653352
0.540127
0.365999
0.410231
0.586739
0.383236
0.635880
0.567788
0.545262
0.755667
0.547922
0.568379
0.331132
0.415763
0.406618
0.582129
0.087957
0.360682
0.693625
0.790224
0.210994
0.442929
0.420311
0.295087
0.244795
0.407473
0.228990
0.488921
0.460755
0.210022
0.700524
0.472830
0.444235
0.504091
0.431221
0.400325
0.284322
0.756376
0.113972
0.505461
0.208351
0.431543
0.300209
0.588243
0.407594
0.193741
0.344108
0.242435
0.553027
0.132321
0.668411
0.204220
0.183614
0.458312
0.666281
0.331505
0.402916
0.258012
0.509819
0.164050
0.107219
0.492845
0.367602
0.223753
0.240743
0.332893
0.482066
0.393537
0.370831
0.348229
0.489721
0.491192
0.173972
0.500565
0.172912
0.204197
0.070912
0.307812
0.451067
0.236372
0.314626
0.393825
0.334010
0.111035
0.483868
0.408684
0.117033
0.564240
0.167887
0.599037
0.156837
0.070837
0.113687
0.313765
0.123918
0.191603
0.339497
0.164474
0.515602
0.297870
0.539499
0.183147
0.178848
0.185294
0.262112
0.114798
0.124438
0.123883
0.191366
0.652816
0.418592
0.598369
0.386861
0.213451
0.350492
0.230624
0.207593
0.335482
0.390996
0.244131
0.336035
0.354369
0.018164
0.306808
0.512244
0.114717
0.332602
0.265961
0.325376
0.106168
0.325768
0.634829
0.274371
0.522166
0.399001
0.405184
0.500944
0.614710
0.261003
0.132561
0.316429
0.124812
0.082283
0.121805
0.441123
0.447711
0.304450
0.450858
0.329894
0.542388
0.553113
0.177466
0.130758
0.163893
0.251991
0.377274
0.668949
0.252504
0.280185
0.250865
0.326095
0.015523
0.296725
0.432142
0.313215
0.438946
0.312284
0.315101
0.249470
0.440291
0.287671
0.415136
0.152069
0.467873
0.282646
0.386792
0.146969
0.310776
0.733338
0.452657
0.253149
0.279080
0.165547
0.335155
0.406016
0.292517
0.084010
0.504344
0.345049
0.344001
0.654005
0.539318
0.446205
0.310763
0.759450
0.196094
0.478023
0.334531
0.274870
0.323490
0.354231
0.382053
0.681155
0.320649
0.587293
0.264748
0.478661
0.257380
0.255512
0.483596
0.567755
0.703702
0.345013
0.418387
0.376229
0.338420
0.379803
0.371317
0.601213
0.427920
0.101030
0.284944
0.294554
0.745162
0.452771
0.189593
0.170350
0.585048
0.519579
0.080233
0.503947
0.161145
0.437611
0.184064
0.114821
0.128545
0.264033
0.669070
0.540519
0.436265
0.550974
0.442869
0.662345
0.433569
0.267003
0.407437
0.445119
0.659300
0.407889
0.232027
0.347745
0.558969
0.222130
0.449273
0.379948
0.459571
0.461028
0.162150
0.386967
0.312900
0.493075
0.336553
0.297806
0.578446
0.519277
0.508782
0.250848
0.453844
0.265359
0.221538
0.351608
0.485586
0.248486
0.524483
0.760473
0.308450
0.411521
0.386275
0.373836
0.127922
0.390864
0.197439
0.484686
0.343536
0.523662
0.276721
0.251643
0.202720
0.365172
0.890777
0.469883
0.702511
0.152317
0.389885
0.241382
0.519379
0.540152
0.433502
0.349891
0.300754
0.540078
0.458340
0.629066
0.629540
0.177763
0.266320
0.419870
0.491209
0.543424
0.203005
0.916160
0.555556
0.174493
0.740598
0.146571
0.732691
0.215459
0.267059
0.386192
0.254852
0.316488
0.473782
0.131869
0.556639
0.165964
0.704158
0.451734
0.613962
0.379379
0.274826
0.227788
0.533795
0.329324
0.481240
0.298426
0.415344
0.177157
0.226682
0.486167
0.326851
0.134499
0.230956
0.456788
0.504724
0.150268
0.452331
0.521995
0.475721
0.275975
0.713436
0.551009
0.380455
0.332316
0.466492
0.159391
0.265737
0.299185
0.435830
0.398038
0.627058
0.320329
0.460263
0.156313
0.237324
0.331336
0.815929
0.184232
0.207775
0.291849
0.354331
0.209147
0.320099
0.448078
0.404697
0.332865
0.354768
0.284409
0.205479
0.409135
0.406793
0.353730
0.124889
0.221922
0.287345
0.361528
0.263436
0.289129
0.514695
0.472701
0.190362
0.262623
0.213838
0.116737
0.524335
0.307043
0.243765
0.357154
0.189955
0.467784
0.359499
0.427378
0.496977
0.350148
0.233755
0.172182
0.128629
0.357821
0.898136
0.450807
0.541562
