2.302725
2.301586
2.301389
2.318226
2.296414
2.295209
2.283837
2.241696
2.383698
2.265235
2.270158
2.293180
2.297718
2.299730
2.301116
2.299778
2.299715
2.296617
2.296507
2.296492
2.278177
2.269020
2.217654
2.231683
2.174091
2.218707
2.082844
2.118909
2.239192
2.167575
2.112628
2.146768
2.184593
2.128843
2.074739
2.064732
2.022733
2.341994
2.167434
2.137402
2.103067
2.134351
2.110148
2.081139
2.082088
2.110390
2.100598
2.283762
2.055441
2.111554
2.047786
2.058669
2.046957
2.010807
2.028017
2.055140
1.981545
1.948350
2.059123
1.973971
1.981382
1.997503
2.072673
1.987184
2.022686
1.985722
1.954725
1.954841
1.913176
1.995816
1.916537
1.920100
1.957303
1.939967
1.991106
1.970001
1.893712
1.945696
1.975022
1.888502
1.938793
1.851754
1.931432
1.902392
1.864939
1.991902
1.890475
1.847286
1.950708
1.809335
1.892032
1.762277
1.847277
1.862443
1.874900
1.696830
1.858123
1.798146
1.971297
1.756487
1.794262
1.797964
1.869628
1.912324
2.015038
2.070752
1.912463
1.826946
1.832021
1.792416
1.808900
1.897358
1.885979
1.782262
1.955938
1.866474
1.815781
1.795104
1.863012
1.794346
1.843399
1.742518
1.984405
1.773713
1.837600
1.791645
1.715449
1.758653
1.835055
1.707332
1.762993
1.803945
1.714574
1.657615
1.701227
1.648618
1.716627
1.757972
1.705268
1.681360
1.732272
1.785873
1.649306
1.877569
1.755456
1.704813
1.919516
1.857358
1.753539
1.810709
1.844886
1.720159
1.648494
1.621292
1.833348
1.750797
1.815187
1.645386
1.732985
1.723624
1.576324
1.648050
1.654359
1.618237
1.571503
1.542688
1.589018
1.797794
1.666624
1.660283
1.589943
1.682639
1.636777
1.651595
1.600132
1.591792
1.608045
1.689108
1.656349
1.523911
1.558331
1.635542
1.645325
1.695041
1.592993
1.623668
1.602910
1.539352
1.511254
1.544098
1.625757
1.712824
1.638681
1.636615
1.528863
1.588690
1.478180
1.509383
1.598131
1.584456
1.531247
1.573966
1.591835
1.638404
1.561788
1.787763
1.510916
1.423277
1.744804
1.479127
1.558916
1.606539
1.603302
1.621955
1.692943
1.687559
1.755275
1.581345
1.609186
1.622912
1.520296
1.529965
1.575922
1.527743
1.668743
1.582040
1.686325
1.459088
1.575095
1.508113
1.632914
1.603323
1.383888
1.511332
1.554183
1.462438
1.416640
1.497120
1.583056
1.537515
1.375270
1.345126
1.387480
1.496498
1.520625
1.399225
1.637268
1.583158
1.407817
1.620102
1.459464
1.542542
1.547527
1.387174
1.781075
1.681987
1.510018
1.574915
1.509820
1.557361
1.539191
1.462377
1.357877
1.362354
1.493829
1.568343
1.427551
1.437400
1.666075
1.593734
1.388720
1.528405
1.726923
1.485781
1.697710
1.428010
1.586361
1.550849
1.423632
1.458113
1.567786
1.559102
1.638607
1.557914
1.432754
1.520546
1.592569
1.461320
1.524030
1.431506
1.549414
1.499173
1.470843
1.414561
1.402789
1.509759
1.536425
1.344215
1.547281
1.530002
1.514110
1.484830
1.519108
1.439366
1.498722
1.388112
1.385848
1.321810
1.435452
1.355364
1.334193
1.443200
1.374273
1.427342
1.364978
1.347989
1.306988
1.357772
1.454876
1.437901
1.476177
1.608492
1.449704
1.326658
1.459100
1.554968
1.534354
1.322171
1.497759
1.372465
1.589535
1.463392
1.455873
1.455960
1.414971
1.420367
1.424175
1.458477
1.452540
1.466272
1.442961
1.370960
1.479179
1.288681
1.442888
1.574238
1.564368
1.376706
1.362968
1.323514
1.545384
1.558939
1.363988
1.432794
1.374082
1.615739
1.436916
1.374558
1.392534
1.350160
1.504575
1.472469
1.159462
1.408336
1.398386
1.185058
1.370644
1.329735
1.282165
1.321330
1.443625
1.400947
1.315337
1.340015
1.406292
1.353075
1.530414
1.340488
1.539681
1.268327
1.413617
1.333847
1.110174
1.276102
1.538947
1.252703
1.310130
1.315866
1.297854
1.398393
1.201834
1.208401
1.296904
1.392830
1.293290
1.204162
1.148272
1.209868
1.285246
1.326342
1.370318
1.323737
1.149614
1.474816
1.144138
1.347701
1.054441
1.310118
1.211921
1.349874
1.160256
1.193322
1.182328
1.160914
1.390917
1.186790
1.312862
1.209063
1.189450
1.296243
1.325567
1.061641
1.204545
1.313977
1.203652
1.193660
1.004396
1.188423
1.523303
1.183055
1.296439
1.212023
1.341055
1.204524
1.471375
1.238752
1.182973
1.172181
1.229240
1.131310
1.183640
0.966065
1.209450
1.249159
1.364655
1.144998
1.217170
1.176490
1.257120
1.362451
1.124292
1.332137
1.287782
1.332697
1.186547
1.331985
1.227773
1.261839
1.201699
1.344704
1.243382
1.279001
1.219029
1.242780
1.096231
1.065411
1.132784
1.253843
1.305172
1.288524
1.262653
1.143616
1.174655
1.249140
1.257604
1.206281
1.171048
1.379622
1.402821
1.217544
1.210963
1.304832
1.301833
1.206980
1.005830
1.218385
1.063797
1.082292
1.291245
1.047316
1.250771
1.202348
1.295688
1.195359
1.064961
1.105655
1.165674
1.323335
1.252564
1.302541
1.100771
1.055399
1.097120
1.199507
1.069127
1.219293
1.094182
1.092487
1.143216
1.160244
1.247869
1.013841
1.153810
1.344528
1.238177
1.311254
1.074995
1.367626
1.152155
0.981629
1.312880
1.148119
1.208832
1.086715
1.265357
1.247583
1.030870
1.177953
1.086995
1.084675
1.219462
1.085528
1.185998
1.232580
1.043347
1.145312
1.079103
1.321388
1.114694
1.055254
1.106320
1.015718
1.111590
1.102017
0.987663
1.007495
0.976887
1.049741
1.142023
0.914087
1.136689
1.180589
1.001159
1.003861
1.121587
1.103035
1.232422
1.199460
0.985918
1.156153
1.062990
1.304532
1.157589
1.132843
1.277676
1.392589
1.186423
1.365473
1.083979
1.265816
1.103274
1.176013
1.291708
1.198934
1.250086
1.162697
1.155629
1.026675
1.224274
1.127417
1.146810
1.146199
1.074426
1.089300
1.255063
1.149051
1.010013
1.348592
0.948644
1.178009
1.076691
1.092187
1.141173
1.039911
1.021263
1.141571
1.073440
1.180591
1.226739
1.203845
1.077589
1.253185
1.063638
1.060412
0.958311
1.218105
0.925575
1.297487
0.873212
0.756845
0.983671
1.105135
0.992377
1.104975
1.166760
0.954230
1.057974
1.131002
1.081779
0.991748
1.147382
0.994479
1.200026
1.159233
1.211309
1.125733
1.199523
1.112655
1.034305
1.154093
1.183537
0.974287
0.894196
1.124574
0.879408
0.950421
1.067527
0.965933
1.095919
0.952104
0.888701
0.826470
0.802198
1.148491
1.159930
1.076362
0.999474
1.198804
1.055769
1.084244
1.041555
0.904732
1.255015
1.102681
0.933465
0.965632
1.174449
1.003615
0.991084
1.188148
1.070902
1.020287
0.994232
1.026044
0.981037
1.258141
0.913443
1.019524
1.223224
1.091453
1.094789
1.051200
0.965056
1.230794
1.150436
0.996435
1.025333
1.071579
0.878621
1.144696
0.886225
0.985087
0.982147
0.907600
0.948460
1.137011
1.107704
1.031352
1.150974
0.896190
1.051178
1.074591
1.072642
1.282953
1.027062
0.971959
1.096421
1.102624
1.087527
0.989752
1.027200
0.928346
1.010653
1.036928
0.919407
0.867910
1.024651
0.976748
0.745565
1.203255
1.158335
1.092123
0.864624
0.831759
0.998562
0.999342
1.063267
0.913251
1.120028
0.981289
1.119695
0.905308
0.949355
0.746726
1.053223
0.901081
1.027430
0.819939
1.020448
0.790813
1.250817
1.128087
1.133240
0.896736
0.994226
1.025262
0.908933
0.997081
1.118240
0.901104
1.117335
1.127013
1.021570
0.978081
0.876042
1.144843
0.967744
0.980991
1.176371
0.888629
0.988489
0.975919
1.003290
0.845693
0.869975
0.810770
1.087240
1.041641
0.943333
0.963563
0.933055
1.017842
0.780227
0.850838
0.955042
1.003394
1.125075
0.964072
0.892161
0.890828
0.781773
0.864820
0.997368
1.049037
1.040560
1.054339
0.905573
1.233962
1.107711
0.887228
0.859303
0.901644
0.750729
0.888928
0.851342
0.758749
0.871666
0.779430
0.861117
0.812848
0.889215
0.935315
0.913901
1.053164
0.774859
0.888921
0.915968
0.892304
0.861735
0.884764
0.800324
0.924615
0.805455
0.636471
0.785148
0.790986
0.889036
0.854436
0.960952
0.830111
0.855985
0.825117
1.012466
0.745437
0.781099
0.914588
0.984912
0.800625
0.824151
0.838905
0.966407
0.869032
0.892444
0.793885
0.777117
0.777857
0.792008
0.837166
1.071679
0.934438
1.215272
0.906343
1.006614
0.856537
0.938077
0.697544
0.734506
0.988065
0.840149
0.822976
0.804316
0.833420
0.735802
0.896835
0.830826
1.003074
0.794042
0.893168
0.943442
0.900531
1.004598
0.834569
0.910726
0.809828
0.910183
0.970805
0.973349
0.805517
1.031404
0.845557
0.897122
0.844286
0.819804
0.870260
0.809275
1.095086
0.870459
0.886545
1.038237
0.949580
1.030665
0.792939
0.844387
0.878305
0.941174
0.840631
0.773225
0.818179
0.991779
0.929918
0.840261
0.909155
0.917961
0.961583
0.775557
0.786307
0.987504
0.717184
1.115267
0.933695
0.765014
0.925977
1.009560
0.868162
0.964005
0.849334
0.808223
0.852600
0.712030
0.825751
0.777215
0.856698
0.796369
0.908992
0.754261
0.835980
0.783078
1.084888
0.882029
0.986096
0.985477
0.709569
0.835632
0.831811
0.918017
0.937516
0.722169
0.772338
0.957726
0.669248
0.977231
0.927546
0.973829
0.884067
0.734104
0.817510
0.808318
0.825041
0.834276
1.006601
0.860893
0.861423
0.758502
0.861849
0.761329
0.842482
0.795097
0.800305
0.821772
0.752530
0.687411
0.811562
0.991592
0.869545
0.866117
0.961272
0.820560
1.072936
0.974601
0.779211
1.043165
0.887364
0.847404
0.818164
0.718812
0.780900
0.732851
0.825119
0.867099
0.649582
0.859660
0.881600
0.934126
0.867987
0.835473
0.799428
1.018135
0.825382
0.882191
0.814727
0.701803
0.823162
0.691755
0.798908
0.833524
0.793769
0.757928
0.785311
0.811028
0.723827
0.899874
0.810404
0.870624
0.780242
0.937490
0.703788
0.758238
0.770133
0.788555
0.811853
0.814978
0.744626
0.790260
0.642014
0.812541
0.851932
0.806480
0.875709
0.792806
0.765170
0.882529
0.913872
1.006587
0.794928
0.988253
0.857547
0.828877
0.795153
1.258235
0.803109
0.814896
0.747792
0.820377
0.883939
0.865297
0.721920
0.861085
0.842791
0.840163
1.003688
0.778026
0.703461
0.777921
0.775491
0.900321
0.700636
0.775943
0.690009
0.695896
0.747685
0.852015
0.804732
0.732027
0.743249
0.610914
0.812521
1.012283
0.771504
0.807608
0.696131
0.823144
0.741404
0.848126
0.781002
0.864276
0.973139
0.582584
0.707936
0.868814
0.839781
0.661034
0.722792
0.852508
0.699494
0.649039
0.895312
0.877971
0.731143
0.817448
0.986443
0.948012
0.709710
0.732663
0.693447
0.716220
0.844179
0.775447
0.739924
0.926591
0.766147
0.794550
0.726787
1.002316
0.684239
0.849162
0.593967
0.957538
0.712518
0.811666
0.950474
0.826310
0.810359
0.750800
0.759648
0.929225
0.709857
0.816580
0.797784
0.886815
0.708091
0.721428
0.928599
1.023058
0.823274
0.685889
0.873600
0.800030
0.774623
0.753916
0.795716
0.821304
0.714166
0.672935
0.763991
0.844709
0.822210
0.761143
0.672203
0.782929
0.580685
0.713546
0.803401
0.720100
0.780347
0.683419
0.750342
0.626892
0.887185
0.936231
0.722060
0.805874
1.019737
0.682005
0.754367
0.826852
0.744132
0.789890
0.730041
0.885574
0.697768
0.851280
0.854280
0.842288
0.829069
0.737820
0.799663
0.714841
0.873486
0.655829
0.711655
1.040261
0.595197
0.789304
0.997580
0.842156
0.710879
0.725629
0.756185
0.798907
0.775668
0.760971
0.758262
0.855138
0.825264
0.701935
0.862997
0.736719
0.721972
0.723040
0.680123
0.910335
0.737135
0.941052
0.744572
0.658310
0.702515
0.832913
0.778922
0.613515
0.865050
0.901766
0.786834
0.824695
0.546306
0.503630
0.573844
0.750430
0.706633
0.679150
0.744360
0.682208
0.631166
0.650925
0.575369
0.591735
0.669646
0.495237
0.507245
0.656025
0.614331
0.639371
0.774821
0.733253
0.667663
0.553632
0.569378
0.780270
0.839470
0.784876
0.574808
0.732827
0.572759
0.717117
0.560050
0.561915
0.639972
0.733631
0.733191
0.678385
0.797400
0.628879
0.573480
0.792994
0.685170
0.806134
0.743480
0.717794
0.762112
0.646082
0.606886
0.731418
0.667147
0.640509
0.559378
0.571371
0.482195
0.727811
0.641597
0.623459
0.548165
0.731631
0.647331
0.637961
0.769173
0.818646
0.597609
0.663692
0.796565
0.472543
0.685875
0.880556
0.648089
0.759526
0.519221
0.590298
0.706731
0.689068
0.603298
0.591816
0.612843
0.698316
0.472712
0.665701
0.407670
0.538410
0.577843
0.692188
0.656727
0.658733
0.737211
0.556737
0.741512
0.739917
0.818267
0.726825
0.805513
0.618743
0.756494
0.707573
0.603154
0.813572
0.662664
0.751905
0.703535
0.614412
0.748198
0.689061
0.585578
0.766213
0.588419
0.608666
0.816896
0.733635
0.718464
0.679201
0.628352
0.616465
0.774670
0.701515
0.677422
0.779344
0.605698
0.655857
0.694565
0.701697
0.555931
0.568389
0.642147
0.819782
0.691550
0.757743
0.638338
0.599627
0.668199
0.660938
0.656076
0.645618
0.752521
0.579855
0.542537
0.700010
0.653245
0.813097
0.546760
0.570584
0.594138
0.781072
0.617667
0.596248
0.715086
0.687510
0.621294
0.645327
0.725764
0.804613
0.556774
0.766182
0.533833
0.601944
0.653360
0.510337
0.625156
0.636861
0.671877
0.728430
0.648457
0.652322
0.538769
0.635742
0.574763
0.772627
0.569732
0.472134
0.522874
0.475665
0.515828
0.731408
0.465793
0.760249
0.683939
0.519381
0.772381
0.675485
0.583087
0.597053
0.693501
0.670988
0.803688
0.705753
0.603763
0.751319
0.521719
0.597893
0.762977
0.518178
0.569962
0.542568
0.762220
0.658098
0.829056
0.770756
0.704283
0.727770
0.768726
0.638946
0.804886
0.677719
0.622837
0.663122
0.529037
0.576613
0.492920
0.612770
0.727468
0.673666
0.707036
0.597867
0.759147
0.519612
0.734134
0.670631
0.518429
0.628226
0.689824
0.576423
0.567311
0.574726
0.719218
0.602587
0.724919
0.783997
0.643663
0.672409
0.809537
0.615099
0.480175
0.572412
0.497046
0.564768
0.597282
0.661044
0.770965
0.595892
0.704026
0.633811
0.758004
0.724497
0.791964
0.689550
0.771611
0.658486
0.764220
0.575410
0.508044
0.766002
0.439322
0.602851
0.732115
0.679341
0.434668
0.557688
0.533224
0.590852
0.642921
0.697461
0.491187
0.558493
0.758626
0.688363
0.821494
0.934636
0.543559
0.574336
0.631386
0.729068
0.731378
0.651047
0.639238
0.743525
0.508505
0.746235
0.576509
0.603674
0.718960
0.649772
0.690106
0.648110
0.527694
0.593986
0.743158
0.705353
0.538310
0.644933
0.669752
0.668409
0.652738
0.717172
0.646678
0.598619
0.596624
0.429805
0.644959
0.510502
0.628613
0.691810
0.543259
0.588048
0.690809
0.641023
0.709243
0.657320
0.602132
0.774259
0.719706
0.689305
0.736393
0.850277
0.718434
0.492387
0.759136
0.639375
0.754013
0.630311
0.646066
0.588619
0.849867
0.765460
0.572952
0.605223
0.716424
0.672147
0.627930
0.563743
0.820900
0.655868
0.754934
0.585218
0.793863
0.556697
0.817804
0.675576
0.741818
0.753303
0.717526
0.588591
0.578972
0.470717
0.532739
0.614303
0.663920
0.837669
0.694430
0.473576
0.619066
0.781028
0.506377
0.635752
0.516543
0.621899
0.708364
0.618699
0.637689
0.746519
0.728364
0.797444
0.522017
0.610419
0.575267
0.496033
0.750251
0.517010
0.844664
0.531713
0.623399
0.575423
0.569260
0.619720
0.707867
0.654049
0.903998
0.744386
0.655852
0.752825
0.646217
0.706928
0.642090
0.771882
0.708386
0.723883
0.650476
0.701233
0.434023
0.665581
0.582648
0.634264
0.670954
0.694877
0.645016
0.475376
0.495971
0.496455
0.577558
0.544839
0.487308
0.524624
0.458759
0.491466
0.508747
0.486227
0.427281
0.471123
0.370511
0.451690
0.451920
0.564496
0.372839
0.605693
0.447698
0.450022
0.575024
0.413810
0.628263
0.483777
0.457248
0.550911
0.495778
0.520867
0.654163
0.621287
0.491510
0.435724
0.434330
0.470361
0.813173
0.510028
0.454665
0.402158
0.500560
0.519876
0.531649
0.454292
0.344684
0.693955
0.553019
0.487171
0.560794
0.447778
0.579063
0.557647
0.446674
0.424060
0.386504
0.474718
0.555179
0.389020
0.625743
0.422480
0.495134
0.455999
0.589665
0.641427
0.455382
0.289299
0.540388
0.429737
0.478114
0.671036
0.531848
0.497411
0.449209
0.553490
0.462569
0.584814
0.374114
0.333295
0.397989
0.663834
0.457554
0.541304
0.569284
0.538869
0.484897
0.443607
0.415814
0.558049
0.481293
0.593397
0.619080
0.705112
0.423103
0.402944
0.473636
0.557138
0.517274
0.522634
0.505173
0.430499
0.573953
0.565121
0.525281
0.541634
0.555978
0.389192
0.515409
0.349129
0.501950
0.523528
0.629354
0.385157
0.460812
0.584378
0.388944
0.403678
0.553824
0.504421
0.431933
0.547964
0.488820
0.410948
0.478751
0.602197
0.558629
0.514524
0.503041
0.620397
0.425417
0.409768
0.579980
0.577347
0.509294
0.562384
0.598824
0.424017
0.455122
0.485199
0.666937
0.608048
0.413355
0.377116
0.489538
0.584417
0.392139
0.543801
0.520689
0.573194
0.408877
0.598029
0.616494
0.650993
0.366960
0.480969
0.497501
0.456756
0.415498
0.572396
0.568544
0.396899
0.580839
0.637128
0.587465
0.588026
0.514934
0.592004
0.622231
0.413554
0.544626
0.529272
0.546203
0.617179
0.556168
0.589222
0.507774
0.564288
0.619596
0.496201
0.473446
0.530501
0.468418
0.510917
0.353738
0.519066
0.487098
0.441838
0.444307
0.433245
0.417830
0.544492
0.550520
0.588645
0.414249
0.451976
0.404683
0.615983
0.492163
0.530593
0.493061
0.549557
0.585772
0.393977
0.598919
0.485133
0.494734
0.638166
0.527054
0.505486
0.501941
0.514370
0.463415
0.507350
0.601651
0.626476
0.494366
0.558912
0.487837
0.388951
0.462323
0.473296
0.580581
0.384911
0.520516
0.472461
0.394944
0.505845
0.503230
0.539510
0.501528
0.481999
0.506244
0.418047
0.438356
0.546649
0.508754
0.525539
0.424934
0.606869
0.518135
0.562885
0.650716
0.485374
0.528703
0.593364
0.507892
0.445139
0.557985
0.600893
0.588555
0.603888
0.458590
0.523876
0.669120
0.434010
0.533117
0.424654
0.635095
0.407297
0.505623
0.536761
0.456867
0.621845
0.623146
0.575162
0.608693
0.364354
0.538629
0.444377
0.428651
0.552285
0.438018
0.538150
0.604927
0.630452
0.445719
0.920182
0.571751
0.523491
0.578206
0.442955
0.459919
0.459204
0.446741
0.447399
0.542272
0.424073
0.443129
0.616970
0.470517
0.539040
0.554190
0.567481
0.421005
0.477155
0.446093
0.455492
0.474979
0.646407
0.420147
0.404633
0.577995
0.363764
0.460211
0.500360
0.426205
0.496812
0.449002
0.613788
0.500532
0.609456
0.477184
0.505786
0.582255
0.443123
0.375571
0.602925
0.710709
0.506488
0.571371
0.532494
0.501075
0.519732
0.537169
0.498971
0.622579
0.492240
0.519412
0.593574
0.568601
0.502393
0.681898
0.514071
0.486493
0.499994
0.570368
0.530960
0.435844
0.510132
0.680732
0.561448
0.629343
0.592624
0.498034
0.494353
0.555472
0.611452
0.510828
0.578743
0.465509
0.552465
0.355165
0.362569
0.524466
0.368584
0.513513
0.613498
0.514728
0.534625
0.616263
0.537889
0.498729
0.538682
0.501022
0.527358
0.533007
0.483912
0.634715
0.648952
0.474047
0.425935
0.595726
0.709410
0.707860
0.548203
0.520561
0.475280
0.620336
0.564814
0.494581
0.578028
0.386201
0.593285
0.570946
0.516210
0.376842
0.465366
0.471609
0.705778
0.285535
0.417409
0.465356
0.333304
0.367584
0.350282
0.443590
0.429294
0.421880
0.314833
0.273224
0.397395
0.252364
0.356386
0.344374
0.432524
0.243383
0.235791
0.250460
0.349285
0.230092
0.227915
0.374379
0.425584
0.301918
0.364079
0.405768
0.304129
0.351608
0.437935
0.398738
0.335559
0.436379
0.358556
0.325046
0.544863
0.245658
0.391789
0.447822
0.404322
0.225709
0.378618
0.297203
0.286784
0.315876
0.421290
0.520982
0.394669
0.376011
0.446039
0.339343
0.364277
0.455718
0.366627
0.492130
0.252887
0.296825
0.247787
0.449706
0.369739
0.369836
0.292180
0.371820
0.440382
0.420244
0.456134
0.523657
0.350434
0.361583
0.377240
0.376127
0.370262
0.467485
0.225902
0.439490
0.332300
0.383157
0.255590
0.282025
0.350236
0.393419
0.243583
0.334359
0.468670
0.354995
0.412580
0.317092
0.450941
0.284704
0.297921
0.316100
0.354851
0.416886
0.493358
0.469107
0.377188
0.334154
0.248231
0.447795
0.312539
0.380536
0.291687
0.276191
0.483770
0.427355
0.284534
0.353122
0.355885
0.303018
0.303100
0.504581
0.389790
0.349141
0.344486
0.456768
0.428713
0.301566
0.332652
0.331051
0.345867
0.264281
0.318555
0.321016
0.351987
0.296642
0.413107
0.412373
0.361403
0.475575
0.391507
0.427081
0.428788
0.303035
0.322914
0.306439
0.437423
0.394130
0.388507
0.494909
0.327654
0.306621
0.377808
0.330220
0.380448
0.458618
0.383870
0.289361
0.448582
0.381626
0.380365
0.363658
0.416521
0.431220
0.313122
0.331937
0.290915
0.335839
0.361243
0.423046
0.400788
0.407747
0.322883
0.446516
0.420967
0.315925
0.383524
0.378698
0.550293
0.314972
0.378122
0.457791
0.418602
0.341825
0.444684
0.274167
0.386431
0.397079
0.343857
0.402250
0.322992
0.407116
0.368941
0.320504
0.322131
0.460314
0.345263
0.379485
0.309678
0.365320
0.467215
0.486462
0.207673
0.410585
0.337338
0.391723
0.341128
0.512073
0.286502
0.322802
0.560849
0.393967
0.584221
0.425448
0.448451
0.605579
0.343941
0.435395
0.396542
0.354875
0.627917
0.336475
0.333873
0.351470
0.578157
0.495955
0.437968
0.502025
0.440666
0.262940
0.258299
0.380548
0.317208
0.422298
0.440663
0.426422
0.424967
0.326837
0.391702
0.401766
0.372970
0.308281
0.492957
0.525482
0.306275
0.267939
0.322816
0.370280
0.467553
0.272542
0.326212
0.498948
0.487756
0.259488
0.368901
0.426233
0.273438
0.484342
0.393089
0.425534
0.264847
0.420414
0.434992
0.435733
0.313643
0.481050
0.422945
0.443490
0.327732
0.383178
0.322599
0.354606
0.371372
0.324197
0.486525
0.336439
0.342474
0.405146
0.329916
0.266806
0.394672
0.362495
0.439953
0.286487
0.463339
0.357098
0.498285
0.331894
0.465112
0.419746
0.383719
0.317875
0.405348
0.379443
0.424978
0.517699
0.383980
0.428315
0.542274
0.255929
0.437119
0.400073
0.464230
0.597064
0.380031
0.455398
0.362398
0.410142
0.406928
0.339915
0.409403
0.372049
0.356628
0.359368
0.338219
0.361359
0.350345
0.396769
0.486528
0.321410
0.438411
0.372765
0.499756
0.276824
0.528207
0.488809
0.521460
0.503294
0.353163
0.582170
0.413238
0.524324
0.553684
0.505393
0.354455
0.497598
0.386038
0.329068
0.265710
0.291335
0.461438
0.413484
0.390109
0.401038
0.412179
0.562275
0.508614
0.326949
0.352471
0.498843
0.351670
0.492187
0.396577
0.505439
0.379041
0.490644
0.467579
0.453404
0.370837
0.439720
0.483469
0.294632
0.522009
0.413828
0.427833
0.496913
0.543513
0.563099
0.497534
0.391104
0.577350
0.355745
0.444103
0.409926
0.476696
0.327531
0.469824
0.552738
0.435154
0.647451
0.333339
0.387383
0.374233
0.386683
0.255851
0.332805
0.388660
0.453794
0.400186
0.415901
0.443386
0.281075
0.296005
0.364521
0.449545
0.443732
0.299778
0.342091
0.249652
0.360905
0.489713
0.484047
0.361215
0.296563
0.253744
0.204859
0.337652
0.434444
0.240231
0.224772
0.144660
0.278950
0.225274
0.278933
0.337183
0.316586
0.322931
0.223536
0.306803
0.223471
0.197261
0.159982
0.264962
0.137341
0.592787
0.147276
0.350093
0.224086
0.257923
0.183477
0.271677
0.382665
0.147703
0.188759
0.271633
0.312059
0.169527
0.182508
0.243571
0.322995
0.194682
0.237805
0.259057
0.332795
0.174143
0.127234
0.243457
0.339483
0.258225
0.290460
0.238886
0.213806
0.258422
0.252779
0.225149
0.255971
0.348437
0.331020
0.255592
0.244489
0.226648
0.327917
0.208844
0.221217
0.198137
0.264215
0.302526
0.385555
0.255967
0.206374
0.245867
0.305050
0.258555
0.263223
0.281156
0.267051
0.251380
0.284158
0.314747
0.210006
0.261877
0.315713
0.311493
0.364295
0.415398
0.283835
0.467028
0.323170
0.229438
0.328016
0.355359
0.233665
0.338522
0.191963
0.274758
0.246463
0.196280
0.313353
0.222483
0.286879
0.222066
0.276369
0.174597
0.152805
0.235092
0.166912
0.270691
0.327770
0.264964
0.429093
0.355928
0.322943
0.321530
0.313024
0.427440
0.228322
0.169999
0.243042
0.258263
0.320660
0.297714
0.247937
0.349524
0.268985
0.369516
0.307046
0.287320
0.250412
0.226929
0.331542
0.176066
0.260130
0.235783
0.217034
0.432673
0.184698
0.308720
0.261233
0.359070
0.435805
0.238974
0.228907
0.369875
0.309307
0.238990
0.315822
0.337776
0.306242
0.173919
0.281833
0.307830
0.445441
0.383303
0.341479
0.203140
0.206734
0.338736
0.288227
0.201507
0.216722
0.214963
0.238374
0.287083
0.210518
0.284034
0.314776
0.382118
0.319491
0.205548
0.219297
0.478295
0.315531
0.257810
0.212560
0.291201
0.344462
0.332781
0.278317
0.309573
0.263522
0.348915
0.329458
0.333125
0.271711
0.204643
0.164299
0.199521
0.372215
0.231462
0.306217
0.351902
0.175148
0.230588
0.337835
0.246285
0.321565
0.199907
0.306098
0.484243
0.316554
0.374388
0.362975
0.271046
0.389212
0.386856
0.210072
0.229993
0.269988
0.401240
0.226598
0.240147
0.305856
0.255452
0.238980
0.324353
0.242911
0.300210
0.251359
0.218960
0.175092
0.306851
0.164371
0.327845
0.283633
0.222168
0.364637
0.289247
0.386710
0.284861
0.322934
0.252797
0.269707
0.503344
0.314604
0.309773
0.293182
0.331887
0.363002
0.332616
0.375421
0.194766
0.257974
0.323805
0.425879
0.147926
0.243686
0.339905
0.246996
0.178569
0.295470
0.316644
0.373012
0.280576
0.344759
0.357119
0.385314
0.370594
0.404501
0.319854
0.342016
0.249861
0.354144
0.324999
0.245144
0.108555
0.390190
0.302074
0.254203
0.228349
0.384630
0.320655
0.293194
0.195379
0.380280
0.190413
0.247257
0.417778
0.361224
0.207677
0.402063
0.257464
0.269817
0.262066
0.345277
0.214782
0.174527
0.342871
0.390991
0.384040
0.277245
0.449392
0.399235
0.293726
0.252285
0.420514
0.350787
0.290916
0.316662
0.271437
0.386742
0.351010
0.481165
0.279524
0.363245
0.236405
0.228497
0.216224
0.286218
0.248347
0.221388
0.302060
0.356423
0.409829
0.182632
0.203320
0.214704
0.288909
0.221313
0.303384
0.413476
0.250333
0.266584
0.286904
0.159234
0.359587
0.168006
0.315609
0.268755
0.312458
0.249760
0.226922
0.205296
0.415461
0.341968
0.302122
0.242611
0.415353
0.405053
0.256810
0.301509
0.282930
0.182475
0.275792
0.382989
0.274840
0.283510
0.452458
0.308452
0.239133
0.342673
0.376370
0.323512
0.311296
0.350460
0.316426
0.344762
0.314255
0.288921
0.411717
0.254108
0.381096
0.308256
0.327070
0.418374
0.324558
0.278122
0.420567
0.269002
0.350067
0.429964
0.339498
0.396639
0.355163
0.315405
0.243083
0.279703
0.322553
0.413401
0.380232
0.376037
0.412077
0.296858
0.396318
0.413030
0.316409
0.362145
0.339004
0.309030
0.391358
0.441101
0.397849
0.542303
0.297295
0.238757
0.218940
0.284433
0.319751
0.259354
0.118405
0.269308
0.163237
0.273192
0.139639
0.144258
0.136634
0.168347
0.191484
0.185739
0.233627
0.161466
0.169612
0.123923
0.222070
0.108624
0.118168
0.102769
0.150743
0.392356
0.205836
0.109747
0.204205
0.201256
0.125603
0.173812
0.158602
0.174328
0.400829
0.127917
0.119575
0.245101
0.181651
0.154272
0.181460
0.217138
0.328276
0.274305
0.111451
0.163305
0.372211
0.198092
0.339256
0.324489
0.308925
0.249001
0.204831
0.282253
0.287689
0.232340
0.138331
0.142107
0.213747
0.182620
0.202706
0.072226
0.332749
0.179250
0.230907
0.113755
0.219068
0.251346
0.141461
0.122326
0.280900
0.252261
0.202053
0.211847
0.126776
0.242736
0.357591
0.192869
0.131157
0.241994
0.231949
0.230176
0.216248
0.240119
0.158411
0.238449
0.169494
0.135901
0.145626
0.088592
0.302524
0.177424
0.170904
0.146313
0.259720
0.195740
0.112851
0.165192
0.209940
0.188470
0.212595
0.191067
0.269611
0.256542
0.346441
0.159641
0.322676
0.120301
0.148962
0.148971
0.202733
0.271466
0.384698
0.161026
0.180964
0.324187
0.302923
0.270357
0.206299
0.155790
0.330050
0.349941
0.157941
0.235839
0.197018
0.184505
0.298145
0.198426
0.263295
0.126943
0.230190
0.231450
0.150962
0.192166
0.299570
0.314670
0.195874
0.248607
0.289334
0.267694
0.084530
0.216753
0.148088
0.161772
0.153893
0.259107
0.402675
0.214316
0.207530
0.221388
0.185884
0.149967
0.153966
0.162411
0.234004
0.320051
0.173809
0.191811
0.170708
0.180246
0.148346
0.157170
0.215065
0.272679
0.223863
0.227865
0.277146
0.262828
0.206512
0.131735
0.145099
0.209836
0.332256
0.383311
0.163169
0.138900
0.109130
0.183782
0.190975
0.232484
0.168694
0.229687
0.169554
0.188518
0.125116
0.155289
0.184335
0.273076
0.205579
0.161484
0.200954
0.138355
0.344158
0.251246
0.138678
0.253389
0.227438
0.268604
0.285782
0.140994
0.152744
0.141028
0.247410
0.177684
0.199508
0.160016
0.229885
0.290316
0.228992
0.262599
0.245668
0.142059
0.183959
0.236643
0.174741
0.127051
0.231213
0.145382
0.172457
0.246819
0.222896
0.103274
0.190045
0.193988
0.208572
0.164422
0.227426
0.148406
0.136881
0.193591
0.213899
0.235543
0.162195
0.135407
0.371550
0.199600
0.162523
0.131765
0.238288
0.316424
0.157936
0.194762
0.195223
0.159738
0.186640
0.313494
0.123647
0.244075
0.326285
0.207019
0.391328
0.219265
0.185199
0.244378
0.182692
0.141838
0.170609
0.208634
0.310139
0.250092
0.268789
0.250289
0.325044
0.304982
0.227609
0.243887
0.454184
0.216539
0.183431
0.299497
0.267058
0.320526
0.282556
0.405251
0.348062
0.408664
0.294395
0.166969
0.242266
0.232098
0.263850
0.219050
0.400578
0.294336
0.280001
0.170781
0.233632
0.270682
0.205912
0.316453
0.305203
0.203266
0.143601
0.229690
0.240631
0.214386
0.313481
0.165200
0.226188
0.262095
0.170404
0.253033
0.303920
0.215578
0.235203
0.271109
0.193369
0.209411
0.226005
0.171864
0.322226
0.108236
0.191448
0.136716
0.173330
0.360694
0.345998
0.145648
0.256348
0.137564
0.206538
0.238826
0.233398
0.241001
0.256479
0.263921
0.266449
0.236801
0.305363
0.159610
0.190404
0.232950
0.283274
0.293819
0.237966
0.232350
0.249929
0.386668
0.214596
0.416465
0.272443
0.248184
0.242565
0.279752
0.264196
0.332182
0.268610
0.330980
0.183717
0.244831
0.281092
0.308366
0.288615
0.313684
0.310163
0.214216
0.382980
0.177638
0.153811
0.229489
0.209162
0.151444
0.165484
0.241588
0.251777
0.150193
0.220137
0.322579
0.164849
0.292127
0.265580
0.266610
0.168771
0.179559
0.250646
0.215322
0.208266
0.154337
0.162563
0.313408
0.318584
0.242597
0.263140
0.178168
0.342661
0.223682
0.169270
0.310508
0.285103
0.168217
0.187359
0.266366
0.108371
0.260696
0.189077
0.170973
0.196318
0.139813
0.231275
0.095620
0.174962
0.122241
0.105187
0.081610
0.081087
0.185707
0.099736
0.041615
0.177742
0.221048
0.063561
0.108014
0.147898
0.080889
0.100022
0.104253
0.154595
0.077033
0.115879
0.097512
0.126329
0.137573
0.164282
0.134495
0.110579
0.062313
0.107009
0.122521
0.138163
0.191026
0.093205
0.093074
0.111226
0.149290
0.118720
0.105158
0.126737
0.163468
0.136569
0.184945
0.117967
0.121586
0.069761
0.173333
0.063668
0.143009
0.191656
0.246180
0.104959
0.131077
0.176385
0.106982
0.056167
0.113047
0.155715
0.090259
0.188472
0.258561
0.105210
0.044977
0.102925
0.096388
0.089805
0.065651
0.083810
0.105883
0.157751
0.083185
0.154930
0.082035
0.100172
0.185118
0.159155
0.081867
0.111907
0.147935
0.155678
0.165809
0.185035
0.198688
0.141768
0.161256
0.077576
0.150658
0.160414
0.115664
0.161183
0.130696
0.074467
0.122953
0.111952
0.107922
0.157657
0.169029
0.199692
0.143233
0.143118
0.098589
0.181986
0.185007
0.103714
0.120780
0.159123
0.167423
0.217037
0.083556
0.238349
0.135890
0.225675
0.110912
0.140261
0.095804
0.165636
0.206910
0.103310
0.049483
0.128782
0.186626
0.247612
0.128345
0.227239
0.294417
0.130267
0.078833
0.088496
0.183799
0.092269
0.203244
0.073646
0.224377
0.174435
0.122467
0.101070
0.196504
0.127588
0.121015
0.161314
0.165814
0.116855
0.257650
0.110583
0.128193
0.119034
0.112944
0.097196
0.152786
0.086023
0.249584
0.242515
0.201915
0.136624
0.126141
0.198419
0.120276
0.205359
0.190231
0.150245
0.133082
0.263790
0.142669
0.144636
0.175969
0.111657
0.098634
0.065249
0.147493
0.196797
0.122996
0.096939
0.223904
0.140173
0.102025
0.173809
0.102267
0.291192
0.144044
0.191077
0.151406
0.341309
0.218652
0.132804
0.145023
0.126149
0.236772
0.208952
0.152584
0.260482
0.131794
0.172961
0.211581
0.231623
0.253034
0.102841
0.183799
0.135788
0.124027
0.184991
0.114077
0.128092
0.156255
0.136399
0.162721
0.146946
0.355025
0.141017
0.129103
0.129942
0.208400
0.165058
0.128041
0.120024
0.075654
0.164614
0.115781
0.080804
0.121697
0.168245
0.162030
0.167333
0.191246
0.114711
0.147981
0.106493
0.149026
0.128745
0.152740
0.195327
0.137267
0.133580
0.149475
0.118154
0.107942
0.137496
0.120348
0.365912
0.127594
0.211393
0.211149
0.274924
0.136394
0.205649
0.177345
0.143221
0.107478
0.242452
0.104524
0.261486
0.184038
0.172157
0.354374
0.192306
0.218083
0.256043
0.328704
0.218450
0.118992
0.173478
0.265756
0.162995
0.229020
0.198572
0.167480
0.098979
0.186188
0.132933
0.157188
0.129173
0.083842
0.160340
0.158677
0.215744
0.233310
0.225413
0.211068
0.211139
0.187616
0.175012
0.198066
0.101513
0.197497
0.154928
0.143850
0.159239
0.231991
0.131035
0.288897
0.176813
0.134691
0.143943
0.268560
0.101488
0.161354
0.144393
0.194448
0.149380
0.288581
0.207444
0.126111
0.129245
0.205898
0.249475
0.164599
0.312654
0.143021
0.129994
0.101486
0.175228
0.205972
0.191096
0.172394
0.216042
0.284697
0.143818
0.196862
0.176410
0.148492
0.132037
0.211023
0.226098
0.137119
0.205579
0.234931
0.175171
0.136936
0.128396
0.110713
0.260449
0.238873
0.098559
0.206368
0.231712
0.318847
0.122836
0.277167
0.174963
0.169407
0.145027
0.126858
0.344387
0.100125
0.159125
0.102807
0.169777
0.248078
0.157459
0.150238
0.209208
0.209192
0.158696
0.218487
0.168241
0.180128
0.142532
0.217827
0.100101
0.207530
0.149137
0.204500
0.196354
0.181142
0.242766
0.077377
0.199970
0.126705
0.199641
0.166179
0.246864
0.232877
0.178494
0.165484
0.179781
0.306150
0.194864
0.250122
0.113656
0.162651
0.211676
0.221109
0.156213
0.189894
0.143121
0.187240
0.118182
0.097539
0.101532
0.166522
0.073170
0.099122
0.081856
0.156903
0.105191
0.075288
0.155081
0.115102
0.067000
0.159737
0.060024
0.065445
0.147316
0.079834
0.116272
0.215245
0.106820
0.111669
0.190030
0.113943
0.154861
0.108299
0.093273
0.153372
0.122460
0.054887
0.112422
0.103480
0.112071
0.040913
0.151043
0.074804
0.102086
0.112127
0.111194
0.074144
0.083460
0.135148
0.248418
0.039344
0.150301
0.128523
0.062975
0.085082
0.129391
0.138770
0.205642
0.156751
0.210435
0.041707
0.170564
0.118073
0.073780
0.087554
0.139445
0.124280
0.108588
0.054625
0.062858
0.091148
0.045224
0.115688
0.060849
0.129814
0.056683
0.083402
0.045656
0.058181
0.182978
0.128221
0.090366
0.105343
0.090687
0.146797
0.050854
0.109144
0.158897
0.176784
0.119109
0.095365
0.065667
0.163126
0.167009
0.099107
0.119290
0.129505
0.101353
0.042374
0.135867
0.173617
0.129572
0.097101
0.111032
0.078767
0.122851
0.144374
0.140458
0.104938
0.151832
0.056897
0.106216
0.098034
0.056456
0.088593
0.089595
0.114362
0.063974
0.119037
0.087354
0.102970
0.052789
0.062438
0.132157
0.066341
0.135356
0.086520
0.137618
0.197415
0.084102
0.105531
0.092778
0.140603
0.147290
0.089004
0.029875
0.111263
0.089078
0.067923
0.105564
0.082259
0.073822
0.095818
0.094718
0.086060
0.104532
0.061820
0.054485
0.073982
0.101439
0.127855
0.073262
0.038974
0.060506
0.058516
0.091521
0.108869
0.076430
0.117924
0.111448
0.138551
0.072813
0.054145
0.138138
0.088631
0.132461
0.181488
0.214366
0.136088
0.110384
0.044150
0.052440
0.142244
0.231662
0.087570
0.159780
0.121350
0.127441
0.155335
0.186208
0.166565
0.086008
0.184307
0.138131
0.228795
0.063148
0.162312
0.088830
0.177016
0.167846
0.140879
0.107309
0.050338
0.121932
0.217751
0.104899
0.111488
0.120527
0.200233
0.158561
0.070926
0.106381
0.059138
0.167792
0.192851
0.163740
0.085448
0.038276
0.096694
0.102556
0.113129
0.165624
0.109283
0.140147
0.123881
0.146712
0.112798
0.102788
0.252665
0.081912
0.090110
0.028350
0.123610
0.076483
0.101102
0.118044
0.116706
0.083042
0.146414
0.170128
0.118575
0.102328
0.105975
0.090889
0.089286
0.111468
0.144310
0.103939
0.210874
0.180847
0.051928
0.142439
0.136163
0.204354
0.097670
0.211226
0.106863
0.102097
0.070906
0.144177
0.124491
0.073437
0.121213
0.092456
0.137541
0.087069
0.127964
0.069852
0.085180
0.148393
0.103448
0.167881
0.124984
0.141089
0.202474
0.132897
0.110675
0.101981
0.165892
0.170116
0.128684
0.078235
0.121117
0.098802
0.127072
0.174970
0.097708
0.108619
0.112930
0.090246
0.085220
0.098334
0.127598
0.082637
0.122612
0.114380
0.069904
0.047663
0.160400
0.076339
0.095001
0.216613
0.034388
0.297115
0.066326
0.105336
0.158467
0.080045
0.093417
0.141290
0.063214
0.198509
0.191593
0.091805
0.140026
0.088545
0.079393
0.217402
0.169029
0.131552
0.144856
0.172598
0.100519
0.072783
0.109699
0.111675
0.075657
0.129141
0.109163
0.232474
0.157846
0.143251
0.068576
0.142295
0.141613
0.169626
0.189961
0.068419
0.191420
0.217294
0.179982
0.113465
0.195375
0.143659
0.145092
0.130987
0.200337
0.183438
0.157381
0.135495
0.122459
0.236004
0.068712
0.103507
0.165607
0.126393
0.174949
0.147188
0.114016
0.133132
0.111297
0.087342
0.147291
0.112835
0.121056
0.131728
0.133952
0.324078
0.095061
0.169596
0.127495
0.121017
0.171952
0.166040
0.028000
0.180400
0.128592
0.108098
0.220833
0.110817
0.171411
0.073515
0.160376
0.155663
0.122530
0.118462
0.153007
0.068717
0.177777
0.118395
0.130585
0.119539
0.154118
0.197186
0.062802
0.124009
0.143502
0.071201
0.129610
0.094553
0.165352
0.124520
0.117929
0.050410
0.079432
0.154697
0.171536
0.134339
0.187996
0.181400
0.111893
0.111312
0.151002
0.104923
0.076076
0.048057
0.029536
0.066765
0.068395
0.102159
0.091408
0.121431
0.063354
0.038012
0.069914
0.079544
0.082702
0.109484
0.087709
0.084893
0.160699
0.103540
0.112146
0.046122
0.095309
0.104742
0.193857
0.096379
0.234246
0.058390
0.041572
0.245354
0.090778
0.041356
0.273870
0.053388
0.079542
0.077209
0.137831
0.079897
0.087530
0.062367
0.060143
0.100693
0.038856
0.118886
0.061180
0.116435
0.058163
0.072250
0.054243
0.063002
0.088904
0.101128
0.109345
0.093876
0.041090
0.080448
0.033609
0.023107
0.041656
0.115999
0.060497
0.035754
0.083504
0.084337
0.093590
0.060498
0.086425
0.151214
0.183063
0.096599
0.043198
0.123314
0.074103
0.107402
0.108972
0.063615
0.107350
0.098629
0.069921
0.218702
0.114075
0.070351
0.071585
0.059313
0.173093
0.136687
0.081632
0.124168
0.099412
0.148479
0.085618
0.094979
0.133386
0.069907
0.053774
0.139765
0.135121
0.100940
0.114813
0.088342
0.095092
0.068475
0.058738
0.062764
0.030998
0.197222
0.119681
0.134065
0.042121
0.214671
0.132346
0.089854
0.103547
0.072513
0.064027
0.139571
0.020189
0.111769
0.100845
0.145844
0.179724
0.083484
0.169263
0.119944
0.136475
0.178635
0.104525
0.099454
0.092237
0.133443
0.095170
0.080320
0.113535
0.088841
0.088043
0.050739
0.126756
0.054289
0.121593
0.097597
0.177507
0.126182
0.079654
0.109251
0.072196
0.108534
0.080002
0.144705
0.068576
0.035558
0.091602
0.144452
0.149969
0.079320
0.046311
0.054799
0.059728
0.082237
0.142885
0.092438
0.124110
0.113297
0.066831
0.144977
0.105825
0.034016
0.106951
0.053458
0.042609
0.094435
0.042895
0.041353
0.129390
0.199239
0.174488
0.092722
0.095605
0.190017
0.119831
0.190928
0.146458
0.064876
0.092415
0.062092
0.151899
0.067056
0.078898
0.149149
0.116988
0.108603
0.095599
0.124680
0.179426
0.077275
0.158369
0.128444
0.129618
0.122105
0.058903
0.350474
0.147521
0.097051
0.102645
0.232818
0.085869
0.111446
0.116075
0.092326
0.142581
0.163521
0.178472
0.154714
0.187063
0.127042
0.134427
0.070041
0.113029
0.206647
0.125052
0.183054
0.069591
0.080421
0.111551
0.065031
0.111754
0.189483
0.074062
0.069367
0.178379
0.129918
0.145313
0.040819
0.152388
0.125630
0.127347
0.095335
0.105519
0.104528
0.229915
0.062055
0.088634
0.100067
0.075026
0.125742
0.174703
0.081887
0.094599
0.155115
0.122140
0.081000
0.079984
0.082293
0.079378
0.096406
0.131073
0.139956
0.175396
0.064866
0.193986
0.200589
0.152366
0.073914
0.102579
0.090740
0.075723
0.126991
0.154965
0.086460
0.104758
0.081285
0.193497
0.194344
0.152420
0.162839
0.094272
0.101780
0.157830
0.046853
0.147946
0.105869
0.242678
0.163357
0.123399
0.087951
0.244069
0.025642
0.076857
0.086680
0.113921
0.132261
0.075460
0.107967
0.138816
0.114052
0.136484
0.071913
0.058720
0.111616
0.073597
0.073528
0.060868
0.150796
0.070041
0.091921
0.086433
0.115589
0.179166
0.091897
0.160066
0.255917
0.143256
0.067589
0.100502
0.180047
0.097302
0.064090
0.131685
0.101416
0.165210
0.124686
0.093412
0.091266
0.086944
0.054255
0.075188
0.140311
0.031559
0.047654
0.104830
0.156675
0.115845
0.114454
0.033331
0.183230
0.087395
0.073533
0.095139
0.155250
0.208223
0.108867
0.112258
0.139639
0.113445
0.066909
0.085680
0.050915
0.193919
0.141378
0.111063
0.125657
0.092993
0.176689
0.101050
0.127973
0.141922
0.068518
0.109382
0.063562
0.247244
0.108672
0.087493
0.162781
0.117787
0.142605
0.076995
0.119219
0.044611
0.267694
0.124822
0.184897
0.083588
0.121504
0.088999
0.102788
0.249926
0.216609
0.150041
0.082606
0.143256
0.130274
0.266436
0.146689
0.140280
0.078010
0.177209
0.065484
0.107349
0.030117
0.174536
0.082609
0.052644
0.088245
0.070839
0.113976
0.075157
0.083897
0.044856
0.056159
0.105153
0.062123
0.076351
0.133207
0.105544
0.162881
0.024369
0.147766
0.038570
0.066615
0.124052
0.137151
0.081545
0.069887
0.023267
0.063447
0.085204
0.087148
0.062307
0.012818
0.103067
0.113208
0.084840
0.128546
0.102872
0.111261
0.099792
0.118230
0.042253
0.064160
0.092444
0.043014
0.079240
0.033547
0.099364
0.063413
0.239371
0.050242
0.034359
0.069939
0.064340
0.048570
0.063004
0.093188
0.092068
0.048502
0.017519
0.083356
0.063010
0.044897
0.028576
0.100802
0.039618
0.124613
0.072826
0.038480
0.069586
0.068762
0.049652
0.101100
0.069793
0.065025
0.016311
0.039904
0.087132
0.093196
0.153357
0.080723
0.055595
0.061475
0.112625
0.135487
0.101572
0.051744
0.034576
0.087329
0.071884
0.025540
0.149271
0.136275
0.105664
0.080727
0.078741
0.113897
0.072095
0.125694
0.057808
0.076153
0.070689
0.047306
0.033571
0.106007
0.126983
0.055646
0.090798
0.045886
0.135072
0.049222
0.058084
0.015801
0.037212
0.099110
0.062572
0.037878
0.126630
0.091189
0.075161
0.143214
0.149441
0.094909
0.030598
0.071936
0.132593
0.063626
0.038418
0.011524
0.022853
0.156690
0.028129
0.083450
0.050053
0.216606
0.109090
0.055956
0.112180
0.060938
0.042824
0.091950
0.151876
0.110571
0.074368
0.158610
0.125791
0.150783
0.069995
0.106499
0.028369
0.024405
0.034677
0.069817
0.079100
0.073094
0.112558
0.077549
0.135873
0.050783
0.146775
0.163163
0.104937
0.152235
0.037265
0.049303
0.095067
0.151226
0.151086
0.140134
0.121834
0.128106
0.076131
0.240938
0.223087
0.176909
0.129580
0.044502
0.089172
0.104384
0.146946
0.199537
0.064800
0.163370
0.179038
0.084307
0.028498
0.084786
0.161686
0.055537
0.076788
0.131051
0.090654
0.115787
0.119509
0.051673
0.044563
0.063618
0.147109
0.108590
0.143007
0.096981
0.119576
0.075169
0.099142
0.162658
0.153202
0.053659
0.046704
0.133432
0.118604
0.159740
0.073106
0.083034
0.030984
0.107793
0.127308
0.139855
0.108896
0.132583
0.185278
0.080524
0.077711
0.041371
0.063503
0.044347
0.082742
0.072998
0.196634
0.077188
0.179040
0.145212
0.063985
0.051751
0.036264
0.088875
0.084579
0.041685
0.076688
0.116815
0.076677
0.020776
0.086462
0.091110
0.110128
0.058133
0.053865
0.073243
0.061239
0.101985
0.105147
0.048169
0.066277
0.078690
0.065265
0.085224
0.087389
0.089150
0.076038
0.089750
0.034743
0.072749
0.113429
0.063269
0.095976
0.075828
0.151948
0.092031
0.147010
0.095326
0.076977
0.058024
0.129152
0.110085
0.121643
0.040629
0.091351
0.056021
0.170607
0.109214
0.057313
0.075250
0.126916
0.090902
0.040361
0.072320
0.017094
0.162988
0.107198
0.123937
0.077475
0.099394
0.090518
0.151070
0.076705
0.058819
0.119232
0.079412
0.060639
0.044513
0.050403
0.034495
0.075565
0.112157
0.080531
0.086047
0.130643
0.101635
0.060571
0.058868
0.068660
0.068733
0.057850
0.128599
0.100273
0.092208
0.158230
0.101815
0.009886
0.071497
0.089245
0.128048
0.104736
0.067009
0.092736
0.066313
0.055674
0.062632
0.058949
0.097172
0.057236
0.042532
0.028520
0.134124
0.090129
0.080873
0.137153
0.163960
0.164522
0.094455
0.060953
0.023885
0.086003
0.180958
0.056865
0.037733
0.095995
0.085887
0.156471
0.113899
0.065002
0.110694
0.048143
0.049657
0.094659
0.171180
0.030157
0.056890
0.101354
0.144329
0.164711
0.097998
0.072198
0.106887
0.157197
0.129832
0.132720
0.059798
0.057052
0.116291
0.154378
0.153279
0.084619
0.084184
0.053074
0.047394
0.144861
0.149865
0.035409
0.047207
0.131240
0.170605
0.060924
0.061851
0.089799
0.098455
0.161040
0.070716
0.181786
0.102807
0.096636
0.160097
0.104188
0.073601
0.103805
0.044511
0.115234
0.064069
0.056354
0.106000
0.101091
0.110511
0.054333
0.029942
0.035947
0.069270
0.029113
0.061193
0.053066
0.081036
0.046713
0.026007
0.016892
0.029682
0.042966
0.048216
0.078817
0.032524
0.071756
0.050603
0.181313
0.007166
0.036569
0.086484
0.206421
0.084225
0.014872
0.059582
0.031051
0.092195
0.108583
0.065226
0.068542
0.040334
0.038302
0.034571
0.066141
0.032421
0.076343
0.076902
0.021274
0.018704
0.056920
0.049485
0.084612
0.087488
0.016011
0.045715
0.032148
0.029932
0.012056
0.041818
0.022925
0.092878
0.064780
0.061622
0.063245
0.098911
0.120899
0.024258
0.019898
0.038834
0.276044
0.019275
0.028991
0.075545
0.107214
0.126390
0.065703
0.148368
0.071699
0.017306
0.077171
0.050687
0.090290
0.015616
0.046523
0.018128
0.148828
0.085982
0.039243
0.121298
0.169815
0.150176
0.025451
0.050756
0.108057
0.107851
0.060329
0.072036
0.023085
0.018316
0.092167
0.055391
0.041534
0.073405
0.007590
0.071804
0.173606
0.062558
0.065167
0.081757
0.057231
0.061023
0.036383
0.067414
0.037130
0.044213
0.037327
0.027425
0.026671
0.021798
0.095233
0.037131
0.052902
0.074882
0.049399
0.052033
0.068959
0.066669
0.083094
0.093473
0.121784
0.071812
0.057989
0.051141
0.100195
0.052180
0.109318
0.040894
0.037654
0.045269
0.137197
0.034012
0.044668
0.075437
0.093885
0.038433
0.138401
0.022541
0.034313
0.085252
0.078290
0.080723
0.082392
0.051847
0.025395
0.040656
0.093223
0.022501
0.083384
0.045682
0.023183
0.044195
0.064260
0.030229
0.148699
0.067984
0.008146
0.050204
0.024351
0.091582
0.088985
0.033020
0.026847
0.101326
0.155728
0.039196
0.055886
0.047773
0.049685
0.042650
0.072189
0.024282
0.032846
0.111168
0.027877
0.030869
0.038564
0.129698
0.029430
0.069296
0.030697
0.044252
0.027304
0.050607
0.032861
0.076389
0.097636
0.021868
0.079474
0.063820
0.062539
0.048600
0.125237
0.064519
0.065159
0.116190
0.116131
0.043251
0.059905
0.095545
0.095887
0.120161
0.190744
0.091780
0.060727
0.040086
0.046310
0.051058
0.022763
0.037912
0.073456
0.106484
0.160235
0.067420
0.146437
0.061143
0.083279
0.149925
0.023117
0.045735
0.106729
0.073604
0.051980
0.088897
0.126091
0.031239
0.054041
0.114247
0.035282
0.067559
0.110508
0.078382
0.053299
0.075924
0.063649
0.010783
0.029635
0.092962
0.045953
0.100330
0.086220
0.058674
0.161497
0.041899
0.144514
0.056881
0.144264
0.050343
0.086501
0.057755
0.034125
0.066099
0.080565
0.024778
0.064586
0.052792
0.070745
0.019180
0.076090
0.129399
0.034968
0.054272
0.093079
0.025113
0.041780
0.045161
0.027676
0.128924
0.137288
0.031044
0.140811
0.039082
0.078806
0.041497
0.025023
0.099722
0.116752
0.070836
0.053354
0.031611
0.057847
0.062118
0.056258
0.049145
0.049562
0.187578
0.091313
0.065657
0.024809
0.092954
0.153403
0.167720
0.057981
0.088959
0.062503
0.092335
0.061278
0.046896
0.062300
0.022351
0.080591
0.134214
0.157899
0.126693
0.058961
0.134619
0.110160
0.103319
0.086361
0.127350
0.038383
0.100023
0.097856
0.083118
0.102238
0.096606
0.096838
0.023508
0.103409
0.081622
0.102918
0.062874
0.114698
0.106333
0.063084
0.083535
0.098645
0.041623
0.049383
0.049224
0.121770
0.192119
0.065846
0.059866
0.063052
0.188215
0.048762
0.080643
0.062460
0.102132
0.087970
0.067764
0.118957
0.112076
0.053309
0.052227
0.062231
0.049573
0.138071
0.077659
0.143308
0.123011
0.095024
0.151679
0.058824
0.108764
0.028281
0.104965
0.039469
0.076075
0.223616
0.085725
0.116979
0.059647
0.040512
0.076758
0.076549
0.094175
0.142862
0.105592
0.042540
0.039163
0.143089
0.165315
0.055842
0.100006
0.110463
0.068354
0.054105
0.085789
0.058151
0.139280
0.076653
0.094981
0.045319
0.026110
0.015963
0.069814
0.088541
0.140875
0.131723
0.083307
0.012163
0.060152
0.169244
0.058153
0.139236
0.041617
0.094295
0.067425
0.046459
0.039048
0.039449
0.047781
0.018274
0.073003
0.056070
0.023753
0.088200
0.036235
0.022113
0.023263
0.051211
0.071097
0.082978
0.036521
0.091215
0.033152
0.069041
0.085630
0.051953
0.123564
0.095460
0.032481
0.045132
0.033079
0.078075
0.053979
0.035234
0.035612
0.028772
0.033425
0.092121
0.028766
0.066931
0.050356
0.020205
0.088940
0.069565
0.054040
0.053942
0.036933
0.029429
0.070192
0.082533
0.073620
0.085123
0.145658
0.125919
0.128875
0.132227
0.033916
0.058552
0.072127
0.048990
0.042230
0.107226
0.051825
0.057069
0.095269
0.107610
0.035673
0.072659
0.074009
0.075099
0.176430
0.068313
0.067421
0.076712
0.026461
0.047837
0.039677
0.066927
0.043070
0.043556
0.028321
0.093298
0.133067
0.056389
0.074207
0.121273
0.057748
0.038954
0.153114
0.063096
0.048031
0.043143
0.060276
0.055210
0.066437
0.096272
0.082950
0.074240
0.022233
0.096451
0.044033
0.026806
0.052027
0.110160
0.172129
0.030839
0.039548
0.028710
0.062288
0.100342
0.036132
0.057714
0.051818
0.044217
0.116993
0.070846
0.038798
0.056114
0.049369
0.053788
0.086623
0.077819
0.017100
0.076553
0.041074
0.104380
0.108582
0.068288
0.053934
0.026840
0.018915
0.034900
0.184581
0.023565
0.099678
0.059287
0.118775
0.026778
0.103681
0.144152
0.018892
0.074072
0.047533
0.105983
0.056761
0.055294
0.066112
0.206374
0.125432
0.039158
0.080545
0.122346
0.045508
0.027785
0.083151
0.065912
0.064329
0.103699
0.016493
0.051531
0.054696
0.097349
0.069826
0.085045
0.055580
0.080350
0.026185
0.030524
0.087372
0.024559
0.058868
0.104123
0.052818
0.041499
0.044542
0.113744
0.034944
0.047619
0.066306
0.071706
0.138474
0.102269
0.055216
0.028361
0.021532
0.069643
0.075115
0.052241
0.038808
0.035924
0.075337
0.155007
0.073945
0.123475
0.022659
0.006170
0.109558
0.032832
0.057374
0.091347
0.066167
0.057799
0.072656
0.055183
0.043190
0.115574
0.084666
0.091274
0.085967
0.060299
0.052809
0.182501
0.048846
0.125847
0.074473
0.094155
0.064865
0.045372
0.065326
0.062923
0.050168
0.083242
0.042529
0.084694
0.028751
0.023464
0.042523
0.046747
0.099422
0.137469
0.097058
0.025373
0.044603
0.055337
0.059659
0.010943
0.130302
0.074710
0.030418
0.017632
0.025357
0.062511
0.028855
0.020209
0.090278
0.099500
0.035123
0.058226
0.049938
0.034237
0.086281
0.039740
0.056708
0.036907
0.046305
0.128205
0.077764
0.030925
0.060407
0.146435
0.036869
0.138835
0.108675
0.034307
0.112194
0.088259
0.037886
0.081002
0.166120
0.061842
0.110629
0.046891
0.115926
0.084892
0.071546
0.052176
0.135016
0.060348
0.055624
0.032138
0.066938
0.097243
0.041364
0.172939
0.150768
0.068617
0.131633
0.045419
0.078585
0.059664
0.046729
0.039560
0.049300
0.084742
0.107560
0.061500
0.073991
0.128791
0.073731
0.052103
0.089154
0.167378
0.177832
0.016516
0.072012
0.063246
0.067781
0.112999
0.040731
0.051660
0.076706
0.118712
0.031189
0.015023
0.075456
0.051830
0.074990
0.028076
0.105569
0.039163
0.083038
0.049884
0.082465
0.039414
0.145226
0.067827
0.027960
0.050903
0.031395
0.087135
0.054237
0.097041
0.032463
0.028248
0.029434
0.054930
0.053335
0.045856
0.038898
0.112764
0.091619
0.101712
0.038051
0.078795
0.070940
0.058125
0.066806
0.090714
0.052867
0.053429
0.089404
0.082675
0.027951
0.028943
0.120166
0.074309
0.063597
0.060823
0.083555
0.064307
0.035839
0.109789
0.017135
0.094692
0.116638
0.051292
0.066731
0.037023
0.142358
0.113549
0.071104
0.077167
0.122058
0.167015
0.040570
0.068277
0.056449
0.023326
0.108266
0.089933
0.035651
0.040597
0.121026
0.024080
0.056442
0.018404
0.086153
0.068115
0.037874
0.079459
0.063406
0.043291
0.079814
0.101550
0.078460
0.051992
0.064100
0.040172
0.021931
0.037775
0.103939
0.105030
0.057291
0.048076
0.004587
0.064779
0.038607
0.060136
0.056058
0.074887
0.094231
0.081051
0.064547
0.055811
0.046132
0.023997
0.086506
0.047465
0.011292
0.054792
0.078075
0.061855
0.033509
0.046092
0.075027
0.080470
0.142678
0.063171
0.035269
0.015912
0.045151
0.027874
0.025166
0.053283
0.035380
0.060321
0.080251
0.015266
0.060934
0.089530
0.036885
0.012713
0.028898
0.051856
0.059935
0.069516
0.026225
0.012542
0.063874
0.023694
0.029020
0.074440
0.043947
0.049125
0.055214
0.015691
0.056669
0.052310
0.035906
0.092183
0.091029
0.082693
0.118374
0.180204
0.022983
0.012152
0.036787
0.089356
0.117087
0.050906
0.013019
0.153610
0.023569
0.045666
0.075495
0.090506
0.039583
0.061139
0.065101
0.154484
0.063298
0.026207
0.229411
0.132963
0.102895
0.119732
0.049249
0.043650
0.183385
0.038145
0.076021
0.044876
0.057290
0.104337
0.174196
0.103577
0.106734
0.025940
0.049201
0.072907
0.020679
0.046749
0.044803
0.025156
0.031031
0.062553
0.040922
0.032256
0.037861
0.025587
0.069387
0.036092
0.019036
0.027023
0.025461
0.038190
0.096839
0.018770
0.015178
0.022748
0.049509
0.012247
0.045740
0.046784
0.043869
0.018786
0.038855
0.035530
0.062823
0.096203
0.064305
0.026817
0.031431
0.018795
0.026296
0.087863
0.050532
0.011611
0.089217
0.144439
0.083905
0.018960
0.052472
0.083060
0.179384
0.014024
0.021343
0.009985
0.044656
0.111334
0.014225
0.154607
0.041896
0.061717
0.207340
0.037567
0.029946
0.080518
0.078459
0.073533
0.018941
0.122726
0.078605
0.014206
0.121920
0.095283
0.053873
0.045841
0.114198
0.083902
0.148924
0.066772
0.062310
0.061200
0.041181
0.013102
0.041723
0.038118
0.035447
0.094583
0.092892
0.040259
0.012896
0.017407
0.012809
0.054605
0.080294
0.051416
0.040725
0.017872
0.084300
0.053890
0.099691
0.134263
0.121150
0.037232
0.075745
0.054844
0.037619
0.136699
0.087650
0.049252
0.031579
0.076952
0.170057
0.049739
0.020383
0.047376
0.129823
0.050421
0.016759
0.042036
0.094494
0.049209
0.023355
0.052757
0.094565
0.163762
0.018826
0.071795
0.028099
0.027029
0.011759
0.033124
0.097682
0.034613
0.049415
0.110318
0.041275
0.048521
0.044972
0.029760
0.112828
0.078383
0.055119
0.017178
0.094213
0.029637
0.065732
0.048157
0.049184
0.031175
0.029245
0.048166
0.082859
0.050343
0.071300
0.081541
0.066699
0.016051
0.050658
0.021465
0.029839
0.039772
0.041399
0.050609
0.053295
0.072215
0.032601
0.020267
0.029244
0.118809
0.058714
0.018095
0.032339
0.044679
0.015000
0.056117
0.077898
0.110987
0.044178
0.047724
0.055780
0.035237
0.024362
0.119855
0.079149
0.041200
0.033838
0.076653
0.063002
0.015819
0.027285
0.078029
0.026338
0.094056
0.023984
0.054782
0.041616
0.058498
0.111202
0.147201
0.099371
0.073836
0.069521
0.085703
0.245504
0.035512
0.088333
0.026891
0.149734
0.058492
0.088447
0.133628
0.190005
0.105057
0.040426
0.078317
0.074242
0.132130
0.048227
0.054822
0.044244
0.035165
0.039822
0.109493
0.082803
0.093413
0.059493
0.047316
0.027508
0.094409
0.073465
0.060379
0.125737
0.109597
0.029155
0.038440
0.143061
0.096152
0.070561
0.050306
0.066814
0.126765
0.065734
0.084829
0.046827
0.108289
0.022236
0.045955
0.080543
0.011613
0.083787
0.053773
0.125815
0.095283
0.039510
0.008491
0.056250
0.035784
0.067876
0.162803
0.174472
0.076090
0.043768
0.026073
0.055957
0.045762
0.040776
0.048705
0.040727
0.041673
0.153447
0.118850
0.069616
0.041682
0.014932
0.108949
0.024080
0.054830
0.215998
0.075148
0.045717
0.041626
0.035033
0.049101
0.062476
0.069760
0.050155
0.064676
0.058764
0.017824
0.082443
0.048738
0.110847
0.018626
0.092467
0.112550
0.061703
0.084380
0.107670
0.135776
0.055197
0.011475
0.051015
0.019346
0.101543
0.084205
0.040361
0.048751
0.056149
0.153799
0.041608
0.023858
0.019149
0.080085
0.045264
0.045483
0.090157
0.089724
0.060321
0.062416
0.103060
0.047139
0.016058
0.022954
0.022887
0.011185
0.066463
0.007834
0.041529
0.023721
0.011515
0.045794
0.033806
0.017982
0.047217
0.026777
0.013408
0.014599
0.023412
0.052034
0.075960
0.094732
0.014288
0.042080
0.025599
0.070028
0.032888
0.024208
0.078205
0.065115
0.051513
0.024739
0.031277
0.063021
0.040721
0.066471
0.014864
0.041158
0.134421
0.032629
0.080669
0.050555
0.019900
0.115280
0.051234
0.043270
0.101113
0.106782
0.040945
0.017837
0.087711
0.072972
0.046063
0.081776
0.043881
0.020644
0.115958
0.075775
0.042298
0.083129
0.028210
0.038607
0.073599
0.085035
0.009407
0.069814
0.084028
0.052556
0.053747
0.064129
0.072370
0.044770
0.040266
0.045993
0.033173
0.024577
0.009036
0.075271
0.060023
0.094721
0.084338
0.038777
0.023611
0.046800
0.044827
0.061540
0.037137
0.048118
0.072747
0.021832
0.031502
0.081057
0.036478
0.094060
0.061288
0.102584
0.008314
0.018277
0.022234
0.014413
0.045663
0.072494
0.008109
0.014332
0.018358
0.046730
0.062945
0.033296
0.059688
0.076247
0.039076
0.050774
0.028056
0.106986
0.070353
0.013586
0.075660
0.021466
0.033750
0.193678
0.088666
0.104505
0.045189
0.071797
0.016686
0.051740
0.022826
0.130016
0.021299
0.060445
0.068579
0.102288
0.081977
0.031961
0.048488
0.081336
0.158582
0.039035
0.100439
0.050663
0.055224
0.097624
0.025797
0.050683
0.031067
0.079670
0.113692
0.107787
0.110369
0.051093
0.051266
0.067182
0.073658
0.048218
0.057885
0.030208
0.028912
0.032920
0.082272
0.096776
0.016639
0.050838
0.068114
0.100271
0.006867
0.033900
0.100714
0.072199
0.024843
0.078604
0.104910
0.070466
0.033641
0.034574
0.021510
0.117786
0.085847
0.028936
0.018006
0.098281
0.116595
0.123635
0.082686
0.132917
0.024768
0.031997
0.050556
0.051721
0.056511
0.063627
0.055976
0.023814
0.071524
0.064191
0.017735
0.052035
0.051943
0.147735
0.055641
0.050749
0.112775
0.032864
0.020839
0.119323
0.026199
0.041992
0.028870
0.083182
0.094480
0.059904
0.066790
0.106493
0.086671
0.038936
0.115866
0.066267
0.051921
0.035135
0.088501
0.063434
0.032717
0.044512
0.011609
0.039671
0.042421
0.110836
0.059680
0.023455
0.119541
0.015755
0.022725
0.054651
0.023387
0.027453
0.079025
0.059246
0.032444
0.098495
0.049143
0.020397
0.033744
0.080207
0.122430
0.078507
0.037399
0.015639
0.053157
0.082992
0.049786
0.043342
0.016602
0.041676
0.072149
0.060687
0.034832
0.093969
0.042593
0.067438
0.045870
0.071912
0.117247
0.053442
0.036250
0.102568
0.098545
0.025593
0.018535
0.040404
0.004116
0.013360
0.055857
0.069455
0.086024
0.016998
0.011826
0.086191
0.137205
0.041341
0.085624
0.093483
0.029748
0.042003
0.031152
0.117766
0.084157
0.028510
0.041492
0.086899
0.036037
0.054546
0.054415
0.043375
0.059992
0.052038
0.014020
0.057547
0.012431
0.076948
0.022093
0.070895
0.118799
0.068871
0.032127
0.070443
0.068271
0.015714
0.096212
0.057022
0.034184
0.051945
0.078152
0.213425
0.034110
0.020710
0.057203
0.079183
0.105340
0.076162
0.077705
0.155646
0.049684
0.035907
0.121251
0.038009
0.054724
0.099646
0.074576
0.072809
0.058668
0.031648
0.137457
0.035589
0.149433
0.160593
0.115052
0.091785
0.050965
0.036182
0.088243
0.071735
0.032008
0.065385
0.065345
0.096781
0.072210
0.080912
0.080730
0.105211
0.046135
0.028572
0.059858
0.045445
0.038679
0.084497
0.065066
0.040025
0.048321
0.060161
0.027575
0.038006
0.035155
0.053147
0.070444
0.034292
0.007629
0.016726
0.022882
0.027500
0.060323
0.090017
0.084319
0.079110
0.083712
0.020352
0.015329
0.027662
0.006089
0.035607
0.032698
0.124288
0.065767
0.028601
0.035931
0.045837
0.053426
0.137214
0.071929
0.039024
0.041197
0.013133
0.033253
0.013942
0.080812
0.067576
0.084348
0.013134
0.055626
0.115115
0.048004
0.049732
0.046081
0.094680
0.038951
0.047047
0.035177
0.036800
0.062652
0.013202
0.051312
0.035807
0.044405
0.060489
0.079141
0.106026
0.005753
0.076638
0.054491
0.036848
0.067450
0.020205
0.015120
0.009364
0.030708
0.019507
0.029003
0.052736
0.017081
0.147524
0.060737
0.047601
0.033548
0.103352
0.085879
0.050183
0.042777
0.029324
0.030689
0.008047
0.014248
0.043256
0.076342
0.034234
0.020772
0.081099
0.031052
0.012269
0.016707
0.048063
0.040896
0.064544
0.048546
0.086349
0.041558
0.064571
0.020231
0.023510
0.053011
0.049957
0.023076
0.048809
0.015207
0.025462
0.032214
0.012951
0.016730
0.069814
0.015937
0.016408
0.007348
0.023116
0.058405
0.007252
0.033820
0.006805
0.049885
0.049886
0.019425
0.021805
0.032323
0.130795
0.008542
0.053994
0.034202
0.008229
0.104832
0.052932
0.030648
0.043448
0.062858
0.051299
0.003983
0.043484
0.033574
0.137545
0.013043
0.068693
0.051224
0.050094
0.050375
0.115419
0.094762
0.064233
0.036574
0.051099
0.042483
0.051948
0.045722
0.087215
0.030290
0.042511
0.180470
0.018271
0.064724
0.062507
0.022804
0.035726
0.036864
0.100385
0.030175
0.024891
0.052371
0.053998
0.051457
0.124598
0.014949
0.022503
0.079057
0.049105
0.085193
0.125157
0.116537
0.013438
0.024978
0.054645
0.077728
0.153729
0.053984
0.108316
0.032699
0.070107
0.048609
0.157510
0.042694
0.061933
0.050588
0.072927
0.080423
0.110909
0.049885
0.028703
0.017300
0.098299
0.098829
0.198315
0.058195
0.095441
0.045568
0.052849
0.031369
0.063762
0.145752
0.116237
0.055402
0.064717
0.070844
0.092361
0.012059
0.070837
0.052114
0.099363
0.084001
0.080399
0.038970
0.038559
0.097357
0.103448
0.073827
0.129168
0.074759
0.087533
0.074937
0.152852
0.065417
0.097986
0.164352
0.093235
0.057800
0.016941
0.057653
0.046353
0.094498
0.083543
0.208592
0.047899
0.062058
0.021011
0.128281
0.106262
0.091326
0.109118
0.079290
0.077049
0.098220
0.060667
0.044258
0.088108
0.074147
0.052445
0.121145
0.053913
0.044014
0.049274
0.048546
0.135688
0.014918
0.073817
0.046851
0.039102
0.086943
0.028654
0.014657
0.026528
0.027467
0.059524
0.031518
0.107216
0.092478
0.035016
0.021990
0.045754
0.076542
0.029348
0.037825
0.115426
0.089904
0.063965
0.048150
0.016037
0.065913
0.076732
0.007121
0.040095
0.072283
0.023380
0.168412
0.004169
0.136038
0.068209
0.070708
0.017283
0.099669
0.044964
0.059046
0.066847
0.044721
0.017815
0.058710
0.070663
0.063089
0.036076
0.059210
0.025407
0.063934
0.010831
0.036794
0.033144
0.031121
0.055538
0.064706
0.028158
0.049005
0.051799
0.083540
0.020923
0.031058
0.016682
0.035334
0.048023
0.035225
0.041231
0.044359
0.056036
0.007142
0.052621
0.044100
0.138340
0.012908
0.090521
0.031745
0.022518
0.033124
0.010063
0.026070
0.035361
0.041023
0.063773
0.115558
0.012496
0.063637
0.045713
0.022307
0.025401
0.027201
0.023920
0.034043
0.038631
0.002535
0.116090
0.060024
0.111248
0.060526
0.017804
0.052599
0.053703
0.024377
0.051479
0.035823
0.051427
0.122148
0.146274
0.027455
0.113253
0.059399
0.062651
0.128974
0.117104
0.085492
0.072261
0.046121
0.045270
0.091084
0.085614
0.118358
0.098719
0.064250
0.058335
0.045479
0.179735
0.101386
0.090592
0.113751
0.047724
0.044979
0.020535
0.119113
0.052942
0.060186
0.033658
0.091867
0.078026
0.031174
0.008099
0.056872
0.024187
0.118223
0.055105
0.037384
0.029770
0.022896
0.025031
0.050231
0.019220
0.055472
0.071909
0.094907
0.090295
0.007714
0.042187
0.035697
0.049565
0.037315
0.043621
0.009767
0.029896
0.054226
0.035220
0.013588
0.081276
0.017846
0.072494
0.017544
0.018061
0.041555
0.023411
0.037341
0.009361
0.029860
0.045942
0.002963
0.031644
0.052489
0.054335
0.032491
0.011522
0.005096
0.028716
0.013425
0.009764
0.009814
0.007206
0.015559
0.032952
0.023566
0.005771
0.009243
0.063914
0.129495
0.023855
0.063147
0.058061
0.045804
0.025080
0.087114
0.112287
0.028101
0.050125
0.085755
0.050639
0.083235
0.054580
0.010041
0.021046
0.066576
0.027048
0.011121
0.095997
0.044121
0.009208
0.141719
0.075337
0.035319
0.017333
0.028324
0.052988
0.072238
0.038348
0.021748
0.057349
0.106037
0.031290
0.028656
0.051526
0.037344
0.066920
0.046863
0.013204
0.096079
0.022777
0.040302
0.093692
0.064286
0.152440
0.082310
0.102078
0.065291
0.127847
0.014516
0.053991
0.067997
0.027342
0.083860
0.091069
0.097135
0.060026
0.076971
0.141964
0.055465
0.063837
0.029756
0.054089
0.052589
0.046797
0.051404
0.067286
0.074010
0.027988
0.024516
0.069906
0.069937
0.208334
0.015140
0.037659
0.097471
0.076291
0.034972
0.073809
0.008023
0.048371
0.030078
0.120734
0.090870
0.088448
0.149029
0.126768
0.048185
0.016264
0.033612
0.009019
0.089677
0.035381
0.040484
0.078733
0.039382
0.020053
0.027548
0.046677
0.013901
0.045158
0.047197
0.024912
0.033248
0.048924
0.022279
0.070521
0.009010
0.053743
0.010838
0.008693
0.049425
0.049122
0.034974
0.039671
0.016667
0.036837
0.026063
0.009880
0.018809
0.008444
0.018653
0.002677
0.066151
0.082345
0.050430
0.021251
0.044011
0.034356
0.021175
0.010030
0.024379
0.047770
0.010272
0.055052
0.079198
0.020414
0.096562
0.094105
0.010954
0.062774
0.029263
0.047392
0.063971
0.019587
0.035712
0.138551
0.079100
0.081798
0.045334
0.258572
0.291532
0.169216
0.012350
0.058157
0.025325
0.031041
0.083771
0.164533
0.054244
0.191478
0.295098
0.120569
0.051656
0.084465
0.057463
0.092017
0.081972
0.082177
0.104072
0.168850
0.104102
0.130685
0.040979
0.091838
0.025855
0.073799
0.129860
0.152090
0.153320
0.177938
0.030842
0.128149
0.155290
0.193663
0.088690
0.035556
0.127180
0.063998
0.162272
0.094097
0.126332
0.061817
0.063707
0.079444
0.111811
0.090746
0.057394
0.142050
0.122761
0.057250
0.088235
0.020601
0.071095
0.153355
0.080599
0.049789
0.044421
0.078434
0.081588
0.066101
0.041816
0.068431
0.039591
0.038425
0.081254
0.044548
0.017287
0.072304
0.047178
0.039364
0.043790
0.034308
0.100028
0.070095
0.042103
0.060788
0.098970
0.027951
0.050357
0.140658
0.041401
0.032885
0.022910
0.048486
0.015626
0.023848
0.059985
0.110797
0.037115
0.023072
0.012712
0.087395
0.076430
0.110542
0.060751
0.045115
0.061494
0.035073
0.030165
0.065056
0.023110
0.029168
0.152015
0.030741
0.051925
0.042436
0.009542
0.053714
0.107563
0.023167
0.028801
0.032808
0.020724
0.059040
0.064179
0.047155
0.051307
0.003722
0.070104
0.015507
0.064342
0.046835
0.039187
0.028013
0.127999
0.031518
0.036617
0.051552
0.041712
0.053545
0.056039
0.009033
0.034497
0.053471
0.012614
0.055919
0.017172
0.067118
0.019355
0.037526
0.025956
0.022951
0.033842
0.057742
0.020335
0.041280
0.037856
0.054984
0.025443
0.064499
0.052945
0.080660
0.159206
0.039362
0.065803
0.117976
0.087259
0.049378
0.037935
0.122845
0.025551
0.079837
0.119564
0.041501
0.023003
0.185799
0.045816
0.029211
0.114100
0.152335
0.037522
0.032954
0.068250
0.021372
0.043894
0.169599
0.052162
0.085264
0.088132
0.027752
0.030578
0.032528
0.011762
0.041564
0.142499
0.060924
0.069029
0.088027
0.057406
0.056413
0.035504
0.046877
0.071707
0.026581
0.011905
0.034796
0.053766
0.050795
0.035479
0.047885
0.099926
0.042154
0.023118
0.082092
0.006093
0.004909
0.047484
0.013186
0.009739
0.037505
0.093871
0.051040
0.052261
0.022500
0.005426
0.034981
0.061572
0.010114
0.018231
0.019713
0.015909
0.021316
0.037693
0.051333
0.040999
0.043567
0.077909
0.015253
0.063123
0.026672
0.020105
0.045918
0.046602
0.036789
0.045502
0.046617
0.006460
0.024879
0.031396
0.033514
0.107451
0.027814
0.014007
0.122810
0.159648
0.016681
0.091439
0.020686
0.049182
0.034773
0.015441
0.025162
0.045270
0.054225
0.004247
0.031227
0.080042
0.043906
0.031214
0.008836
0.102357
0.019607
0.037166
0.109654
0.049480
0.008391
0.079380
0.021651
0.147648
0.050858
0.008621
0.045340
0.037965
0.051774
0.006658
0.032673
0.270778
0.043853
0.035513
0.015499
0.038086
0.034782
0.002148
0.037084
0.123700
0.102680
0.056799
0.039766
0.008200
0.128498
0.078178
0.107762
0.075021
0.052451
0.063213
0.028949
0.043469
0.046555
0.054059
0.038529
0.014744
0.042666
0.022671
0.031727
0.042618
0.081631
0.086550
0.044865
0.046656
0.019009
0.121133
0.018841
0.033816
0.019814
0.047363
0.027103
0.013243
0.024150
0.014531
0.040791
0.015941
0.107523
0.022529
0.100882
0.024298
0.075016
0.054341
0.032172
0.061018
0.009419
0.013377
0.034711
0.050334
0.065069
0.091787
0.026942
0.022853
0.064857
0.056963
0.097899
0.028401
0.007975
0.079227
0.028413
0.052081
0.011386
0.064903
0.027692
0.056722
0.098247
0.107728
0.017656
0.034096
0.040882
0.033949
0.096739
0.052049
0.103386
0.116384
0.025922
0.042369
0.018476
0.094215
0.028237
0.039519
0.088302
0.078370
0.072021
0.075068
0.052087
0.102244
0.040344
0.064149
0.050304
0.043314
0.075419
0.028392
0.021003
0.025135
0.110488
0.172161
0.046193
0.047785
0.116038
0.049529
0.057620
0.062813
0.064601
0.004234
0.018793
0.037105
0.062116
0.043112
0.023692
0.067025
0.058140
0.014773
0.075662
0.039321
0.079354
0.080960
0.023915
0.030480
0.078868
0.047144
0.126131
0.042969
0.086581
0.038446
0.077191
0.064966
0.088750
0.038197
0.013605
0.056972
0.035010
0.066252
0.080098
0.082879
0.032839
0.036740
0.068687
0.042804
0.045918
0.043385
0.163892
0.060008
0.106229
0.035661
0.096913
0.019576
0.045893
0.022667
0.042753
0.027699
0.034343
0.102646
0.033998
0.028797
0.020026
0.044520
0.115795
0.012773
0.099539
0.016478
0.045000
0.027633
0.036402
0.074112
0.041969
0.011617
0.061645
0.032291
0.032207
0.023653
0.017428
0.062162
0.030830
0.064905
0.004409
0.010114
0.095124
0.014101
0.040057
0.083640
0.017198
0.008538
0.005900
0.083211
0.049588
0.091980
0.055642
0.025196
0.045190
0.055093
0.032930
0.043582
0.028567
0.025540
0.049303
0.074886
0.016364
0.018810
0.099791
0.009890
0.028877
0.047457
0.078950
0.080609
0.038667
0.031533
0.134883
0.059516
0.035545
0.016117
0.032027
0.022918
0.069873
0.024108
0.059222
0.054099
0.121917
0.063008
0.045499
0.078022
0.065048
0.007374
0.014224
0.058624
0.063279
0.024223
0.110487
0.045498
0.057840
0.047106
0.004582
0.017472
0.007559
0.009677
0.018087
0.034605
0.097285
0.008946
0.116972
0.066966
0.030088
0.015455
0.023211
0.056964
0.032074
0.014006
0.037061
0.074227
0.020369
0.019462
0.037005
0.025693
0.026422
0.129773
0.061410
0.081704
0.124189
0.054398
0.028552
0.040197
0.115597
0.037503
0.034426
0.012465
0.071694
0.024047
0.027941
0.135686
0.042094
0.059246
0.027420
0.034671
0.032714
0.022796
0.051369
0.069175
0.078406
0.072859
0.010166
0.012485
0.016822
0.045303
0.030890
0.014090
0.028746
0.011502
0.006577
0.005196
0.022382
0.040314
0.008099
0.065112
0.005342
0.024854
0.015683
0.010140
0.035808
0.014772
0.038703
0.007415
0.003548
0.019485
0.033003
0.026006
0.041154
0.073497
0.029698
0.038790
0.014152
0.047510
0.040699
0.070593
0.003972
0.029746
0.070951
0.013421
0.034728
0.014773
0.037898
0.015461
0.016242
0.015476
0.002428
0.028330
0.005438
0.045410
0.013921
0.007884
0.031537
0.010762
0.045257
0.014230
0.005756
0.019430
0.011260
0.004093
0.054345
0.023470
0.011600
0.086297
0.018469
0.008641
0.090436
0.010743
0.018511
0.063681
0.038371
0.040401
0.051115
0.031710
0.004435
0.023197
0.056128
0.049828
0.014126
0.056569
0.048497
0.013963
0.016820
0.019392
0.038097
0.027319
0.059025
0.028282
0.051288
0.058759
0.043554
0.024296
0.067057
0.030957
0.030624
0.090518
0.047005
0.042244
0.036031
0.022901
0.030536
0.003418
0.043736
0.067237
0.050780
0.016291
0.036458
0.031673
0.012483
0.009183
0.065427
0.019647
0.027232
0.096852
0.034700
0.053853
0.046989
0.073857
0.034263
0.032722
0.017265
0.048170
0.039809
0.082706
0.164147
0.040460
0.054993
0.029796
0.040247
0.005611
0.160212
0.019994
0.094655
0.033469
0.067541
0.057258
0.054624
0.019938
0.022602
0.026545
0.035483
0.153068
0.041975
0.023353
0.020807
0.024352
0.016742
0.016939
0.061120
0.026674
0.019788
0.104849
0.029477
0.091516
0.031237
0.077043
0.039637
0.016421
0.027593
0.067670
0.040302
0.075312
0.078424
0.042596
0.098965
0.014025
0.024869
0.033083
0.018384
0.058631
0.013678
0.021404
0.025600
0.032563
0.053838
0.039771
0.028619
0.018208
0.018980
0.103872
0.059500
0.045697
0.054140
0.028786
0.028606
0.075781
0.061216
0.015062
0.082550
0.023669
0.115442
0.036864
0.043452
0.052844
0.072131
0.076287
0.033769
0.090717
0.076286
0.128160
0.049125
0.035553
0.034851
0.121593
0.020253
0.036501
0.033757
0.059494
0.012883
0.038731
0.066415
0.095986
0.068033
0.131990
0.046581
0.025282
0.051725
0.080377
0.047238
0.091135
0.149392
0.098694
0.031757
0.067940
0.048286
0.018588
0.101693
0.029611
0.118004
0.055769
0.009094
0.097212
0.011414
0.073384
0.011898
0.023107
0.025802
0.028685
0.111976
0.112452
0.036102
0.066318
0.030120
0.116464
0.037240
0.062833
0.091475
0.022226
0.020782
0.029827
0.058134
0.053502
0.045805
0.040641
0.047955
0.027968
0.034368
0.037575
0.088744
0.070341
0.055707
0.006321
0.018981
0.014637
0.021000
0.058769
0.022336
0.047741
0.095222
0.045999
0.060580
0.028315
0.016988
0.004721
0.050117
0.011887
0.024596
0.082277
0.127342
0.064524
0.024291
0.051747
0.055843
0.037348
0.040383
0.022028
0.085712
0.049058
0.028578
0.141848
0.028990
0.033726
0.041726
0.023030
0.057129
0.105493
0.016464
0.058030
0.040578
0.054378
0.055515
0.080880
0.033548
0.019263
0.068883
0.054102
0.082069
0.044604
0.047710
0.014756
0.068948
0.076842
0.137598
0.046444
0.024322
0.076985
0.035632
0.038027
0.079057
0.010538
0.116292
0.018502
0.050485
0.129213
0.048359
0.052380
0.008578
0.013672
0.155699
0.035238
0.112144
0.073877
0.069835
0.040240
0.130162
0.017498
0.094047
0.043618
0.079291
0.141514
0.120782
0.068319
0.111205
0.048660
0.025738
0.082758
0.132714
0.088132
0.137357
0.107482
0.030172
0.071358
0.014643
0.063823
0.037632
0.072036
0.082388
0.256104
0.242102
0.033046
0.052447
0.024862
0.063640
0.131845
0.110201
0.195800
0.086393
0.084978
0.037601
0.041532
0.072991
0.059900
0.137627
0.088370
0.109447
0.068294
0.201005
0.104735
0.049748
0.175220
0.121453
0.085752
0.115551
0.045042
0.072615
0.088768
0.027523
0.017370
0.020812
0.072420
0.115690
0.093783
0.026949
0.026277
0.016438
