2.302725
2.301894
2.300943
2.303224
2.299989
2.299316
2.298625
2.292225
2.285724
2.288931
2.272816
2.268278
2.269233
2.258461
2.262661
2.265126
2.211986
2.123501
2.162057
2.175255
2.119842
2.162818
2.025287
2.166274
2.117978
2.177595
2.010020
2.074267
2.180786
2.155322
2.075321
2.098941
2.163707
2.034909
2.007027
2.054484
1.993107
2.166280
2.111652
1.997174
2.051163
2.116232
2.001488
2.037320
2.129385
2.044456
2.063980
2.179937
2.096385
2.044412
2.025139
2.050255
2.054626
2.061247
1.970178
2.030307
1.955303
1.961278
1.976017
1.982435
1.916432
2.037826
2.000052
1.933946
2.033896
1.938801
1.948007
1.961678
1.989652
1.919044
2.030296
1.921027
2.129778
1.950546
2.061892
1.971975
1.946319
1.919302
2.045834
1.907684
1.938631
1.905559
1.936805
1.902550
1.911447
2.027138
1.896493
1.909343
1.889973
1.891251
2.018206
1.860743
1.976342
1.945897
1.884841
1.877310
1.961627
1.902056
1.935060
1.974547
1.967250
1.828642
1.924810
2.030778
2.062084
2.052590
1.931816
1.970877
2.105567
1.935375
1.818438
1.907940
2.064417
2.000851
1.926458
1.944065
1.897089
1.914785
1.991031
1.809487
1.915941
1.855231
2.048045
1.837750
1.850474
1.848933
1.794741
1.825419
1.928509
1.855939
1.898206
1.798507
1.833170
1.723242
1.818462
1.790694
1.852710
1.848469
1.733584
1.776026
1.675296
1.750619
1.838990
1.787401
1.769588
1.868987
1.918299
1.910931
1.695027
1.782939
1.863100
1.790006
1.749653
1.630944
1.779458
1.699644
1.798598
1.697917
1.721790
1.730191
1.689862
1.704063
1.657824
1.605181
1.603452
1.580428
1.630382
1.820545
1.627145
1.737000
1.641130
1.663910
1.678190
1.713786
1.677652
1.663676
1.756842
1.663155
1.702927
1.578839
1.612341
1.680738
1.724798
1.780885
1.608289
1.642187
1.713140
1.534832
1.622437
1.744246
1.738461
1.719454
1.808051
1.659077
1.559519
1.690596
1.454404
1.615004
1.682462
1.649751
1.627418
1.723624
1.665867
1.735409
1.609013
1.809420
1.529261
1.553986
1.836422
1.520243
1.683597
1.622989
1.588962
1.624065
1.612018
1.721127
1.723579
1.727566
1.660912
1.650068
1.539760
1.639969
1.615045
1.566519
1.634899
1.650649
1.660062
1.519152
1.714430
1.596998
1.643996
1.668816
1.482238
1.635945
1.503261
1.560850
1.494954
1.562692
1.544467
1.670564
1.496580
1.469041
1.516879
1.584078
1.607508
1.452577
1.692605
1.657392
1.471356
1.765844
1.536408
1.631620
1.658264
1.469887
1.661762
1.605994
1.446411
1.666390
1.525449
1.541468
1.553716
1.536178
1.450436
1.563383
1.557516
1.690870
1.514187
1.527616
1.690766
1.687646
1.432414
1.533409
1.696113
1.482867
1.671667
1.507141
1.600872
1.561264
1.593132
1.572064
1.627518
1.582609
1.767967
1.662263
1.487951
1.591853
1.671645
1.632986
1.666717
1.515986
1.484322
1.560907
1.568487
1.551780
1.451835
1.515652
1.497210
1.503894
1.552112
1.578413
1.634821
1.562215
1.511587
1.590038
1.481499
1.604138
1.622179
1.519617
1.615817
1.563918
1.463895
1.598585
1.592366
1.537813
1.418601
1.528059
1.480960
1.502803
1.629066
1.610003
1.649296
1.615094
1.491304
1.470547
1.498427
1.508124
1.590807
1.355699
1.559034
1.395396
1.490520
1.496168
1.409184
1.399990
1.610525
1.589820
1.451765
1.634724
1.529871
1.648669
1.568055
1.420663
1.550103
1.372136
1.516072
1.531836
1.513577
1.468182
1.474942
1.420309
1.594758
1.633847
1.505880
1.461809
1.417432
1.564412
1.470978
1.470023
1.520805
1.426889
1.531253
1.561188
1.367198
1.450415
1.486922
1.396782
1.424127
1.316545
1.445604
1.451622
1.462224
1.556715
1.430108
1.345490
1.289668
1.462589
1.644383
1.529200
1.544926
1.336964
1.489120
1.357089
1.172743
1.337543
1.482667
1.487607
1.453718
1.471263
1.439198
1.535199
1.425366
1.438139
1.388220
1.503184
1.455253
1.436414
1.331647
1.393575
1.452598
1.487982
1.390861
1.527058
1.357098
1.657645
1.408219
1.550702
1.230197
1.517271
1.421933
1.497447
1.411288
1.312022
1.468578
1.412477
1.531898
1.374268
1.397616
1.367126
1.302156
1.414245
1.399628
1.302160
1.365819
1.550214
1.420470
1.519334
1.271870
1.338470
1.565615
1.328187
1.560004
1.415834
1.490204
1.386898
1.604105
1.315770
1.415429
1.474233
1.401641
1.318496
1.397932
1.147868
1.495028
1.310931
1.537540
1.382924
1.457056
1.278097
1.414265
1.503904
1.380975
1.467992
1.432103
1.464164
1.401893
1.357294
1.276087
1.406422
1.464118
1.365792
1.437156
1.374850
1.432968
1.413183
1.248705
1.240330
1.309070
1.354397
1.421027
1.312476
1.341763
1.253881
1.305000
1.436830
1.495593
1.304595
1.315910
1.647651
1.582205
1.450011
1.433520
1.436056
1.525124
1.325403
1.315212
1.469404
1.367015
1.352571
1.382235
1.279151
1.531121
1.545585
1.477907
1.285824
1.418323
1.474061
1.373516
1.471418
1.457362
1.477945
1.371621
1.225220
1.355465
1.460662
1.288359
1.366096
1.337649
1.370128
1.328288
1.193320
1.481673
1.208257
1.369256
1.506538
1.396103
1.445422
1.297453
1.511249
1.413521
1.183065
1.349589
1.364653
1.437855
1.381253
1.438915
1.327058
1.229541
1.282225
1.290568
1.345425
1.429163
1.319607
1.508376
1.414888
1.291039
1.343764
1.202871
1.469337
1.320332
1.296805
1.337269
1.166304
1.285833
1.230865
1.211774
1.212749
1.249030
1.218702
1.383566
1.148492
1.426958
1.383857
1.245279
1.136602
1.283307
1.347487
1.442648
1.446254
1.224905
1.330435
1.207953
1.313106
1.257509
1.226420
1.383892
1.422935
1.447716
1.428192
1.169437
1.419825
1.353296
1.404065
1.394739
1.267754
1.303823
1.245379
1.360570
1.177686
1.351929
1.271977
1.172529
1.289759
1.208963
1.420920
1.490938
1.213561
1.125694
1.476938
1.223897
1.231089
1.222138
1.385417
1.434608
1.323846
1.312824
1.347276
1.309817
1.276281
1.377174
1.493029
1.238593
1.477542
1.239600
1.308751
1.169162
1.365552
1.232197
1.421989
1.132713
1.063705
1.266240
1.420985
1.157957
1.374810
1.191624
1.298580
1.328485
1.167787
1.321353
1.188727
1.291271
1.273375
1.297855
1.362533
1.635579
1.394837
1.294008
1.469768
1.273713
1.281757
1.182505
1.356619
1.265198
1.380411
1.203785
1.277937
1.244225
1.353083
1.474457
1.318105
1.198875
1.208878
1.207440
1.459520
1.392766
1.371510
1.309438
1.372950
1.320212
1.213412
1.206621
1.319549
1.393166
1.251408
1.093404
1.236360
1.516205
1.164075
1.290650
1.476199
1.220264
1.294110
1.230074
1.392246
1.256173
1.314307
1.243406
1.196352
1.303327
1.244977
1.234530
1.342834
1.200885
1.250200
1.393499
1.174047
1.311692
1.168015
1.165263
1.376424
1.165132
1.313694
1.302943
1.156411
1.225322
1.255963
1.329276
1.263503
1.296753
1.207207
1.342736
1.351805
1.268874
1.439205
1.199765
1.231799
1.265049
1.297830
1.292055
1.252981
1.404724
1.177846
1.303421
1.234189
1.396145
1.181856
1.269167
1.345115
1.067865
1.293011
1.407926
1.275963
1.210661
1.111794
1.257051
1.341336
1.428236
1.203469
1.310212
1.288841
1.406492
1.139179
1.239411
1.075551
1.184204
1.236112
1.238462
1.077657
1.304968
1.062048
1.417248
1.368564
1.223205
1.139812
1.210591
1.359836
1.223581
1.305701
1.271864
1.212874
1.399373
1.247438
1.125466
1.307685
1.258073
1.459306
1.197349
1.137364
1.424190
1.203938
1.361922
1.207445
1.192959
1.132161
1.201876
1.088215
1.326577
1.321139
1.114930
1.176839
1.188440
1.357123
1.131802
1.107273
1.191642
1.226336
1.300359
1.248436
1.192726
1.180341
1.025594
1.142755
1.126132
1.251110
1.141155
1.116026
1.261195
1.283284
1.506239
1.240472
1.160426
1.216374
1.056408
1.244373
1.258705
1.130586
1.298695
1.227345
1.004686
1.130340
1.319758
1.119247
1.294713
1.317962
1.132455
1.269508
1.231647
1.130121
1.101238
1.149384
1.282910
1.154459
1.104145
0.925328
1.054172
1.152589
1.226082
1.167304
1.194097
1.172171
1.085777
1.211307
1.255158
1.026566
1.185940
1.174637
1.307799
1.308574
1.180586
1.135249
1.098245
1.058602
1.260345
1.044946
1.057543
1.052008
1.122154
1.242263
1.265155
1.289159
1.397492
1.203921
1.342330
1.179239
1.254556
1.073958
1.092091
1.229379
1.176084
1.151701
1.164804
1.165245
1.012861
1.174496
1.192771
1.283652
1.183869
1.122028
1.244407
1.155060
1.102273
1.100538
1.242386
1.168286
1.162687
1.097032
1.224777
1.099719
1.238204
1.219450
1.235028
1.143549
1.075743
1.217915
1.178711
1.459040
1.138695
1.124016
1.310913
1.150206
1.314563
1.068673
1.043398
1.101657
1.219548
1.065674
1.088754
1.109752
1.306305
1.180033
1.159462
1.209764
1.378131
1.364259
1.090775
1.234342
1.324701
1.111218
1.471655
1.195505
1.264726
1.260554
1.246320
1.198930
1.293666
1.249501
1.088802
1.144587
1.022173
1.307180
1.096377
1.005553
1.119013
1.274563
1.185827
0.972615
1.160506
1.300071
1.128916
1.251418
1.139742
0.964941
1.352921
1.008821
1.238857
1.182980
1.045534
1.133178
1.251983
0.974379
1.173921
1.285038
1.218379
1.102173
0.964262
1.173282
1.101540
1.007167
1.160109
1.275700
1.009131
1.148715
1.133811
1.098964
1.110091
1.034476
1.096577
1.100920
1.091113
1.098744
1.113353
1.045444
1.168407
1.104819
1.072389
1.246176
1.082204
1.281708
1.298424
1.018462
1.294729
1.138677
1.215541
1.074723
1.162680
1.209593
1.133082
1.111671
1.222154
1.015647
1.115459
1.225852
1.183881
1.198668
1.061162
1.148094
1.185921
1.085236
1.166941
1.061176
1.011680
1.187719
1.064553
1.027357
1.043118
1.017389
1.080774
1.208473
1.122635
0.968480
1.154233
1.128699
1.024715
1.028137
1.213061
1.067493
1.117324
1.147138
1.120404
1.018427
1.152404
1.080783
1.084862
0.925246
1.104266
1.095585
1.167831
1.213442
1.260458
0.981830
1.281194
1.281784
1.251380
1.111303
1.277603
1.084308
1.180822
1.018625
1.330865
1.121294
1.097064
0.904671
1.207027
1.272742
1.094792
1.049371
1.114344
1.230771
1.251917
1.139393
1.086929
1.100515
1.085876
1.023699
1.200032
1.085578
1.014075
1.115910
0.982322
1.061257
1.076410
1.058213
1.071997
1.132172
0.992464
1.187695
1.284143
1.016493
1.084567
1.112632
1.162943
1.019157
1.274452
1.107611
1.154525
1.133749
1.007646
1.070856
1.194529
1.103028
1.041995
1.108627
1.061757
1.082175
1.055535
0.984838
1.204328
1.005997
1.099124
1.235529
1.060005
0.979929
1.073285
0.984318
1.087047
1.087187
1.110853
1.027051
1.189800
1.179234
1.130617
1.053446
1.215859
0.994728
1.132910
1.007581
1.175258
1.041377
1.189184
1.290469
1.128108
1.142725
1.058465
1.088863
1.294562
1.136199
1.177773
1.032528
1.092843
1.093248
1.060319
1.052857
1.233121
1.036322
0.966197
1.237313
1.074643
1.197013
1.091651
0.998826
1.013732
1.173931
0.980267
1.175198
0.910797
1.042418
1.082808
0.937030
1.099583
0.938762
0.891430
0.990144
0.946644
0.998157
1.047075
0.979275
1.017786
1.071271
1.250778
0.891742
1.094945
1.096219
0.879376
0.934316
1.005561
1.081379
1.123492
1.047360
1.133087
1.004190
1.039184
1.206279
1.097908
1.016065
0.953486
1.012267
1.041284
1.146587
0.834391
1.000671
1.355418
0.883580
1.089263
1.121226
1.042019
0.977979
0.900869
0.960077
1.192818
0.989726
1.094705
0.974714
1.134493
1.169736
0.981807
1.013164
1.115252
0.975377
1.054999
0.936518
1.051174
1.004597
1.017858
0.928590
0.977480
1.023640
1.046637
1.018963
0.953151
1.050173
1.119093
1.012334
1.068878
0.918924
0.906719
1.047145
1.123827
1.012701
0.914693
0.994776
1.028294
1.047373
1.011222
0.868551
0.997777
1.075773
0.857207
0.924852
1.020959
1.069234
1.000002
1.009039
1.056649
1.124579
0.912476
1.020875
1.122930
1.077628
1.217785
0.952373
1.096336
0.938785
1.002737
1.005730
0.986239
0.940873
1.033295
1.145582
1.058983
1.071958
1.093407
1.000736
1.172741
0.872545
0.940666
1.095552
1.072045
1.002513
0.942338
0.952668
1.102517
1.001265
0.881673
0.874716
0.911159
0.732821
0.970329
1.030031
0.902138
0.786774
0.843793
1.023604
0.843139
1.130789
1.219047
1.002436
1.052075
1.154928
0.841268
0.932975
1.051262
0.994034
1.042482
1.029344
0.998770
1.017418
1.126817
0.960393
0.913935
0.960329
1.005239
0.924621
1.051777
0.779547
0.835968
0.840665
0.909792
0.967052
0.964787
0.938108
0.927547
1.091847
1.206895
1.022466
1.092059
1.012520
0.791650
0.939592
0.972646
1.009939
0.980013
1.054612
1.019876
1.052815
0.913557
0.919299
1.049712
0.877097
1.097475
0.868662
0.920164
1.216269
1.121146
0.977984
0.960464
0.894797
0.977484
1.021072
0.984624
1.035546
1.082066
0.884918
0.905918
1.031752
0.925873
0.834260
0.816880
0.958232
1.080891
0.878845
1.025156
0.926377
1.031943
1.042177
0.875245
1.081719
1.069794
1.002343
0.969028
0.894995
1.018259
1.106773
1.139858
1.027425
0.963042
0.931349
1.023201
1.037592
1.094561
1.103655
0.982766
0.891438
1.004563
1.241960
1.087399
0.897687
1.171988
0.899994
0.984902
1.043017
0.995331
1.151014
0.991717
0.982806
1.018317
0.960260
0.973917
0.856632
0.978243
1.011651
1.085187
0.970354
0.946508
0.817321
0.951292
1.011558
0.935315
0.787829
1.026176
1.004419
0.896144
1.120105
0.906984
0.840190
0.932107
0.912737
0.780799
0.975163
0.892440
0.952033
1.034356
0.769062
1.010821
1.037490
0.716976
0.782034
0.983592
0.918239
0.971986
1.001388
1.163162
1.073127
1.014838
1.085670
0.915664
1.033897
0.943835
0.893104
0.979202
0.869517
0.777293
0.964344
0.922670
0.989610
0.891567
1.218122
0.979551
0.895500
0.822308
1.098969
0.970790
0.830198
0.907156
0.903786
0.890087
0.830483
1.029238
0.994586
0.836296
1.036065
1.055146
1.037536
0.954147
1.155358
0.988869
0.765909
0.914187
0.966213
0.992957
0.869099
0.935056
1.113976
0.973830
1.046344
0.960110
0.960112
1.065741
1.019268
1.053574
1.011852
1.068256
1.057685
0.938260
0.843471
1.101184
0.822199
0.899021
0.895927
0.866338
0.764840
1.062021
0.848062
0.892538
0.833410
0.910094
0.804606
0.974955
1.082547
0.938960
0.954885
1.117614
0.811987
0.735189
0.943807
1.099555
1.001545
0.927712
0.903672
0.976647
0.806281
1.038112
0.813675
0.975631
1.025018
0.983186
1.002035
0.979289
0.752164
0.857176
0.953042
0.951717
0.876006
0.859867
1.057813
1.007817
0.986166
1.003619
0.800949
0.956892
0.868390
0.783871
1.021604
0.881512
0.955549
0.935630
0.932938
0.853422
1.207760
0.868769
1.018869
1.043752
0.901883
1.070864
1.019397
0.995954
1.043141
0.991721
0.993423
0.958349
1.092963
0.857853
1.055520
0.947798
0.926874
0.821822
1.022817
1.073566
1.018639
0.899445
0.879540
0.993450
1.041012
0.847277
0.973785
0.840694
1.026194
0.848732
0.960875
0.833441
1.089391
1.073020
0.952894
1.032055
0.880248
0.812251
0.844816
0.813534
0.769116
0.955203
0.946261
1.055546
1.027746
0.806512
0.802287
1.038236
0.823243
1.021474
0.837822
0.825532
0.865246
0.843348
0.837315
0.979805
0.841886
1.028309
0.780950
0.946109
0.750933
0.798970
1.120011
0.734480
0.992043
1.056173
0.741567
0.925161
0.733066
0.932311
0.907127
0.999731
1.114518
0.875788
0.943806
1.016456
1.003689
0.863809
0.792678
0.873218
0.950760
1.049650
0.957573
0.966600
0.736288
0.897627
0.725697
0.912550
0.987571
0.937466
0.883050
0.712515
0.805025
0.721026
0.804296
0.913252
0.767918
0.890030
0.760452
0.929780
0.910850
0.895523
0.883698
0.912748
0.746254
0.972030
0.761500
1.034391
0.678568
0.921042
0.838298
0.844040
0.810881
0.785910
0.958105
0.910807
0.859517
0.966180
0.759283
0.849871
0.973346
0.976821
0.861075
0.765236
0.733119
0.841456
0.968282
0.881882
0.995376
0.768173
0.915081
0.866143
0.812694
0.819351
0.812269
0.875659
0.783699
0.802973
0.942190
0.830773
0.987727
0.921325
0.937702
0.817656
0.758671
0.809959
0.948714
0.821817
1.027622
0.723225
0.870696
0.876469
1.036287
0.941244
0.744180
0.847325
0.897857
0.833046
0.670903
0.811470
0.912575
0.915686
0.799851
0.890389
0.882753
0.934245
0.772604
0.750073
0.695129
0.987343
0.869264
0.947615
0.986942
0.930403
0.871611
0.919648
0.784278
0.951089
0.762416
0.737981
0.862294
0.948682
0.793912
0.782984
0.659977
0.899858
0.843295
1.003061
0.880288
0.831596
0.875765
0.991192
0.840083
0.859232
1.010346
0.720241
0.765385
0.638445
0.794775
0.747841
0.846721
0.792144
0.930592
0.939276
0.737756
0.786049
0.675702
0.737401
0.854748
0.966068
0.810901
0.851277
0.851151
0.829163
0.926480
0.830038
0.858534
0.910178
0.787343
0.777470
0.883690
0.851773
0.925196
0.839100
0.720467
0.731760
0.709200
0.770762
0.886650
0.856777
0.684240
0.642603
0.736389
0.914891
0.650735
0.820809
0.776399
0.953846
0.669123
0.876097
0.726818
0.825848
0.662162
0.983835
0.761253
0.699749
0.713920
0.831193
0.816643
0.724740
0.894913
0.969219
0.860278
0.850828
0.867919
0.888753
1.132317
0.868325
0.814912
0.707164
0.780104
0.901089
0.830588
0.921804
0.951463
0.948720
0.830877
0.778348
0.749490
0.870131
0.842206
0.826622
0.668775
0.807887
0.792967
0.732472
0.758845
0.717666
0.700398
0.898565
0.839664
0.927804
0.773063
0.650836
0.721369
0.879167
0.806311
0.926821
0.755360
0.853810
0.966149
0.798889
0.885329
0.739209
0.814450
0.924549
0.884765
0.805489
0.742639
0.884598
0.916353
0.764655
1.009336
0.945572
0.860025
0.916121
0.752750
0.770929
0.942527
0.826420
0.893327
0.719044
0.847944
0.666250
0.738963
0.791287
0.669697
0.875723
0.843798
0.781502
0.780324
0.872103
0.759526
0.896577
0.866046
0.805915
0.830233
0.952030
0.771950
0.693423
0.846193
0.849215
0.898120
0.837184
0.812789
0.641561
0.867847
0.874921
0.890196
0.710193
0.708408
0.766204
0.838182
0.671650
0.807094
0.645697
0.852159
0.787727
0.781194
0.823509
0.703796
0.960675
0.929965
0.966697
0.968104
0.687254
0.809318
0.788205
0.720093
0.847027
0.799448
0.868431
0.874729
0.934957
0.832247
1.148539
0.814506
0.740085
0.701215
0.705906
0.678482
0.723202
0.711214
0.679538
0.853828
0.799040
0.705235
0.929282
0.734827
0.715599
0.774918
0.834773
0.692490
0.846652
0.809430
0.876723
0.780785
0.854586
0.920256
0.751989
0.871200
0.619273
0.773719
0.768441
0.747911
0.722952
0.805294
1.057942
0.863361
0.995166
0.844329
0.780002
0.979477
0.672808
0.691433
0.643357
1.005630
0.795841
0.764607
0.775765
0.724340
0.886269
0.785012
0.977545
0.763536
0.951470
0.770019
0.752021
0.791354
0.748330
0.847054
0.869029
0.908641
0.766025
0.904205
0.698380
0.772311
0.880491
0.788680
0.829016
0.845261
0.875189
0.791210
0.808836
0.907842
0.962048
0.809140
1.064740
0.744688
0.816885
0.761075
0.690239
0.923943
0.681774
0.783624
0.888284
0.780391
0.852665
0.865112
0.693188
0.817726
0.817354
0.851531
0.775200
0.846163
0.834617
0.762999
0.831805
0.850349
0.644827
0.803646
0.767295
0.916233
0.907467
0.740664
0.804470
0.777951
0.775767
0.848504
0.960656
0.635654
0.814272
0.835930
0.764897
0.561616
0.767249
0.768450
0.859339
0.611055
0.893232
0.887206
0.681335
0.833870
0.619732
0.738750
0.622577
0.722040
0.601368
0.640497
0.619787
0.707888
0.572400
0.647678
0.729121
0.566291
0.625420
0.595872
0.605483
0.526586
0.613847
0.579843
0.768544
0.473333
0.647319
0.820437
0.603192
0.677035
0.840488
0.662111
0.636493
0.822473
0.665686
0.761775
0.852446
0.551700
0.672233
0.850263
0.804608
0.796342
0.956541
0.667524
0.625944
0.647086
0.726730
0.854658
0.725330
0.757387
0.737682
0.671437
0.712937
0.818183
0.706472
0.911358
0.610345
0.631121
0.727218
0.620117
0.735237
0.614075
0.595920
0.642779
0.725023
0.720833
0.728310
0.836190
0.735054
0.760332
0.846833
0.813072
0.647652
0.770919
0.519261
0.734665
0.558674
0.631497
0.660657
0.640337
0.760493
0.806720
0.655542
0.811511
0.827904
0.649320
0.867541
0.892938
1.073218
0.751581
0.592066
0.627828
0.607832
0.632490
0.808012
0.906732
0.703218
0.605730
0.604689
0.827085
0.623017
0.722036
0.631026
0.541129
0.827547
0.839085
0.550043
0.678595
0.717573
0.645200
0.661928
0.742034
0.590186
0.750283
0.653946
0.822678
0.663678
0.606449
0.790979
0.724721
0.707348
0.571508
0.781438
0.770798
0.683354
0.716499
0.688906
0.720164
0.728152
0.904282
0.734935
0.864441
0.791095
0.679696
0.714336
0.688910
0.890937
0.726297
0.768820
0.649908
0.814123
0.726798
0.748641
0.678309
0.779149
0.814669
0.761840
0.642831
1.021490
0.806758
0.819456
0.710453
0.703422
0.669684
0.713101
0.739515
0.678241
0.656218
0.656595
0.758639
0.882596
0.718974
0.733683
0.788762
0.731486
0.642655
0.592878
0.658573
0.921799
0.559365
0.656918
0.823046
0.649463
0.651464
0.665598
0.690970
0.721075
0.668457
0.717611
0.677014
0.626296
0.718348
0.695748
0.632155
0.678927
0.702542
0.733828
0.742313
0.702587
0.729521
0.797323
0.789704
0.581416
0.686981
0.787085
0.739926
0.633518
0.794475
0.543758
0.702445
0.911530
0.813046
0.831828
0.783074
0.736363
0.686201
0.596342
0.695441
0.640041
0.690968
0.970880
0.784685
0.590416
0.702232
0.919572
0.808040
0.846209
0.829767
0.624411
0.608254
0.586303
0.764821
0.698007
0.778358
0.825332
0.785595
0.741114
0.529234
0.651536
0.717453
0.676193
0.648983
0.698474
0.758818
0.629017
0.607111
0.649596
0.559178
0.671378
0.587665
0.595566
0.764058
0.702219
0.504723
0.703086
0.751326
0.490242
0.727911
0.616771
0.649539
0.527095
0.736081
0.603774
0.731678
0.651155
0.765121
0.801079
0.644380
0.824058
0.676277
0.666051
0.698123
0.606464
0.574398
0.625270
0.599666
0.571625
0.598409
0.639485
0.554947
0.613882
0.623930
0.644896
0.608734
0.755344
0.740145
0.650996
0.631743
0.641063
0.764332
0.736680
0.675433
0.715547
0.700030
0.661472
0.680020
0.684569
0.595945
0.825273
0.693340
0.738327
0.670507
0.954654
0.731199
0.624670
0.653439
0.787462
0.731962
0.671794
0.686599
0.784040
0.693939
0.947866
0.745152
0.554841
0.581340
0.705552
0.699979
0.824380
0.723214
0.752154
0.692141
0.796025
0.722211
0.720421
0.705585
0.747776
0.685511
0.707138
1.013006
0.822794
0.793688
0.834111
0.789953
0.766798
0.891848
0.705910
0.844209
0.620990
0.726070
0.683853
0.755349
0.679910
0.690707
0.635487
0.815528
0.760158
0.561901
0.723228
0.786582
0.545571
0.846147
0.684198
0.823024
0.599434
0.731592
0.747613
0.683704
0.594984
0.705194
0.690647
0.560956
0.703353
0.761177
0.730748
0.703508
0.751718
0.663321
0.800033
0.741667
0.860637
0.623873
0.712195
0.630554
0.676497
0.647748
0.627369
0.845729
0.698438
0.919286
0.605925
0.716236
0.620940
0.871739
0.620003
0.699294
0.623209
0.744075
0.747087
0.816378
0.671396
0.470236
0.597267
0.660372
0.723455
0.688159
0.661802
0.713545
0.557401
0.594079
0.768576
0.719543
0.745715
0.650161
0.657559
0.527849
0.563217
0.613621
0.533980
0.602096
0.535771
0.656251
0.534854
0.535548
0.588540
0.667219
0.590373
0.611104
0.728325
0.635413
0.535692
0.655756
0.531047
0.442777
0.803806
0.598419
0.687510
0.520647
0.549281
0.574844
0.534692
0.779231
0.611094
0.588998
0.622518
0.732196
0.510106
0.499433
0.590965
0.776845
0.603743
0.563374
0.622253
0.569279
0.535142
0.467782
0.729493
0.682125
0.530771
0.513013
0.626451
0.532773
0.626041
0.561860
0.549043
0.547346
0.771423
0.668252
0.616350
0.562536
0.707348
0.655216
0.570639
0.512636
0.589320
0.514761
0.598469
0.682164
0.532996
0.614005
0.595536
0.566926
0.593792
0.584429
0.572463
0.628602
0.506086
0.608363
0.587609
0.656036
0.656767
0.647693
0.537395
0.715742
0.659786
0.541577
0.712750
0.496391
0.543734
0.594971
0.626147
0.485978
0.632150
0.495053
0.746857
0.627345
0.503544
0.722350
0.460148
0.726967
0.492078
0.545832
0.503156
0.560344
0.503460
0.475978
0.654196
0.662865
0.634679
0.684611
0.578764
0.693839
0.769964
0.634466
0.676478
0.725432
0.509327
0.556080
0.438790
0.692453
0.603641
0.680519
0.589672
0.520465
0.699667
0.678439
0.503882
0.491433
0.538635
0.654541
0.559611
0.609713
0.598369
0.471893
0.569923
0.537028
0.502101
0.408565
0.677375
0.689543
0.492477
0.643213
0.547565
0.678235
0.488478
0.630779
0.642831
0.620843
0.439890
0.566999
0.594128
0.781797
0.665638
0.646262
0.513241
0.518284
0.653963
0.518081
0.572043
0.622002
0.568284
0.622570
0.615535
0.602645
0.646674
0.589277
0.821860
0.526636
0.657976
0.589067
0.667163
0.724471
0.604449
0.607749
0.497405
0.601054
0.674906
0.688235
0.656052
0.550697
0.534859
0.668633
0.754714
0.575027
0.532178
0.501238
0.541051
0.600659
0.506376
0.645196
0.548109
0.404124
0.496058
0.533645
0.548277
0.549379
0.477485
0.521827
0.682375
0.554193
0.704163
0.686469
0.780311
0.470592
0.615799
0.544322
0.640970
0.699853
0.869870
0.465161
0.617789
0.620845
0.529067
0.581860
0.759839
0.573756
0.616302
0.600582
0.546775
0.473395
0.586435
0.575183
0.661528
0.688910
0.648969
0.560869
0.552588
0.852110
0.678515
0.629403
0.656575
0.596809
0.657129
0.673603
0.516077
0.555301
0.595959
0.697529
0.657731
0.703834
0.395963
0.569925
0.597174
0.765101
0.540054
0.524976
0.650013
0.440779
0.429052
0.572362
0.555046
0.610363
0.614601
0.684266
0.629722
0.682126
0.691924
0.653105
0.619642
0.622059
0.621972
0.649953
0.630121
0.452276
0.442832
0.597157
0.529332
0.637362
0.759207
0.684071
0.573122
0.584189
0.533417
0.603788
0.476480
0.611387
0.672024
0.605030
0.685296
0.692707
0.539779
0.609996
0.483027
0.650704
0.583340
0.503781
0.534406
0.505261
0.620329
0.560311
0.713649
0.582069
0.546047
0.462253
0.840164
0.553183
0.628021
0.736543
0.688407
0.688092
0.664690
0.755795
0.670852
0.600475
0.673471
0.585910
0.534282
0.624293
0.570497
0.553385
0.542286
0.644514
0.564103
0.695856
0.645987
0.446072
0.681039
0.433928
0.661054
0.713648
0.630569
0.557783
0.503578
0.497818
0.640398
0.461555
0.769350
0.723526
0.645933
0.563180
0.537483
0.498541
0.710711
0.472693
0.553581
0.637868
0.702914
0.692162
0.583176
0.508530
0.489648
0.516275
0.653179
0.717877
0.462769
0.637893
0.683360
0.612069
0.674105
0.545587
0.489046
0.606010
0.587160
0.642343
0.634047
0.604112
0.559547
0.495728
0.609621
0.542131
0.645985
0.659212
0.772342
0.574201
0.723350
0.634854
0.739355
0.509881
0.637505
0.637365
0.635308
0.530498
0.621579
0.639048
0.606212
0.509539
0.569570
0.624300
0.623820
0.587991
0.662991
0.599817
0.515331
0.772866
0.666071
0.561548
0.645725
0.550504
0.522105
0.527432
0.564251
0.763292
0.480913
0.486405
0.532936
0.483619
0.549820
0.454043
0.398135
0.567583
0.466058
0.514683
0.393111
0.420332
0.505457
0.367003
0.319517
0.416199
0.566322
0.420030
0.495409
0.491781
0.495502
0.388678
0.476044
0.372587
0.413151
0.536434
0.481448
0.478582
0.550066
0.572143
0.475024
0.522074
0.464757
0.417373
0.508335
0.354550
0.308774
0.424841
0.574985
0.542145
0.580067
0.578805
0.524112
0.460583
0.490073
0.401510
0.535200
0.411573
0.635900
0.495051
0.506714
0.509043
0.430898
0.480556
0.444867
0.409835
0.467877
0.461148
0.452747
0.419032
0.476855
0.337900
0.633383
0.445696
0.538693
0.344083
0.661256
0.454823
0.489665
0.353026
0.538090
0.631638
0.475003
0.495275
0.492992
0.622521
0.543208
0.561329
0.417136
0.410878
0.527958
0.451783
0.482504
0.542936
0.423534
0.600328
0.472545
0.431215
0.474746
0.258107
0.523761
0.369315
0.462717
0.494348
0.501938
0.381431
0.355950
0.574927
0.390553
0.625085
0.593747
0.416842
0.499520
0.567836
0.561226
0.475505
0.682920
0.508546
0.677083
0.341545
0.446384
0.676171
0.589546
0.480924
0.468540
0.726603
0.566905
0.564811
0.557932
0.471577
0.705736
0.526662
0.442978
0.606213
0.443338
0.554904
0.439982
0.489584
0.604150
0.436189
0.440419
0.519554
0.504110
0.468188
0.493364
0.448342
0.494841
0.480673
0.529374
0.500423
0.339955
0.495693
0.404378
0.433797
0.393953
0.584594
0.590648
0.510890
0.665852
0.566367
0.531990
0.532007
0.626633
0.488298
0.388382
0.435846
0.517935
0.463596
0.414955
0.463831
0.367234
0.428924
0.415605
0.496607
0.449035
0.443070
0.557811
0.609875
0.561383
0.462655
0.489662
0.385027
0.496613
0.585827
0.489982
0.482425
0.407978
0.436074
0.483996
0.496630
0.542007
0.576866
0.362275
0.566300
0.444100
0.431759
0.340031
0.607570
0.438785
0.570197
0.491547
0.465769
0.925652
0.636334
0.423203
0.537592
0.580704
0.705349
0.546407
0.479865
0.482942
0.414643
0.589769
0.417996
0.548404
0.514160
0.462702
0.521028
0.622765
0.560855
0.468501
0.341846
0.553706
0.509390
0.438642
0.437878
0.386443
0.463003
0.497648
0.487675
0.615280
0.537437
0.438477
0.490537
0.553719
0.568010
0.622791
0.577976
0.385224
0.546524
0.463608
0.416982
0.351109
0.442807
0.555627
0.432734
0.562026
0.510887
0.398022
0.527113
0.544117
0.452493
0.488600
0.419700
0.468590
0.577387
0.560034
0.400460
0.460355
0.522056
0.676640
0.701078
0.670717
0.445936
0.505574
0.470627
0.533006
0.480932
0.536226
0.517740
0.456009
0.577999
0.634206
0.613394
0.559571
0.468713
0.536061
0.554046
0.379864
0.560972
0.536320
0.516383
0.592495
0.602955
0.593397
0.729480
0.524907
0.497051
0.527961
0.444000
0.557203
0.494916
0.597856
0.465109
0.498515
0.422002
0.386789
0.520360
0.464211
0.497155
0.570616
0.575512
0.438927
0.451289
0.606169
0.548400
0.548832
0.557765
0.448328
0.518525
0.404163
0.453667
0.588964
0.567130
0.600091
0.462760
0.463969
0.477061
0.432363
0.461956
0.551055
0.377678
0.487368
0.513625
0.370309
0.618086
0.512169
0.387884
0.658655
0.497277
0.440548
0.590986
0.483246
0.433883
0.531681
0.489384
0.541385
0.531513
0.572359
0.333146
0.467185
0.537652
0.451133
0.500383
0.448780
0.453494
0.481113
0.458005
0.456965
0.435011
0.387012
0.432664
0.515103
0.650811
0.606788
0.469212
0.576620
0.634922
0.429697
0.458216
0.421837
0.600679
0.540192
0.562662
0.618600
0.486525
0.608486
0.464224
0.495596
0.502919
0.478642
0.371427
0.493307
0.514032
0.614202
0.390179
0.450153
0.453718
0.540308
0.682893
0.582956
0.525557
0.453741
0.448246
0.561799
0.500684
0.479662
0.514679
0.366800
0.606005
0.437634
0.521563
0.606178
0.454483
0.446729
0.383101
0.446135
0.553956
0.480955
0.408369
0.425661
0.564046
0.393437
0.451109
0.422276
0.362694
0.544603
0.437287
0.407459
0.291090
0.393481
0.488676
0.372784
0.418140
0.434243
0.474762
0.389532
0.327678
0.348074
0.354710
0.361365
0.551339
0.262317
0.338068
0.304088
0.338048
0.482387
0.431932
0.290083
0.349150
0.398134
0.479081
0.421604
0.547050
0.352061
0.347327
0.353261
0.428965
0.307796
0.419750
0.282532
0.292734
0.367001
0.406253
0.424443
0.401995
0.259228
0.480992
0.421557
0.557436
0.398663
0.373732
0.308950
0.489196
0.321748
0.377954
0.319892
0.497715
0.422735
0.392218
0.383883
0.391480
0.362513
0.475497
0.392195
0.337623
0.368783
0.371769
0.435752
0.319396
0.354300
0.277238
0.368321
0.232534
0.297635
0.373565
0.385864
0.322564
0.383378
0.360791
0.383038
0.398562
0.288615
0.397544
0.260814
0.454957
0.364193
0.469025
0.461759
0.441019
0.303251
0.395654
0.301673
0.383056
0.287529
0.256800
0.276477
0.344115
0.346930
0.416013
0.415903
0.398943
0.371473
0.440917
0.456805
0.265902
0.376699
0.232961
0.398028
0.506918
0.340314
0.357545
0.423458
0.359346
0.303496
0.471968
0.397147
0.410735
0.525415
0.422307
0.322964
0.299066
0.435491
0.433246
0.339155
0.284106
0.333145
0.364655
0.424305
0.338121
0.359272
0.434054
0.386737
0.428054
0.390616
0.317287
0.333446
0.365674
0.306661
0.466647
0.475291
0.336555
0.330163
0.318305
0.314771
0.381019
0.411862
0.410389
0.303335
0.371643
0.267605
0.572754
0.516342
0.275273
0.297336
0.434892
0.393690
0.393754
0.288496
0.378187
0.458459
0.423970
0.410310
0.300467
0.433542
0.505112
0.364729
0.392150
0.404278
0.261365
0.401850
0.354095
0.337587
0.461392
0.342219
0.351141
0.410538
0.342462
0.308004
0.320805
0.468494
0.315867
0.462315
0.317363
0.492417
0.426542
0.408142
0.480020
0.421142
0.561019
0.499042
0.515422
0.384348
0.369859
0.637141
0.442692
0.486202
0.475142
0.478153
0.528699
0.702062
0.569216
0.355892
0.422047
0.420785
0.390147
0.448945
0.401527
0.390454
0.358607
0.416445
0.440894
0.383673
0.543188
0.445367
0.392895
0.377893
0.389520
0.445879
0.445448
0.266815
0.379767
0.282746
0.482014
0.367518
0.497801
0.404909
0.449973
0.516910
0.509079
0.407803
0.456718
0.392879
0.380951
0.409353
0.416111
0.430119
0.445345
0.529877
0.351275
0.433918
0.418355
0.513394
0.381929
0.385663
0.360660
0.453250
0.415443
0.448505
0.431168
0.375949
0.447483
0.390104
0.403094
0.378226
0.345681
0.368963
0.328656
0.530705
0.469386
0.367384
0.342609
0.388699
0.428503
0.416296
0.305900
0.510793
0.528421
0.340773
0.397007
0.468887
0.382948
0.310564
0.469556
0.283584
0.449017
0.316966
0.326383
0.419451
0.577100
0.401939
0.393367
0.380650
0.433354
0.445101
0.316572
0.452551
0.384968
0.377773
0.270755
0.454052
0.415895
0.450469
0.590425
0.433053
0.379682
0.432375
0.556304
0.409708
0.406493
0.502181
0.454565
0.578822
0.458070
0.307961
0.400798
0.467571
0.334343
0.442094
0.488101
0.317422
0.341537
0.510710
0.423427
0.380732
0.415583
0.386845
0.285170
0.388564
0.304641
0.425354
0.459970
0.264672
0.490635
0.442185
0.413756
0.472615
0.212165
0.438706
0.447193
0.420145
0.459638
0.385441
0.389089
0.334698
0.282804
0.458427
0.374805
0.342216
0.388242
0.340439
0.302216
0.264899
0.464591
0.443360
0.333832
0.248200
0.393682
0.312288
0.382564
0.372171
0.197835
0.357404
0.429316
0.365525
0.442170
0.546293
0.403594
0.407850
0.366419
0.550477
0.343711
0.386609
0.553845
0.462028
0.415267
0.458335
0.401892
0.527365
0.598078
0.480835
0.376165
0.431440
0.394486
0.421755
0.337495
0.342077
0.425638
0.351077
0.479405
0.464969
0.473911
0.366908
0.472977
0.379339
0.477328
0.541080
0.469251
0.366468
0.373533
0.408966
0.472018
0.424787
0.329840
0.336137
0.273352
0.339223
0.273283
0.321927
0.327829
0.276815
0.272848
0.329031
0.248557
0.216691
0.269646
0.241956
0.332715
0.321596
0.315669
0.256632
0.279447
0.249967
0.218770
0.351113
0.240008
0.335050
0.367546
0.207372
0.283860
0.324438
0.310507
0.231104
0.289843
0.331257
0.220531
0.292883
0.283883
0.309625
0.273117
0.194329
0.279643
0.151443
0.322880
0.524034
0.266576
0.282758
0.312255
0.228264
0.303303
0.209629
0.449909
0.213379
0.316302
0.350477
0.230557
0.329456
0.251123
0.232461
0.230074
0.259350
0.330543
0.422890
0.270128
0.302709
0.242626
0.288784
0.303323
0.236076
0.288561
0.329210
0.204778
0.305813
0.224221
0.408638
0.242009
0.251701
0.227848
0.293268
0.330543
0.299281
0.287259
0.253628
0.223767
0.392244
0.286748
0.250408
0.222215
0.296480
0.303492
0.283806
0.204123
0.261364
0.229107
0.311118
0.462535
0.262295
0.283615
0.315662
0.225343
0.275564
0.276516
0.249448
0.367683
0.252515
0.308287
0.334616
0.245553
0.319384
0.329495
0.255910
0.172862
0.289071
0.237007
0.239160
0.234818
0.233118
0.295807
0.405427
0.214872
0.240787
0.257050
0.334671
0.248115
0.237603
0.387527
0.277451
0.312974
0.312390
0.243111
0.260791
0.357581
0.264194
0.235539
0.233070
0.195251
0.309493
0.253518
0.186339
0.242510
0.382124
0.257801
0.328278
0.207701
0.249884
0.271018
0.176798
0.171427
0.319826
0.401947
0.207998
0.292286
0.297059
0.331789
0.313895
0.352454
0.289931
0.357415
0.320016
0.323469
0.310697
0.448115
0.434083
0.291772
0.277572
0.324929
0.381392
0.423757
0.309987
0.246491
0.330052
0.353222
0.238162
0.297027
0.281038
0.399282
0.256522
0.272805
0.251227
0.350475
0.242458
0.222319
0.218097
0.280519
0.286764
0.307688
0.303503
0.241077
0.338354
0.355480
0.187237
0.391014
0.265763
0.299252
0.218161
0.243378
0.353831
0.358479
0.401732
0.307890
0.401304
0.223101
0.272816
0.189610
0.418453
0.308571
0.222408
0.306473
0.338095
0.252994
0.409921
0.227783
0.318144
0.515935
0.250260
0.357588
0.296088
0.413799
0.272528
0.359245
0.412394
0.304466
0.251338
0.360716
0.352043
0.273691
0.304669
0.252318
0.234994
0.334884
0.230989
0.187742
0.219224
0.300742
0.257554
0.319300
0.384232
0.383520
0.334009
0.194058
0.225094
0.346661
0.297339
0.220054
0.413978
0.264287
0.388949
0.245145
0.366296
0.333506
0.261928
0.317097
0.223545
0.239680
0.410312
0.267764
0.319646
0.335952
0.286949
0.371396
0.316591
0.360549
0.277894
0.423092
0.226332
0.348235
0.269067
0.330933
0.177051
0.245188
0.172534
0.232320
0.349835
0.326122
0.280738
0.276185
0.262100
0.282075
0.333722
0.207634
0.299609
0.286770
0.292660
0.309937
0.260367
0.336726
0.299519
0.222361
0.308415
0.294642
0.341715
0.215991
0.377878
0.357073
0.340644
0.266234
0.249246
0.423797
0.339633
0.373270
0.298218
0.172724
0.287095
0.317880
0.274313
0.240877
0.375665
0.340267
0.241436
0.257699
0.328474
0.284840
0.321676
0.290096
0.345175
0.312433
0.268894
0.203449
0.362900
0.328975
0.322057
0.448869
0.225294
0.376690
0.317537
0.281710
0.353418
0.303606
0.245219
0.281369
0.455117
0.356467
0.320655
0.247404
0.291477
0.380415
0.377573
0.252099
0.235527
0.377111
0.252051
0.324711
0.358504
0.326349
0.435976
0.300439
0.390740
0.412834
0.330077
0.330420
0.345211
0.378573
0.481438
0.326230
0.430401
0.305938
0.304655
0.338537
0.399719
0.168010
0.419034
0.295246
0.266578
0.275597
0.249195
0.245241
0.307847
0.358329
0.437142
0.313957
0.319939
0.325661
0.276011
0.244100
0.300964
0.365788
0.232518
0.330942
0.294781
0.308476
0.341447
0.314676
0.320352
0.312562
0.294538
0.259580
0.197183
0.372491
0.211170
0.227921
0.354397
0.211726
0.390397
0.130911
0.274826
0.199691
0.188008
0.198210
0.193784
0.192527
0.140717
0.232647
0.229496
0.203334
0.175237
0.204476
0.226981
0.199753
0.145444
0.210188
0.150333
0.212769
0.240913
0.165937
0.264622
0.232334
0.180456
0.148446
0.196802
0.276383
0.145392
0.265317
0.114667
0.219316
0.217964
0.163254
0.179860
0.322687
0.116768
0.260765
0.228403
0.178093
0.165755
0.173651
0.205641
0.146824
0.184754
0.203739
0.181114
0.233568
0.432132
0.230624
0.129335
0.159792
0.132231
0.198055
0.154228
0.247747
0.165669
0.228278
0.153746
0.165960
0.215851
0.294108
0.110815
0.233241
0.216700
0.206583
0.281586
0.219209
0.219357
0.151637
0.178478
0.170009
0.168628
0.265091
0.269508
0.143581
0.251992
0.247759
0.228482
0.200258
0.235497
0.234080
0.225193
0.111301
0.251833
0.209520
0.241366
0.180905
0.170817
0.245847
0.205764
0.171865
0.117157
0.166446
0.194420
0.171773
0.128614
0.149095
0.129578
0.152899
0.246892
0.171948
0.258075
0.152678
0.180960
0.211303
0.145599
0.202543
0.277797
0.173980
0.165100
0.205277
0.119409
0.169363
0.185254
0.221201
0.110614
0.323876
0.151894
0.158173
0.199949
0.140382
0.236728
0.238168
0.258114
0.162601
0.195481
0.253424
0.230011
0.165571
0.237015
0.190215
0.225769
0.204197
0.207626
0.262325
0.199244
0.262506
0.216834
0.345761
0.267439
0.198951
0.147845
0.194737
0.221666
0.340627
0.220354
0.230617
0.256059
0.115680
0.147980
0.280962
0.208660
0.199356
0.190871
0.216954
0.198487
0.292307
0.180527
0.234850
0.204032
0.219502
0.187125
0.165829
0.204990
0.247132
0.347075
0.156344
0.209429
0.167521
0.149515
0.321549
0.169209
0.165848
0.232481
0.200620
0.188405
0.261047
0.262821
0.229628
0.173125
0.131358
0.283221
0.209623
0.244426
0.220922
0.256724
0.131042
0.185573
0.240556
0.191073
0.184334
0.318378
0.206402
0.303265
0.152570
0.227764
0.298961
0.164548
0.209731
0.183593
0.188232
0.227143
0.257120
0.276507
0.257390
0.217832
0.289882
0.220344
0.189454
0.192763
0.234785
0.182000
0.198849
0.217368
0.219948
0.256614
0.217365
0.360060
0.224492
0.181275
0.155748
0.173902
0.196873
0.229697
0.119077
0.183542
0.128089
0.329709
0.144976
0.298735
0.198727
0.163354
0.195366
0.109211
0.163858
0.210632
0.216236
0.246338
0.210025
0.183788
0.203248
0.093146
0.343155
0.172494
0.199017
0.198381
0.221946
0.167792
0.229746
0.127978
0.140663
0.275732
0.178334
0.177269
0.240997
0.133840
0.387603
0.145752
0.121261
0.220747
0.298777
0.260010
0.326582
0.264976
0.277094
0.216168
0.199483
0.181918
0.187797
0.294468
0.221393
0.264290
0.304674
0.251563
0.224065
0.157745
0.268590
0.193988
0.144193
0.154991
0.252434
0.225125
0.217460
0.282722
0.231463
0.255511
0.172157
0.293638
0.171897
0.184686
0.177334
0.186435
0.265774
0.180027
0.197752
0.178722
0.349918
0.220840
0.264101
0.233610
0.239146
0.354328
0.257885
0.214101
0.254176
0.297199
0.279096
0.221122
0.242036
0.204015
0.260845
0.369578
0.217031
0.185320
0.207759
0.251437
0.215258
0.391829
0.192043
0.206941
0.252842
0.182799
0.291140
0.184673
0.293813
0.220799
0.190693
0.228300
0.198194
0.230561
0.117542
0.105382
0.314708
0.214424
0.309941
0.105731
0.159323
0.170734
0.192430
0.294366
0.211437
0.273766
0.211601
0.233009
0.274119
0.188723
0.186176
0.150926
0.198630
0.286780
0.309271
0.200390
0.203056
0.365706
0.297167
0.237966
0.165929
0.284621
0.247167
0.238395
0.194746
0.183842
0.368560
0.286071
0.186560
0.240928
0.275232
0.330458
0.218981
0.251095
0.167623
0.274136
0.218451
0.183782
0.227982
0.146266
0.184355
0.163640
0.256287
0.211636
0.299814
0.271721
0.320555
0.134022
0.275762
0.221667
0.332216
0.206990
0.224476
0.121274
0.174847
0.163240
0.115468
0.149012
0.145044
0.092588
0.113319
0.130735
0.133391
0.140131
0.132256
0.264492
0.207590
0.146070
0.095752
0.234833
0.196867
0.138151
0.147371
0.094578
0.097793
0.150658
0.175540
0.151416
0.139155
0.203872
0.172628
0.065354
0.229603
0.118220
0.229108
0.069637
0.084233
0.281996
0.239103
0.166820
0.126337
0.118427
0.091171
0.178486
0.211562
0.228751
0.187341
0.157743
0.140150
0.175387
0.144787
0.161040
0.105145
0.111876
0.085631
0.088212
0.186063
0.094316
0.148305
0.080842
0.093206
0.147998
0.166369
0.162937
0.117302
0.170361
0.095815
0.129355
0.108250
0.095352
0.183640
0.093931
0.147887
0.173135
0.175875
0.161744
0.103189
0.221351
0.101177
0.057767
0.099997
0.143011
0.196267
0.062090
0.094404
0.096717
0.117224
0.119252
0.181388
0.081702
0.093370
0.087686
0.091107
0.127406
0.137778
0.195073
0.073786
0.155079
0.218385
0.165071
0.097858
0.122793
0.086605
0.165525
0.072639
0.149093
0.127803
0.164861
0.170615
0.097758
0.079446
0.094665
0.077364
0.169114
0.043900
0.065646
0.105398
0.098817
0.116557
0.157421
0.108989
0.105404
0.099136
0.085521
0.191635
0.098681
0.121642
0.177096
0.121607
0.060184
0.118602
0.126165
0.126238
0.094969
0.131962
0.102829
0.177924
0.143337
0.159888
0.113839
0.095961
0.098527
0.129443
0.116237
0.120114
0.082687
0.091244
0.155036
0.289123
0.106758
0.132201
0.142368
0.157951
0.093425
0.109910
0.240482
0.102452
0.136460
0.309276
0.209654
0.146255
0.090750
0.140254
0.246997
0.106285
0.237263
0.130922
0.151460
0.152000
0.127491
0.127420
0.220203
0.187573
0.108838
0.096681
0.136802
0.219240
0.168791
0.251461
0.159355
0.094726
0.194020
0.126293
0.146070
0.060124
0.167904
0.086864
0.102040
0.124160
0.105490
0.167600
0.098589
0.079217
0.141987
0.173780
0.148154
0.130369
0.148588
0.104270
0.135498
0.142354
0.329983
0.227836
0.142765
0.099164
0.067918
0.185926
0.201127
0.251431
0.145258
0.108868
0.293789
0.272116
0.224046
0.180461
0.219579
0.148542
0.207639
0.201540
0.207765
0.268612
0.115553
0.204462
0.259812
0.140664
0.136423
0.106074
0.168354
0.219872
0.117517
0.176242
0.169163
0.141776
0.196456
0.137407
0.085223
0.148317
0.145599
0.151264
0.120950
0.112526
0.125751
0.141152
0.113514
0.156487
0.107684
0.072731
0.105026
0.124504
0.129805
0.156952
0.187665
0.185687
0.098665
0.120320
0.117567
0.187508
0.080760
0.249607
0.177519
0.078737
0.188118
0.096218
0.145716
0.106030
0.137946
0.176898
0.077149
0.116328
0.107873
0.061283
0.143444
0.132793
0.100079
0.111653
0.120447
0.107557
0.142753
0.134019
0.124194
0.134126
0.073928
0.125567
0.124692
0.149812
0.112104
0.125006
0.134036
0.076403
0.207842
0.108565
0.144704
0.133789
0.138287
0.130268
0.166900
0.157972
0.118916
0.270530
0.239218
0.153082
0.094517
0.174465
0.194330
0.134355
0.177240
0.143422
0.109137
0.166849
0.176305
0.117592
0.190683
0.224181
0.181003
0.078334
0.179268
0.264246
0.173527
0.134670
0.188812
0.115433
0.079829
0.109500
0.178006
0.148750
0.224223
0.166660
0.112424
0.134746
0.211621
0.175192
0.238672
0.174973
0.130283
0.131330
0.118991
0.066716
0.136126
0.172721
0.151296
0.183034
0.253744
0.257544
0.219997
0.108794
0.190423
0.139741
0.139807
0.248592
0.090427
0.133931
0.270916
0.146196
0.163446
0.132942
0.216012
0.110143
0.244166
0.160816
0.176423
0.162476
0.220496
0.223141
0.190854
0.150921
0.229806
0.256496
0.138940
0.139718
0.280190
0.149203
0.139843
0.191009
0.189399
0.165785
0.148584
0.128129
0.122140
0.228972
0.246940
0.125519
0.176334
0.270522
0.272869
0.214531
0.258072
0.221553
0.242963
0.164636
0.229815
0.210640
0.132756
0.138979
0.141525
0.126565
0.147854
0.130045
0.062338
0.126768
0.086967
0.125934
0.134714
0.106414
0.091314
0.049115
0.057726
0.107046
0.059064
0.092977
0.104457
0.080296
0.130821
0.058395
0.046146
0.119079
0.107123
0.104059
0.089225
0.108565
0.067656
0.051229
0.088689
0.145010
0.063235
0.098158
0.034385
0.098538
0.045411
0.098964
0.062630
0.140671
0.103452
0.061508
0.076380
0.055169
0.094214
0.085607
0.142330
0.153923
0.126873
0.116713
0.061163
0.137321
0.147170
0.089172
0.111201
0.053709
0.042174
0.103933
0.081449
0.193485
0.099539
0.078411
0.169313
0.088765
0.099770
0.092545
0.165878
0.118212
0.081707
0.043694
0.165511
0.101686
0.055334
0.039118
0.069632
0.070828
0.094172
0.054091
0.092991
0.056455
0.121942
0.076927
0.097714
0.076915
0.095391
0.061950
0.126275
0.097341
0.071785
0.061729
0.119129
0.070825
0.037155
0.038403
0.129365
0.105402
0.062685
0.097841
0.091809
0.063838
0.036827
0.054118
0.108891
0.096012
0.068677
0.106190
0.085003
0.091354
0.113683
0.135643
0.068403
0.121521
0.123261
0.160810
0.085423
0.076689
0.116760
0.088698
0.088546
0.038711
0.075589
0.097631
0.144937
0.097053
0.098518
0.124494
0.147934
0.084995
0.121715
0.060685
0.099517
0.065812
0.146013
0.076047
0.077693
0.080956
0.095778
0.108069
0.054181
0.093934
0.130187
0.076413
0.033867
0.061027
0.088867
0.172133
0.078805
0.122659
0.058729
0.077674
0.078974
0.087558
0.110482
0.094116
0.112014
0.117755
0.097207
0.144205
0.104426
0.119871
0.067073
0.087744
0.120611
0.088986
0.133765
0.134128
0.155623
0.180759
0.094635
0.113359
0.080542
0.040840
0.052340
0.228274
0.074301
0.132031
0.079874
0.202682
0.136026
0.092740
0.071122
0.078810
0.118604
0.135734
0.048286
0.127419
0.157743
0.094075
0.185313
0.088345
0.146489
0.196059
0.056015
0.082607
0.100198
0.148943
0.106954
0.125691
0.112912
0.095135
0.041858
0.168536
0.147604
0.140164
0.205155
0.049816
0.256077
0.145689
0.075668
0.109818
0.119016
0.151714
0.150119
0.095880
0.122962
0.129678
0.186327
0.082699
0.139436
0.139253
0.062400
0.067947
0.119578
0.063972
0.074697
0.083930
0.058485
0.077767
0.112430
0.071083
0.110311
0.052630
0.103738
0.164728
0.073502
0.073849
0.136157
0.110268
0.109378
0.076729
0.096753
0.054952
0.118315
0.125526
0.082271
0.079259
0.121167
0.106274
0.089731
0.111987
0.067145
0.091450
0.062309
0.068953
0.154052
0.092276
0.032245
0.045649
0.081622
0.136955
0.060132
0.082219
0.070057
0.059345
0.148496
0.065921
0.058477
0.041102
0.065633
0.076156
0.072410
0.091019
0.118216
0.081678
0.098736
0.160431
0.066149
0.061770
0.100969
0.134386
0.049550
0.092656
0.094560
0.103106
0.109152
0.104516
0.121202
0.099294
0.118465
0.133867
0.058411
0.043010
0.092730
0.038669
0.133236
0.147760
0.093855
0.083719
0.117260
0.098883
0.134063
0.132874
0.117292
0.064407
0.151565
0.183375
0.174600
0.170741
0.098300
0.064701
0.073722
0.139138
0.075202
0.166044
0.189167
0.159968
0.093423
0.112732
0.154915
0.086985
0.165100
0.058976
0.112958
0.113781
0.099021
0.100751
0.152556
0.127884
0.106034
0.194790
0.092774
0.176136
0.119211
0.151825
0.143700
0.065078
0.131288
0.103227
0.089891
0.133397
0.134846
0.135366
0.130280
0.167185
0.203786
0.140448
0.076757
0.174352
0.269654
0.236713
0.122971
0.186248
0.137200
0.193811
0.237955
0.069937
0.137357
0.152681
0.139974
0.066965
0.121340
0.107870
0.163405
0.098379
0.130212
0.174996
0.153219
0.169696
0.079941
0.044125
0.100092
0.167176
0.124954
0.189260
0.102699
0.107505
0.129563
0.132078
0.132307
0.105193
0.163554
0.075654
0.091074
0.121089
0.101351
0.125187
0.178814
0.059397
0.109305
0.130946
0.088288
0.147052
0.121667
0.110163
0.157443
0.124638
0.189853
0.062085
0.036156
0.078032
0.075440
0.076676
0.075194
0.065612
0.045189
0.087438
0.074281
0.111560
0.099181
0.097048
0.025911
0.097006
0.085867
0.064630
0.077462
0.042213
0.045740
0.067300
0.071195
0.072372
0.020208
0.060970
0.042574
0.052568
0.061885
0.020799
0.040984
0.051500
0.066719
0.111727
0.044876
0.046082
0.042795
0.031201
0.096309
0.038161
0.073685
0.059247
0.046594
0.052165
0.043586
0.033159
0.063511
0.032018
0.056005
0.039172
0.016698
0.039527
0.082726
0.053730
0.094788
0.058379
0.039623
0.051948
0.021627
0.125693
0.140718
0.043064
0.046870
0.107344
0.034525
0.137164
0.049190
0.039360
0.069831
0.078497
0.063270
0.058934
0.032366
0.094681
0.090081
0.099974
0.027702
0.092159
0.103279
0.079194
0.072359
0.043367
0.140889
0.047738
0.075028
0.038840
0.053744
0.055256
0.100169
0.058103
0.048498
0.027722
0.039754
0.075493
0.069213
0.064338
0.094533
0.117145
0.084378
0.068498
0.058165
0.069983
0.072175
0.049533
0.054163
0.080068
0.035622
0.041237
0.047288
0.068848
0.104757
0.158886
0.055971
0.062721
0.053741
0.098487
0.136738
0.058185
0.099971
0.088896
0.091077
0.061892
0.101027
0.093558
0.067993
0.081186
0.069593
0.143637
0.029875
0.118058
0.109230
0.097445
0.060435
0.041839
0.141420
0.072624
0.144195
0.080197
0.157735
0.241240
0.077466
0.097004
0.178712
0.086245
0.126591
0.131596
0.086303
0.117335
0.133248
0.117070
0.095086
0.049657
0.044807
0.073087
0.157497
0.096088
0.122594
0.145872
0.070490
0.043024
0.131209
0.054959
0.120279
0.046192
0.085671
0.034569
0.093245
0.089189
0.076743
0.097657
0.045818
0.041198
0.135139
0.061160
0.074921
0.103025
0.048218
0.037332
0.049505
0.063348
0.049402
0.125398
0.052600
0.168104
0.074598
0.028464
0.082300
0.068906
0.064313
0.098341
0.066973
0.042481
0.062957
0.029804
0.051594
0.165862
0.095026
0.120966
0.117200
0.043960
0.133697
0.040844
0.091135
0.031467
0.117318
0.061556
0.101228
0.097919
0.152281
0.064239
0.079782
0.159496
0.151722
0.050611
0.094751
0.052748
0.079615
0.076505
0.050371
0.053753
0.055415
0.039701
0.058503
0.095542
0.051834
0.178069
0.179633
0.069101
0.051579
0.049196
0.093434
0.042308
0.062510
0.121791
0.064563
0.072144
0.043892
0.055151
0.082816
0.092314
0.080357
0.084870
0.065743
0.078883
0.036640
0.066720
0.182188
0.073318
0.062043
0.057850
0.103486
0.083928
0.102666
0.134680
0.149576
0.147275
0.092562
0.113033
0.215347
0.133177
0.086176
0.164718
0.213258
0.052628
0.078747
0.066847
0.118798
0.082747
0.146778
0.074050
0.123737
0.126384
0.114394
0.056183
0.143426
0.081098
0.049441
0.160687
0.060619
0.051394
0.088259
0.097683
0.070209
0.072584
0.101681
0.123405
0.092403
0.072661
0.068961
0.066610
0.085627
0.099396
0.049886
0.132784
0.104444
0.052027
0.097292
0.072091
0.183342
0.086673
0.047925
0.107110
0.160209
0.144080
0.066577
0.120628
0.108151
0.072836
0.144594
0.056564
0.100038
0.048458
0.141271
0.076587
0.063582
0.053242
0.101054
0.123252
0.077590
0.109725
0.132303
0.154301
0.095033
0.072965
0.086823
0.027476
0.061919
0.154102
0.056463
0.105766
0.076112
0.099813
0.128201
0.093170
0.121774
0.107243
0.143452
0.127537
0.155094
0.081859
0.099955
0.091332
0.170320
0.112317
0.140966
0.100588
0.108376
0.067856
0.047620
0.149300
0.110692
0.080823
0.065674
0.113498
0.140890
0.073992
0.052708
0.062335
0.135957
0.075394
0.046513
0.037324
0.054392
0.101868
0.041479
0.036823
0.159986
0.131118
0.099235
0.076883
0.118889
0.131135
0.055126
0.102343
0.095799
0.059343
0.075219
0.045289
0.042079
0.077313
0.064159
0.111004
0.095481
0.101453
0.060122
0.161806
0.057176
0.091262
0.109139
0.037780
0.097367
0.142230
0.060553
0.027674
0.030761
0.077951
0.078579
0.065940
0.103875
0.043637
0.048525
0.032283
0.027954
0.029649
0.064949
0.078300
0.034960
0.070799
0.084538
0.090841
0.088272
0.034266
0.070021
0.079462
0.071025
0.044146
0.022732
0.103957
0.062231
0.036065
0.024435
0.098293
0.131569
0.053845
0.030237
0.067384
0.062233
0.065036
0.071623
0.033784
0.011590
0.067699
0.043012
0.045671
0.083678
0.034846
0.058132
0.123774
0.094011
0.056438
0.042470
0.037959
0.037001
0.061232
0.048265
0.076586
0.098690
0.042156
0.052389
0.018894
0.110162
0.107351
0.042627
0.041394
0.027763
0.061607
0.052708
0.115896
0.063167
0.031391
0.032539
0.035192
0.036907
0.051167
0.074980
0.062896
0.103609
0.101984
0.042826
0.069987
0.017777
0.068457
0.029173
0.053327
0.053483
0.032920
0.056798
0.016788
0.046370
0.079418
0.026093
0.036433
0.050913
0.045816
0.071839
0.111243
0.057967
0.074804
0.053511
0.128113
0.079437
0.097970
0.116523
0.077451
0.169956
0.038582
0.026014
0.065380
0.090925
0.041548
0.136844
0.082762
0.097114
0.052927
0.072394
0.117895
0.042332
0.056825
0.070113
0.060486
0.092569
0.079627
0.102188
0.018816
0.045870
0.035677
0.048948
0.038410
0.158974
0.037482
0.076917
0.067378
0.086877
0.128283
0.029354
0.054778
0.060995
0.087913
0.049634
0.069822
0.060230
0.064982
0.056413
0.073743
0.158376
0.053690
0.045380
0.035413
0.077046
0.098686
0.113729
0.133058
0.030726
0.057027
0.083269
0.036952
0.103585
0.066663
0.091932
0.069569
0.070231
0.041660
0.153279
0.036407
0.058452
0.075215
0.026359
0.112895
0.052968
0.112231
0.057725
0.190344
0.035712
0.157685
0.116294
0.147681
0.100341
0.067918
0.054333
0.069695
0.119848
0.070217
0.038466
0.078344
0.134297
0.095617
0.175515
0.056852
0.057914
0.024134
0.079765
0.052951
0.131158
0.045922
0.084732
0.079860
0.077299
0.046361
0.043256
0.094752
0.085463
0.159711
0.047999
0.063308
0.115291
0.062571
0.090141
0.052031
0.106892
0.055516
0.030378
0.089471
0.039151
0.098449
0.060920
0.082953
0.063250
0.051511
0.086314
0.081338
0.072839
0.036480
0.115258
0.110699
0.046856
0.088686
0.102707
0.043016
0.077466
0.043115
0.084381
0.082466
0.054991
0.066108
0.054305
0.098092
0.048469
0.050412
0.056950
0.083870
0.041429
0.034441
0.122047
0.095876
0.064121
0.104625
0.054872
0.022128
0.072926
0.079924
0.080964
0.059877
0.089208
0.066754
0.050666
0.082823
0.088261
0.025419
0.052270
0.074898
0.054935
0.090577
0.074866
0.151780
0.030030
0.069150
0.185817
0.176959
0.141380
0.037689
0.103930
0.097018
0.125250
0.090828
0.027252
0.041847
0.114714
0.036986
0.099899
0.176343
0.048069
0.079180
0.066163
0.132074
0.066578
0.070898
0.035563
0.068331
0.050159
0.155383
0.053078
0.084748
0.070032
0.040552
0.124352
0.071640
0.038810
0.038569
0.030808
0.085238
0.086363
0.098924
0.093311
0.075551
0.082267
0.051661
0.162510
0.075738
0.039443
0.057121
0.074875
0.074955
0.200960
0.082467
0.147734
0.065975
0.099276
0.101483
0.111835
0.109660
0.030870
0.021513
0.121676
0.060451
0.070474
0.027595
0.106160
0.065008
0.077524
0.079213
0.057033
0.136450
0.125739
0.079819
0.034461
0.066200
0.029890
0.155403
0.094779
0.084565
0.089569
0.074877
0.126256
0.090739
0.079219
0.047632
0.138341
0.107196
0.042901
0.076552
0.074580
0.092421
0.059461
0.041993
0.151233
0.070246
0.054543
0.043701
0.051625
0.116396
0.046839
0.051494
0.089754
0.064608
0.032871
0.094338
0.113281
0.096956
0.118237
0.066129
0.072704
0.048039
0.103436
0.077436
0.035687
0.146519
0.067837
0.081814
0.066641
0.056383
0.078290
0.056272
0.060720
0.131313
0.075231
0.112168
0.040220
0.108064
0.122780
0.020883
0.108561
0.104796
0.042655
0.017283
0.044030
0.051460
0.051106
0.144718
0.045512
0.021399
0.067146
0.053321
0.063078
0.046755
0.044996
0.042457
0.021756
0.047333
0.062360
0.111594
0.063110
0.031191
0.037724
0.019073
0.053165
0.024865
0.067568
0.034415
0.026585
0.016941
0.018560
0.054066
0.012390
0.053563
0.069900
0.016099
0.021817
0.068099
0.075088
0.041596
0.021132
0.015232
0.026691
0.025241
0.059577
0.056470
0.041683
0.050513
0.055117
0.027625
0.046685
0.050108
0.064351
0.026814
0.037673
0.032109
0.089115
0.046448
0.017012
0.014407
0.098800
0.040696
0.052129
0.015927
0.024420
0.058011
0.031802
0.011501
0.108950
0.033824
0.027025
0.020349
0.021190
0.077716
0.065356
0.084319
0.017666
0.039877
0.024344
0.036610
0.096503
0.046315
0.026843
0.040365
0.066967
0.079526
0.057442
0.026063
0.046245
0.031631
0.076399
0.166137
0.067988
0.048753
0.018562
0.028616
0.050572
0.045469
0.075872
0.029583
0.016402
0.036752
0.034576
0.072655
0.041834
0.053617
0.024975
0.066152
0.034655
0.038085
0.086440
0.046723
0.069211
0.068395
0.147951
0.049431
0.065772
0.051571
0.066717
0.065125
0.036799
0.017081
0.024015
0.052506
0.077528
0.040438
0.048835
0.081774
0.025435
0.033228
0.029818
0.127016
0.044989
0.024256
0.090318
0.036895
0.017713
0.031625
0.029362
0.021610
0.018585
0.025397
0.122306
0.025412
0.028539
0.067361
0.026195
0.033397
0.014412
0.109895
0.069371
0.073223
0.055396
0.084266
0.085407
0.055279
0.049914
0.050013
0.083747
0.075951
0.063023
0.064129
0.055080
0.056289
0.101260
0.022081
0.037782
0.047998
0.013499
0.026312
0.054871
0.035755
0.032167
0.052022
0.035973
0.082987
0.064671
0.067668
0.069604
0.103664
0.097963
0.016641
0.044695
0.091345
0.056996
0.021783
0.100048
0.028620
0.023307
0.031037
0.057639
0.106074
0.131548
0.047868
0.073834
0.030889
0.173342
0.052732
0.021022
0.028516
0.013001
0.035479
0.103290
0.020519
0.073761
0.027194
0.079580
0.047638
0.024685
0.059703
0.035985
0.046332
0.017438
0.074201
0.035679
0.100071
0.077089
0.073612
0.071923
0.053302
0.066709
0.019692
0.024633
0.060341
0.078062
0.030089
0.107235
0.129414
0.022186
0.117140
0.101752
0.060087
0.113404
0.063614
0.037585
0.046704
0.019069
0.025024
0.028582
0.055703
0.075814
0.150708
0.028284
0.085734
0.066078
0.009126
0.032532
0.058326
0.058251
0.066432
0.036321
0.068412
0.040271
0.062157
0.057759
0.148665
0.080424
0.021467
0.039479
0.028170
0.061082
0.053357
0.053122
0.122432
0.052220
0.031534
0.035435
0.056458
0.089540
0.107678
0.046020
0.083186
0.051472
0.079920
0.056089
0.034216
0.059977
0.100008
0.065881
0.114612
0.057493
0.075857
0.075533
0.107433
0.039665
0.020290
0.039856
0.037684
0.023201
0.093558
0.045073
0.055423
0.060167
0.035204
0.069599
0.065703
0.094448
0.026987
0.030296
0.110034
0.094474
0.057270
0.082125
0.053682
0.089764
0.088482
0.053063
0.065839
0.105647
0.085886
0.023662
0.067938
0.040162
0.092311
0.080035
0.083987
0.070231
0.017089
0.076259
0.047968
0.055083
0.068764
0.040844
0.082844
0.027345
0.036450
0.035663
0.082515
0.105585
0.060451
0.033448
0.052934
0.039206
0.044987
0.077591
0.056736
0.079222
0.077821
0.093001
0.095678
0.032487
0.071580
0.068399
0.070730
0.120692
0.051404
0.049802
0.072110
0.071490
0.027337
0.075859
0.058457
0.027556
0.038788
0.079496
0.128859
0.067632
0.030784
0.063713
0.050554
0.074288
0.045922
0.058120
0.070460
0.073630
0.127756
0.048989
0.072151
0.052377
0.035941
0.015418
0.071670
0.060116
0.033686
0.035723
0.041735
0.026802
0.077373
0.034777
0.018074
0.047684
0.024684
0.071077
0.028396
0.048008
0.072607
0.029937
0.050207
0.086137
0.077373
0.023221
0.050599
0.037649
0.056283
0.021300
0.057118
0.125407
0.073832
0.041306
0.017452
0.038418
0.115600
0.006990
0.027684
0.036856
0.093738
0.019235
0.008312
0.044968
0.063286
0.055576
0.034340
0.039759
0.071131
0.048581
0.055432
0.012657
0.065507
0.023987
0.034853
0.024370
0.018760
0.013683
0.031360
0.101518
0.012875
0.030970
0.038743
0.039520
0.020641
0.043442
0.102251
0.038781
0.016918
0.012780
0.073023
0.149283
0.034773
0.040784
0.041676
0.047434
0.035443
0.091455
0.032224
0.043805
0.101395
0.033850
0.091896
0.029962
0.077836
0.024159
0.055201
0.071269
0.011888
0.024390
0.029676
0.020218
0.060486
0.066416
0.030881
0.050671
0.030179
0.091170
0.057038
0.070220
0.032829
0.050270
0.085200
0.053167
0.049896
0.044841
0.010032
0.023329
0.035757
0.068440
0.020600
0.028806
0.043707
0.092878
0.057968
0.045459
0.053117
0.041448
0.055127
0.026149
0.057327
0.079864
0.050995
0.027699
0.026623
0.050310
0.034892
0.064689
0.043531
0.028643
0.083211
0.036550
0.033756
0.031050
0.040722
0.066578
0.040025
0.063202
0.083857
0.010729
0.027314
0.065835
0.048724
0.033815
0.009918
0.117821
0.035104
0.028445
0.063264
0.031461
0.015491
0.022920
0.084700
0.057638
0.051181
0.032193
0.070534
0.066547
0.091146
0.035722
0.080913
0.036669
0.082385
0.025425
0.082861
0.052121
0.048247
0.059492
0.028255
0.030028
0.044375
0.034881
0.050703
0.007042
0.043243
0.030427
0.047596
0.012848
0.055679
0.009625
0.013609
0.044931
0.039026
0.050631
0.031862
0.025416
0.037471
0.027478
0.012616
0.022871
0.036939
0.043695
0.050366
0.030075
0.032399
0.033825
0.036008
0.023419
0.026426
0.016614
0.036598
0.018176
0.015965
0.025548
0.018593
0.033524
0.022362
0.074048
0.045240
0.087620
0.036892
0.112047
0.015093
0.028305
0.053932
0.062355
0.032724
0.014066
0.025609
0.074474
0.101764
0.012743
0.099770
0.035290
0.072653
0.020449
0.065555
0.026793
0.059571
0.026166
0.051843
0.031908
0.037584
0.025820
0.075123
0.018116
0.114948
0.098399
0.016870
0.075009
0.043999
0.132451
0.053712
0.028018
0.074044
0.023426
0.067182
0.048715
0.162662
0.116694
0.070743
0.035956
0.042454
0.081874
0.148181
0.056933
0.074845
0.081479
0.044286
0.236471
0.066532
0.064848
0.086203
0.060216
0.111371
0.273678
0.053236
0.042647
0.072995
0.082433
0.077494
0.135676
0.138898
0.101778
0.144958
0.079579
0.079889
0.035188
0.103458
0.110769
0.096337
0.132253
0.063645
0.090986
0.062637
0.135104
0.050135
0.098574
0.099785
0.111779
0.060340
0.087963
0.175400
0.047566
0.145704
0.038339
0.035915
0.033950
0.113378
0.102331
0.106598
0.146929
0.036991
0.119594
0.033637
0.055229
0.199381
0.062361
0.056125
0.113008
0.033707
0.106104
0.069227
0.064768
0.037445
0.137536
0.094068
0.068609
0.050980
0.038030
0.079739
0.053511
0.119139
0.055805
0.072446
0.055591
0.100901
0.093873
0.077775
0.058952
0.037793
0.125254
0.075274
0.075762
0.144838
0.046002
0.062924
0.035135
0.132647
0.129306
0.040910
0.085977
0.058589
0.030451
0.191149
0.125313
0.044263
0.143643
0.133651
0.048390
0.114208
0.029632
0.056242
0.054638
0.036086
0.097267
0.053035
0.034456
0.070503
0.029338
0.143764
0.017086
0.055397
0.092199
0.050067
0.052689
0.044056
0.026092
0.053508
0.065830
0.113836
0.045302
0.031230
0.105274
0.018569
0.037903
0.055125
0.028525
0.021286
0.071380
0.058414
0.051370
0.088755
0.057492
0.070450
0.062012
0.043312
0.064474
0.113720
0.013478
0.046273
0.055788
0.064470
0.033663
0.081808
0.038661
0.051027
0.063739
0.054465
0.045913
0.049158
0.073609
0.046033
0.072189
0.027256
0.036440
0.030076
0.037669
0.034980
0.057794
0.042277
0.063683
0.083592
0.022802
0.071729
0.028626
0.093227
0.061720
0.037306
0.017268
0.009726
0.016606
0.040285
0.061509
0.041578
0.043257
0.030078
0.008938
0.062697
0.019456
0.028743
0.034636
0.015070
0.013222
0.031058
0.022403
0.019968
0.018306
0.026698
0.036384
0.017887
0.035766
0.023358
0.016406
0.026014
0.010243
0.016583
0.013620
0.046473
0.014448
0.039922
0.012247
0.021427
0.003220
0.022099
0.017319
0.036382
0.044022
0.023676
0.041079
0.039581
0.054424
0.030307
0.024204
0.030846
0.013389
0.040255
0.054031
0.005071
0.063303
0.009193
0.012378
0.025214
0.025959
0.010961
0.080017
0.042537
0.015774
0.072288
0.032297
0.030389
0.028992
0.038719
0.029341
0.044785
0.037842
0.024670
0.018468
0.025387
0.020663
0.055544
0.035119
0.042397
0.017040
0.012218
0.005280
0.059430
0.054785
0.035401
0.020952
0.004997
0.019121
0.026586
0.030118
0.007465
0.017488
0.022991
0.028674
0.009865
0.010763
0.038338
0.012993
0.082475
0.009207
0.022607
0.038284
0.016716
0.023140
0.057396
0.023445
0.039826
0.025139
0.016466
0.014959
0.119359
0.071089
0.028497
0.017471
0.013673
0.023858
0.032774
0.041725
0.018953
0.035610
0.055814
0.033801
0.025746
0.036276
0.019337
0.086031
0.049537
0.031457
0.018865
0.038685
0.050221
0.029395
0.010410
0.033930
0.019173
0.042964
0.025428
0.052272
0.012769
0.064168
0.034816
0.026517
0.017311
0.033861
0.047543
0.013876
0.041435
0.024864
0.092309
0.022090
0.042424
0.009855
0.010174
0.056992
0.062898
0.056558
0.035959
0.014823
0.042823
0.028864
0.036027
0.009151
0.030787
0.042193
0.019403
0.107780
0.062393
0.046942
0.028984
0.015174
0.065530
0.026145
0.129325
0.091470
0.037825
0.117190
0.047292
0.036026
0.102946
0.022554
0.079655
0.090226
0.038583
0.088746
0.138844
0.027742
0.058796
0.089929
0.163321
0.041089
0.031566
0.055901
0.029314
0.053464
0.069720
0.036945
0.034266
0.037818
0.043059
0.046599
0.047639
0.049840
0.099288
0.083114
0.039426
0.081837
0.067709
0.056134
0.047114
0.064850
0.092459
0.049486
0.087895
0.045272
0.018803
0.038093
0.035127
0.058256
0.013339
0.126372
0.085994
0.016476
0.038715
0.093428
0.054879
0.033683
0.031314
0.044518
0.030494
0.043089
0.028036
0.073847
0.012133
0.045546
0.045219
0.013922
0.038229
0.028050
0.105574
0.040444
0.037192
0.038710
0.074881
0.065648
0.113941
0.020218
0.030205
0.046289
0.083335
0.141093
0.030140
0.022004
0.020587
0.073780
0.084977
0.071580
0.021409
0.070737
0.069654
0.057864
0.066238
0.035124
0.033891
0.101927
0.035685
0.068512
0.053211
0.024454
0.045223
0.035872
0.117464
0.014473
0.059894
0.013401
0.040831
0.077969
0.105984
0.133636
0.081721
0.069270
0.022505
0.025789
0.051488
0.081755
0.070264
0.069388
0.037613
0.031905
0.020791
0.050931
0.098070
0.037854
0.123719
0.050114
0.114252
0.041796
0.089471
0.073935
0.078138
0.034695
0.047546
0.035882
0.064895
0.064977
0.075724
0.019130
0.021225
0.056832
0.086620
0.035822
0.075644
0.065708
0.061480
0.076510
0.037306
0.088259
0.049238
0.048572
0.037944
0.048301
0.048758
0.022102
0.025259
0.066377
0.042671
0.038978
0.030289
0.018464
0.053829
0.069275
0.049559
0.039120
0.018766
0.058454
0.066041
0.084787
0.039285
0.026828
0.030953
0.090033
0.073274
0.077556
0.027320
0.107152
0.074887
0.064037
0.067568
0.093690
0.016592
0.020962
0.086090
0.070294
0.036749
0.018032
0.057514
0.082671
0.044154
0.020207
0.114064
0.087603
0.080790
0.093433
0.111931
0.072155
0.119229
0.054246
0.028624
0.061407
0.086829
0.024359
0.055267
0.053815
0.068771
0.107233
0.074724
0.076632
0.041610
0.045453
0.074671
0.075260
0.047972
0.055743
0.028817
0.054840
0.112824
0.076050
0.064986
0.132565
0.057851
0.026965
0.053845
0.188520
0.063317
0.051185
0.054505
0.033115
0.040726
0.070152
0.097888
0.095092
0.111011
0.089048
0.054661
0.027906
0.075355
0.041530
0.029632
0.045387
0.056029
0.063256
0.014356
0.044184
0.011752
0.079458
0.027986
0.060741
0.079123
0.071555
0.045750
0.090501
0.032167
0.073258
0.022061
0.047290
0.022907
0.029043
0.046921
0.062321
0.042486
0.060999
0.038499
0.036111
0.027180
0.039479
0.066984
0.043549
0.045929
0.046312
0.009359
0.046018
0.032822
0.020019
0.024841
0.018907
0.015858
0.023316
0.068188
0.012647
0.038866
0.005081
0.022524
0.011672
0.040674
0.031375
0.011445
0.009963
0.028678
0.064035
0.014100
0.028455
0.035452
0.048927
0.031773
0.049592
0.034863
0.057798
0.012775
0.028803
0.009517
0.050551
0.004789
0.019439
0.060039
0.035434
0.012050
0.086276
0.014742
0.091964
0.015083
0.080313
0.018396
0.023560
0.058526
0.009942
0.054471
0.011390
0.050433
0.049580
0.064274
0.039872
0.036873
0.013731
0.017674
0.025064
0.026346
0.060524
0.018550
0.048044
0.046350
0.014421
0.014515
0.065910
0.025669
0.062211
0.083570
0.031799
0.037633
0.061812
0.046568
0.053822
0.034867
0.020005
0.034910
0.018220
0.033890
0.011397
0.043713
0.013796
0.029560
0.020345
0.033806
0.096208
0.010389
0.016207
0.097899
0.023823
0.024907
0.113143
0.027776
0.019797
0.024521
0.020352
0.018600
0.021292
0.048361
0.034854
0.041964
0.068308
0.049664
0.043171
0.017804
0.031631
0.033917
0.019641
0.016707
0.033940
0.051393
0.028960
0.037590
0.028114
0.041472
0.018978
0.021525
0.043094
0.020811
0.015234
0.027652
0.032692
0.072332
0.070157
0.013502
0.038962
0.014126
0.077538
0.054775
0.072311
0.013997
0.023150
0.019209
0.047956
0.113891
0.027530
0.023223
0.007262
0.049178
0.049662
0.036686
0.104633
0.111104
0.030012
0.040365
0.026448
0.061793
0.019440
0.038857
0.051849
0.013254
0.022354
0.014692
0.025838
0.069356
0.022815
0.017783
0.018975
0.043535
0.013741
0.024900
0.060069
0.057006
0.059980
0.018090
0.017544
0.044793
0.025238
0.045364
0.057290
0.013258
0.045010
0.016361
0.015453
0.048743
0.018241
0.032956
0.005487
0.011293
0.052312
0.017245
0.044761
0.040595
0.023069
0.012977
0.026349
0.048131
0.023922
0.067735
0.045488
0.040877
0.005182
0.012772
0.059536
0.024174
0.020108
0.090935
0.014929
0.006957
0.056350
0.010808
0.004080
0.027503
0.058798
0.076068
0.006722
0.026740
0.065985
0.103845
0.068313
0.034620
0.029993
0.038191
0.075192
0.032093
0.067001
0.028782
0.052635
0.030074
0.054205
0.026037
0.018215
0.029701
0.062380
0.100736
0.045263
0.108109
0.040328
0.233596
0.043238
0.017561
0.064093
0.032274
0.016148
0.076125
0.089924
0.087246
0.061613
0.079067
0.040948
0.146412
0.078120
0.041299
0.022879
0.046436
0.051094
0.013508
0.033214
0.031743
0.075704
0.038802
0.047330
0.040634
0.093571
0.035153
0.020983
0.043239
0.028763
0.033680
0.018424
0.050460
0.032868
0.061831
0.047824
0.036691
0.037121
0.086799
0.029736
0.027206
0.089606
0.102656
0.042310
0.048591
0.042172
0.025721
0.041616
0.112495
0.028462
0.067602
0.114802
0.028830
0.114345
0.034296
0.032665
0.061218
0.041518
0.024249
0.023634
0.052242
0.028616
0.097076
0.056442
0.097946
0.065484
0.047425
0.050072
0.074092
0.062878
0.031445
0.052750
0.088822
0.041849
0.019851
0.044488
0.046743
0.039733
0.064243
0.070642
0.045268
0.098690
0.047792
0.055746
0.060010
0.076395
0.053590
0.090758
0.068896
0.029019
0.032122
0.082757
0.047425
0.050503
0.029175
0.082774
0.064826
0.081988
0.076278
0.059564
0.044924
0.063557
0.091218
0.077318
0.052315
0.031663
0.045812
0.063711
0.060869
0.018696
0.145996
0.062576
0.059396
0.048664
0.026228
0.025678
0.016952
0.039002
0.029260
0.043696
0.124862
0.085421
0.069991
0.053492
0.016550
0.014929
0.088082
0.011899
0.011332
0.016964
0.079875
0.048701
0.058470
0.042829
0.035013
0.011505
0.037722
0.049410
0.056376
0.027469
0.026215
0.031329
0.075005
0.016632
0.030230
0.046264
0.100999
0.060892
0.023313
0.060677
0.038237
0.088031
0.008684
0.091162
0.012558
0.020127
0.067585
0.075579
0.075161
0.040188
0.048724
0.111352
0.144171
0.067925
0.014408
0.017571
0.015783
0.035774
0.024221
0.023716
0.011267
0.023154
0.037017
0.009656
0.080097
0.029898
0.068919
0.024613
0.037494
0.066902
0.035140
0.014322
0.058215
0.020532
0.017736
0.023323
0.014064
0.022869
0.031493
0.008592
0.032621
0.031486
0.020092
0.028096
0.002806
0.054785
0.024771
0.009304
0.021535
0.092276
0.027819
0.012264
0.075047
0.009308
0.037291
0.069067
0.070150
0.044344
0.146014
0.012146
0.043554
0.025212
0.065178
0.020703
0.029905
0.012999
0.041992
0.078947
0.016399
0.028219
0.017143
0.049833
0.030504
0.030734
0.037854
0.029033
0.041848
0.082893
0.047979
0.026990
0.024204
0.066133
0.080028
0.026917
0.127290
0.046042
0.077580
0.059120
0.072780
0.030119
0.067842
0.038600
0.026201
0.023000
0.097472
0.043938
0.015237
0.064686
0.075115
0.051652
0.014123
0.035738
0.027306
0.023615
0.039154
0.115645
0.045905
0.024096
0.092723
0.055397
0.025127
0.049670
0.011226
0.032255
0.019811
0.061970
0.031165
0.061675
0.056818
0.074932
0.016050
0.046877
0.030652
0.084616
0.049235
0.056708
0.030451
0.043268
0.016533
0.031390
0.032649
0.013858
0.092370
0.066582
0.043270
0.048685
0.013319
0.164939
0.074720
0.019811
0.034106
0.169319
0.063814
0.067298
0.026883
0.050449
0.027282
0.038654
0.040753
0.049752
0.038558
0.027812
0.017465
0.092410
0.061777
0.015836
0.041124
0.021808
0.030243
0.027221
0.091003
0.076913
0.035695
0.039945
0.048450
0.015108
0.070434
0.021786
0.041860
0.062804
0.049595
0.018272
0.031128
0.022124
0.105087
0.033488
0.053137
0.039776
0.108790
0.067570
0.014312
0.099816
0.067764
0.035912
0.016408
0.112177
0.046598
0.027249
0.062709
0.039003
0.069713
0.010141
0.025643
0.087758
0.028818
0.028256
0.025846
0.018749
0.031609
0.043679
0.042277
0.056029
0.053547
0.018261
0.063108
0.093494
0.043936
0.030320
0.028927
0.020725
0.031574
0.069351
0.049205
0.105331
0.017886
0.031790
0.080080
0.059539
0.017882
0.084954
0.018938
0.050873
0.022516
0.031842
0.076608
0.012127
0.040179
0.041882
0.065639
0.082818
0.035258
0.014752
0.016810
0.025550
0.065505
0.039303
0.019365
0.048071
0.011199
0.015524
0.013760
0.069350
0.031502
0.053655
0.013619
0.031154
0.032221
0.017835
0.039719
0.030436
0.012367
0.013585
0.017087
0.031106
0.014340
0.070566
0.021896
0.045974
0.029845
0.057778
0.089985
0.067356
0.029738
0.030799
0.073094
0.039380
0.042809
0.030422
0.079327
0.019830
0.056122
0.034409
0.026322
0.037015
0.050795
0.047429
0.020112
0.046396
0.053486
0.009093
0.065477
0.021965
0.046512
0.040917
0.018597
0.027061
0.032755
0.032487
0.022052
0.021066
0.014528
0.022860
0.027045
0.019548
0.010713
0.031398
0.015010
0.024114
0.013571
0.012294
0.023887
0.006825
0.021936
0.018133
0.029755
0.027553
0.050898
0.020744
0.011243
0.060018
0.011761
0.034014
0.041318
0.055466
0.043920
0.052358
0.051679
0.039918
0.025586
0.008985
0.035992
0.013653
0.022276
0.058343
0.055952
0.083718
0.039780
0.013244
0.010160
0.015639
0.021122
0.031102
0.035658
0.025127
0.057222
0.023281
0.063150
0.080206
0.068408
0.044271
0.031916
0.021262
0.041911
0.130753
0.040321
0.023759
0.055949
0.020205
0.021517
0.039172
0.048904
0.057937
0.039480
0.019340
0.095788
0.022516
0.055362
0.115768
0.095993
0.085054
0.068462
0.082460
0.036871
0.100878
0.043790
