2.302725
5.064587
2.303510
2.302311
2.302047
2.300504
2.307439
2.305300
2.302073
2.298844
2.296367
2.305930
2.301514
2.308274
2.308355
2.302527
2.309490
2.307237
2.303198
2.302999
2.305296
2.302468
2.306882
2.301780
2.305230
2.308367
2.304937
2.303761
2.302034
2.308024
2.299684
2.303510
2.301266
2.304290
2.306664
2.303999
2.303608
2.301789
2.303791
2.303436
2.302553
2.304084
2.301558
2.303853
2.305325
2.300978
2.302176
2.301331
2.303502
2.302563
2.305613
2.301138
2.304261
2.304083
2.305364
2.302461
2.299293
2.303374
2.298534
2.297117
2.289391
2.297218
2.300811
2.299976
2.303121
2.259117
2.646556
2.290110
2.304564
2.302124
2.301329
2.302163
2.302155
2.301648
2.298664
2.302012
2.302666
2.299965
2.305198
2.301440
2.301877
2.295930
2.300940
2.308584
2.306921
2.308107
2.304635
2.302636
2.298034
2.289030
2.294902
2.301452
2.299697
2.297558
2.295854
2.285789
2.289777
2.287841
2.283967
2.299594
2.216084
2.944504
2.281828
2.309565
2.298043
2.302081
2.299935
2.299491
2.304660
2.309197
2.307089
2.309379
2.303604
2.301585
2.300467
2.300005
2.306382
2.309677
2.308937
2.302892
2.306419
2.301566
2.301224
2.304048
2.306673
2.305139
2.302421
2.303587
2.306617
2.302550
2.302817
2.302013
2.304592
2.303272
2.301770
2.304478
2.302143
2.301932
2.300341
2.300049
2.302669
2.304406
2.302400
2.305491
2.304907
2.300910
2.303942
2.304780
2.304171
2.302074
2.303663
2.302247
2.300699
2.303440
2.303137
2.299269
2.285760
2.268771
2.295611
2.303680
2.304818
2.303121
2.304693
2.301650
2.305368
2.304673
2.304916
2.301978
2.304193
2.302313
2.303439
2.301249
2.301114
2.298981
2.288839
2.263318
2.340122
2.266197
2.289931
2.292479
2.294719
2.293151
2.294984
2.254219
2.329636
2.283957
2.239995
2.244580
2.177525
2.223330
2.221004
2.181255
2.189991
2.172269
2.116734
2.253372
2.175659
2.160890
2.162387
2.194002
2.209419
2.185367
2.213922
2.170799
2.125335
2.171666
2.124763
2.185354
2.136885
1.988149
2.142358
2.118598
1.947283
2.088052
2.066078
2.076333
2.061590
2.038170
2.075159
2.046329
2.022831
2.022489
1.964217
1.941422
2.022020
1.880526
2.042170
1.892828
1.954810
1.890848
1.927954
1.952802
1.909584
1.864732
1.981897
1.913857
1.902562
1.913662
1.833076
1.887045
1.921700
1.885561
1.868492
1.871409
1.933348
1.955129
1.938380
1.877827
1.820068
2.009798
1.840219
1.927936
1.909505
1.813644
1.887544
1.995961
1.897885
1.937350
1.905133
1.882659
1.816921
1.919107
1.880794
1.808965
1.845906
1.904428
1.890858
1.857250
2.004550
1.905359
1.925967
1.899864
1.851575
1.868290
1.914073
1.807558
1.809212
1.950099
1.866318
1.760754
1.973093
1.977397
1.873796
1.934394
1.904591
1.868961
1.899222
1.901705
1.862785
1.931628
1.827095
1.888733
1.925422
1.841736
1.912896
1.936803
1.957529
1.874964
1.904387
1.908165
1.855129
1.882679
1.787071
1.849658
1.774178
1.866853
1.903053
1.825737
1.816544
1.899174
1.760243
1.845025
1.813557
1.785080
1.729599
1.831042
1.942327
1.829241
1.922377
1.868322
1.854123
1.884718
1.820538
1.820043
1.932992
1.686966
1.913574
1.727169
1.859465
1.683727
1.841013
1.800984
1.770077
1.735622
1.826087
1.876065
1.813200
1.755394
1.837417
1.859878
1.849273
1.743137
1.799250
1.763860
1.838528
1.848291
1.811453
1.731753
1.767876
1.656338
1.830438
1.841011
1.752072
1.820593
1.818310
1.791678
1.955135
1.763306
1.796174
1.753713
1.790925
1.731995
1.566666
1.845116
1.700817
1.622578
1.710153
1.696707
1.623867
1.645337
1.756211
1.818763
1.696683
1.589132
1.713886
1.745466
1.962143
1.743272
1.769543
1.692542
1.727286
1.611901
1.566328
1.615322
1.751721
1.626141
1.668935
1.616325
1.686220
1.737453
1.750435
1.591111
1.612292
1.695664
1.773561
1.565944
1.587531
1.632825
1.705260
1.689248
1.727375
1.792895
1.565404
1.835807
1.644765
1.681980
1.591393
1.621175
1.727124
1.747195
1.645016
1.560125
1.629588
1.536617
1.704124
1.674654
1.600734
1.710794
1.647397
1.713283
1.658935
1.588441
1.642331
1.772412
1.620493
1.659842
1.651687
1.570598
1.734947
1.645462
1.659148
1.480994
1.719071
1.742235
1.624778
1.607467
1.556087
1.736467
1.541740
1.626984
1.660416
1.400622
1.704561
1.523392
1.712647
1.572900
1.551242
1.544640
1.635076
1.760204
1.611178
1.660025
1.512281
1.653468
1.553369
1.435279
1.694566
1.728162
1.546573
1.745423
1.758797
1.622378
1.581472
1.708238
1.503781
1.396395
1.658161
1.490311
1.523349
1.577577
1.584379
1.477263
1.563564
1.642519
1.644843
1.649305
1.570340
1.686504
1.845233
1.598503
1.541598
1.588711
1.760327
1.560659
1.490219
1.680124
1.452440
1.593747
1.687927
1.641783
1.738519
1.573877
1.642199
1.462507
1.606510
1.580860
1.510507
1.634546
1.570223
1.721247
1.497093
1.429734
1.451022
1.645607
1.442844
1.516772
1.473492
1.509799
1.587127
1.348647
1.647979
1.501138
1.678088
1.587210
1.643216
1.634805
1.437420
1.596562
1.679293
1.500235
1.635316
1.582242
1.574190
1.596833
1.638645
1.536334
1.409689
1.491301
1.375154
1.543175
1.571218
1.549520
1.586092
1.590179
1.529448
1.429255
1.435409
1.698715
1.514290
1.549443
1.538027
1.395467
1.531084
1.510875
1.384096
1.437076
1.430895
1.448581
1.572953
1.450958
1.535076
1.567192
1.371444
1.398885
1.446592
1.414735
1.562765
1.568819
1.351331
1.422225
1.316996
1.525895
1.444891
1.423911
1.553839
1.691084
1.551738
1.589842
1.363001
1.548012
1.453343
1.528443
1.591763
1.455885
1.687435
1.567405
1.557258
1.405420
1.715095
1.465474
1.443419
1.618482
1.402033
1.536672
1.614577
1.415202
1.335074
1.507899
1.334043
1.341402
1.383596
1.456648
1.725113
1.381072
1.339748
1.438562
1.481258
1.532434
1.453195
1.493164
1.492033
1.579880
1.541554
1.553708
1.460559
1.433961
1.415008
1.571765
1.324636
1.244867
1.317499
1.501904
1.410883
1.365812
1.380651
1.338388
1.462368
1.500560
1.407218
1.284009
1.605918
1.467876
1.545342
1.506196
1.537331
1.547629
1.443288
1.500627
1.396241
1.348233
1.369822
1.417092
1.335907
1.485221
1.242318
1.458977
1.435334
1.533213
1.530114
1.618489
1.305573
1.412023
1.330673
1.415061
1.607105
1.445042
1.374116
1.446387
1.498787
1.329838
1.271556
1.364302
1.632611
1.439972
1.336777
1.360034
1.557400
1.402933
1.452034
1.466026
1.340301
1.367293
1.433599
1.368610
1.333374
1.581189
1.325948
1.486672
1.443682
1.565856
1.434072
1.365875
1.382680
1.431568
1.456982
1.393251
1.351917
1.359425
1.314924
1.512311
1.385319
1.446517
1.366771
1.265214
1.336237
1.309112
1.611770
1.509101
1.529981
1.381581
1.399182
1.496111
1.351367
1.485097
1.233345
1.334211
1.466401
1.463965
1.356301
1.562302
1.292369
1.379359
1.394185
1.403463
1.524807
1.342730
1.389608
1.396718
1.368651
1.484083
1.489584
1.483291
1.307979
1.262619
1.316530
1.304624
1.385826
1.293284
1.428983
1.453631
1.490963
1.397467
1.380777
1.255419
1.370750
1.292800
1.412312
1.278724
1.293185
1.274054
1.483364
1.480628
1.374979
1.233625
1.276462
1.551272
1.381779
1.420538
1.356899
1.364635
1.426896
1.471765
1.252566
1.355651
1.363647
1.355791
1.416610
1.314098
1.599963
1.326157
1.286407
1.402438
1.412096
1.307175
1.233888
1.185073
1.428646
1.321900
1.341094
1.371094
1.343197
1.542522
1.210649
1.260853
1.303951
1.357684
1.375404
1.409915
1.410371
1.336198
1.224707
1.148306
1.401393
1.393623
1.178460
1.346133
1.361070
1.298855
1.536222
1.332485
1.334431
1.425624
1.271554
1.283871
1.339365
1.235641
1.302747
1.421308
1.090611
1.226822
1.294429
1.316216
1.291833
1.422408
1.395541
1.417922
1.319887
1.251469
1.252151
1.253148
1.372541
1.277020
1.144884
1.184209
1.189780
1.269168
1.327005
1.247531
1.149583
1.255018
1.199362
1.313609
1.380330
1.170467
1.146680
1.330298
1.288025
1.365229
1.166654
1.162042
1.216306
1.189979
1.232788
1.272204
1.260967
1.136513
1.218817
1.216626
1.373240
1.484276
1.468497
1.260958
1.375208
1.291309
1.255131
1.103005
1.175130
1.334550
1.185757
1.260217
1.326118
1.208216
1.089199
1.324258
1.320448
1.591615
1.248081
1.253225
1.191926
1.349069
1.342134
1.235957
1.396673
1.178643
1.179309
1.242864
1.379121
1.256041
1.327241
1.312071
1.233352
1.127548
1.194469
1.316782
1.280398
1.345964
1.329107
1.289263
1.444064
1.340674
1.379261
1.204056
1.197610
1.199453
1.272056
1.274535
1.222660
1.288060
1.311076
1.318959
1.353641
1.278571
1.310114
1.399052
1.257291
1.214065
1.370181
1.163114
1.402922
1.333715
1.199792
1.332079
1.355470
1.239383
1.309039
1.321770
1.108307
1.159233
1.131470
1.207139
1.180652
1.195398
1.235868
1.260667
1.230950
1.110315
1.085490
1.195901
1.327618
1.291962
1.415922
1.132819
1.306116
1.203879
1.354601
1.306446
1.370921
1.277391
1.422735
1.104879
1.412376
1.278959
1.323999
1.236372
1.111624
1.340071
1.166415
1.087669
1.158429
1.300438
1.278782
1.146446
1.134789
1.071611
1.201663
1.251254
1.237688
1.287713
1.013335
1.216532
1.201060
1.102226
1.248296
1.231686
1.231467
1.338918
1.101584
1.419738
1.345030
1.128809
1.268269
1.166533
1.266975
1.141901
1.267216
1.206421
1.159020
1.256506
1.376812
1.138707
1.292228
1.155663
1.291216
1.355399
1.184515
1.249637
1.476360
1.198025
1.249838
1.153511
1.148031
1.291979
1.180409
1.161826
1.253464
1.229912
1.368900
1.164380
1.320086
1.189518
1.332680
1.358757
1.160331
1.086038
1.257008
1.217062
1.200142
1.284140
1.275890
1.173274
1.254023
1.179839
1.123372
1.073726
1.446261
1.178297
1.192123
1.270303
1.380912
1.175438
1.330104
1.154800
1.337821
1.158704
1.288451
1.104188
1.146663
1.096348
1.372844
1.081686
1.056118
1.023161
1.339518
1.221545
1.143606
0.933460
1.228488
1.303252
1.269028
1.123131
1.152345
1.158221
1.178245
1.129710
1.286131
1.158613
1.077330
1.158664
1.056034
1.115595
1.124961
1.251487
1.284411
1.288061
1.113691
1.358940
1.544804
1.241026
1.073977
1.142958
1.210787
1.084269
1.240807
1.236481
1.149648
1.223263
1.018666
1.125817
1.329419
1.141707
0.987884
1.207004
1.349940
0.994808
1.174245
1.063195
1.247362
1.260842
1.246296
1.349477
1.231595
1.020002
1.238867
1.160903
1.169093
1.278852
1.091261
1.126230
1.221471
1.293355
1.135452
1.116377
1.234348
1.147438
1.142387
1.046534
1.254888
1.256722
1.215794
1.328338
1.254276
1.383367
1.269323
1.220769
1.317367
1.136097
1.194071
1.103563
1.127345
1.211278
1.098387
1.177208
1.434359
1.061387
0.996125
1.343558
1.245614
1.204064
1.324354
1.124550
1.073052
1.137803
1.132570
1.187701
1.106875
1.351766
1.116553
1.128828
1.181208
1.072845
1.071334
1.037165
1.103981
1.154467
1.215454
1.083762
1.142515
1.106571
1.202142
1.123835
1.113942
1.227294
0.992787
1.025748
1.153641
1.160628
1.130506
1.157179
1.260365
1.037821
1.088757
1.188654
1.270601
1.083866
1.090977
1.131239
1.062709
1.239249
0.924226
1.069011
1.322105
0.933432
1.211156
1.304845
1.124214
1.042662
1.130334
1.108264
1.127873
1.038432
1.101757
1.134387
1.150756
1.114754
1.125462
0.997474
1.179555
0.894706
1.078232
1.075817
1.170007
1.099006
1.117169
1.060700
0.980403
1.037794
1.118579
1.114260
1.007477
1.066802
1.152009
1.079964
1.175330
0.997885
0.881183
1.202304
1.273053
1.063638
1.010190
1.260079
1.093871
1.141243
1.088280
0.922784
0.962021
1.174707
1.064219
1.044973
0.948423
0.968816
1.023310
1.064593
1.086952
1.104603
0.945196
1.109807
1.167412
1.147235
1.123381
1.135354
1.072540
1.024670
1.082165
1.132426
1.094496
1.012288
1.095194
1.139747
1.149506
1.205315
1.066580
1.003410
1.081995
1.108341
1.054830
1.191874
1.068039
1.182855
1.089629
0.906674
1.147040
1.133508
1.159172
0.961049
0.936660
0.984991
1.109429
0.957798
0.989412
0.866923
1.006165
0.978501
0.942875
1.147772
1.346200
0.974029
1.040992
1.198694
0.885250
1.059052
1.176216
1.136136
1.269713
1.098718
1.043787
1.049645
1.212876
0.948855
1.011686
1.049276
1.156252
1.046764
1.136570
0.953473
0.951096
0.970311
0.853309
0.914903
0.989297
0.877093
0.992537
1.151848
1.251699
1.156724
1.076457
1.087876
0.984694
0.982927
0.982027
1.129402
0.997214
1.026758
1.153255
1.072637
1.103253
1.072874
1.117779
0.975943
1.209688
0.988920
0.961516
1.325810
1.049941
1.068831
1.158215
0.901101
1.065050
1.129638
1.123897
1.092221
1.050879
0.903368
1.013329
1.128276
1.116991
0.939180
0.905378
1.068693
1.020931
1.011190
1.099293
0.973843
0.946170
1.215303
1.006563
1.051444
1.137256
1.193971
0.840335
0.889206
0.994784
1.026670
1.133343
1.071860
0.983224
1.055760
1.075608
1.054521
1.077872
0.952479
1.033688
1.108231
0.994997
1.148547
1.135012
0.939678
1.055951
0.843230
0.967937
1.237495
1.018857
1.248103
0.990509
0.930311
1.097306
0.962981
0.952925
0.789816
1.083742
0.967225
1.093477
1.034516
0.826519
0.866113
0.869168
0.913269
1.191558
0.811403
1.176481
0.996396
0.916983
1.131266
1.033887
1.073779
1.088936
1.031263
0.886579
1.166892
0.998203
1.091542
1.035789
0.886373
1.101034
1.072032
0.874336
0.969941
1.030989
1.067760
0.987448
1.067322
1.176692
1.293936
1.379678
1.222039
1.007588
1.101424
1.012798
0.991366
1.058542
0.899719
0.855079
0.959202
0.987938
1.074312
1.053294
1.072304
0.932821
1.027012
0.968963
1.127829
1.207691
0.898716
1.069880
1.123226
1.074798
0.836675
1.168990
1.160540
0.913208
1.164750
1.243312
1.339540
1.138907
1.236012
0.968668
0.828102
0.995944
0.965741
0.989572
1.044596
0.983855
1.156221
1.058897
1.098123
1.197202
1.194269
1.102181
1.096593
1.031966
1.020955
0.947934
1.066171
1.073144
0.909777
1.125983
1.025784
1.091066
1.073769
1.016454
0.756395
0.985328
0.956319
0.919011
0.836731
1.042736
1.092649
0.893897
1.265652
1.067764
0.997442
1.215915
0.989506
0.919223
1.041279
1.094679
1.143442
1.013150
1.033381
1.118963
0.853767
1.049312
0.951035
0.911843
1.129966
0.947578
0.940390
1.135854
0.976276
0.894263
0.951331
1.134583
0.962570
0.961263
1.130785
1.070197
1.061558
1.138533
0.964904
0.967112
0.968823
0.972370
1.032141
1.020217
1.096754
1.130115
1.188857
0.921361
1.155727
0.996222
1.162042
1.085251
0.976604
1.128499
1.104813
1.071381
1.026589
1.187437
1.161288
1.005123
1.046241
0.922672
1.007479
1.044230
1.006233
0.875966
1.096633
1.198667
1.023352
1.048273
0.992492
0.911694
0.892788
0.918311
1.049275
0.858587
0.995533
0.930146
1.010323
0.988879
1.114105
1.087233
1.065413
0.992763
0.908961
0.931954
0.867326
0.909688
0.970421
0.902284
0.971728
1.143057
1.063524
0.972090
0.851389
0.987533
0.943484
0.901817
0.971388
0.905623
1.065694
1.002748
0.851217
1.066759
1.014844
1.107247
0.917044
0.986902
0.926199
0.793787
1.147232
0.925696
1.270657
1.089833
0.954235
1.008614
0.867335
1.011566
1.003145
1.144758
1.059810
0.897333
1.106509
1.079126
1.096074
0.931602
0.880627
0.886171
0.919936
1.193358
1.049680
1.044348
0.816184
0.942808
0.931633
1.037517
0.965615
0.957166
0.893893
0.714189
0.931753
0.794131
0.851812
0.985626
0.976826
0.893107
0.866514
0.936132
0.953386
0.998900
0.895813
0.962766
0.835517
0.953043
0.896540
0.981509
0.699736
0.976202
1.021494
0.944197
0.961817
0.951237
1.108859
0.857130
0.950066
0.982343
0.849015
0.889399
0.994449
1.034319
0.907796
0.892184
0.936793
0.855365
1.084343
1.068437
0.891719
0.845627
0.964405
0.848923
0.847319
0.893490
0.863364
1.028118
0.870498
0.766781
0.932531
0.741525
0.901469
0.820999
0.915007
0.831754
0.685806
0.902277
1.015380
0.879758
1.092768
0.871640
0.860201
0.901279
0.933024
0.965130
0.958717
0.880196
0.786108
0.846385
0.690220
0.992163
0.845450
0.900245
0.822714
0.834312
0.872250
0.964041
0.865771
0.716910
0.676136
1.056135
1.017538
1.033740
0.992698
0.978639
0.962398
1.048925
0.863198
0.911949
0.874845
0.897022
1.039357
1.126218
0.843674
0.858020
0.980600
0.892553
1.000850
0.847136
0.977006
0.795910
0.878667
1.066761
0.932755
0.836526
1.129507
0.736702
0.888429
0.712622
1.007370
0.835220
0.982539
0.990216
0.906206
1.047800
0.888646
0.937852
0.922008
0.978363
0.862305
0.888491
0.874789
0.817403
0.920867
0.920847
0.884792
0.803886
0.871290
0.808145
0.791376
0.892595
0.838543
0.932877
0.921078
0.912423
0.811658
0.694649
0.874097
0.764705
1.035581
1.003311
0.740301
0.796320
0.883121
0.845874
0.696052
0.814682
0.823439
0.902068
0.767843
1.080851
0.805417
1.056991
0.816926
0.903822
0.804050
0.749495
0.793559
0.838326
0.859833
0.793748
0.998170
0.944604
0.886521
1.023204
0.946870
1.083469
1.134932
0.884663
0.853630
0.815296
0.887739
1.134746
0.865737
0.996132
0.897335
1.071104
0.905782
0.890823
0.891233
1.098872
0.928887
0.890294
0.795171
1.025083
0.886686
0.941129
0.788143
0.833930
0.883960
0.976844
1.118240
1.062936
1.066383
0.988755
0.780171
0.930933
0.834568
1.018482
0.855009
0.968530
1.069444
0.876229
1.076002
0.757427
0.802238
0.950817
0.861277
0.950926
0.973758
0.933550
0.935338
1.037441
0.949157
1.051797
0.997174
0.915712
0.944125
0.947023
0.992559
0.947886
0.900326
0.902777
0.898206
0.921354
0.868973
0.824396
0.862516
1.087154
0.935414
0.851136
0.917200
0.868066
0.897866
0.881863
0.979005
0.971930
0.791425
0.967683
0.962045
0.888206
1.059621
0.865596
1.001147
0.925635
0.910380
0.743283
0.979750
0.939567
0.959763
0.775649
0.769589
0.995079
1.000466
0.774247
0.902290
0.789271
1.047495
0.995919
0.848915
0.974308
0.764715
0.943176
0.969827
0.893043
0.849588
0.828825
0.816761
0.778912
0.775968
0.856035
0.866189
0.979008
0.976938
1.041355
1.033635
1.232000
0.957190
0.876247
0.765532
0.814567
0.844889
0.760875
0.812439
0.801773
0.900472
0.881257
0.801459
1.002424
0.921991
0.891009
0.888612
1.005640
0.888475
0.931221
0.858628
0.999748
0.937021
0.836705
0.881251
0.980614
0.807774
0.749641
0.819119
0.907965
0.863320
0.789270
0.839435
1.018687
0.899459
1.079711
0.939321
0.843989
0.906127
0.767231
0.726614
0.895730
1.126682
0.913463
0.957454
0.776080
0.887222
0.983070
1.082231
0.852784
0.785742
0.847418
0.856624
0.667576
0.896227
0.847649
1.025618
0.907317
0.795941
0.893715
0.841771
0.750097
0.900221
0.884799
0.973993
0.907992
0.836808
0.988772
0.833203
0.907921
0.863508
1.080912
0.981358
0.994968
0.830665
0.907299
0.819256
0.948656
1.036265
0.816564
0.821521
1.020154
0.921764
0.864949
1.027680
0.739519
0.882813
0.950547
0.897215
0.890230
0.998600
0.949177
0.936934
0.907061
0.907392
0.733168
0.857306
0.884068
1.013364
0.955974
0.810243
0.773868
0.890238
0.977630
0.973662
0.898414
0.672062
0.936843
0.908123
0.940103
0.794087
0.858872
0.859424
1.260488
0.585937
0.879374
0.917964
0.658358
0.819151
0.783586
0.796618
0.821816
0.754028
0.740831
0.771350
0.884596
0.717043
0.605442
0.754558
0.872986
0.732435
0.734073
0.701093
0.833710
0.679716
0.649291
0.837179
1.029534
0.630473
0.840873
0.982869
0.831866
0.956761
0.877756
0.699490
0.920814
0.788300
0.899356
0.830624
0.845434
0.672557
0.755087
0.883224
0.895641
0.740835
0.876079
0.757598
0.909986
0.639798
0.744178
0.915469
0.761681
0.861154
0.800459
0.783483
0.998304
0.752216
0.746800
0.900943
0.689477
0.737144
0.773139
0.758216
0.709698
0.758731
0.657561
0.773483
0.760639
0.849949
0.894715
0.800260
0.721794
0.881360
0.865760
0.838145
0.627371
0.863422
0.570496
0.854202
0.627322
0.714617
0.731970
0.856243
0.888950
1.040815
0.714234
0.884234
0.884197
0.800041
0.980465
0.846791
1.087966
0.843917
0.732528
0.659493
0.772195
0.817592
0.832341
0.892694
0.750682
0.685154
0.692830
1.068241
0.699810
0.646029
0.666662
0.594402
0.906417
0.947968
0.852011
0.759807
0.782462
0.720267
0.787425
0.810854
0.791542
0.842642
0.797889
0.872878
0.797968
0.646504
0.855925
0.746607
0.928266
0.597382
0.801445
0.800694
0.877998
0.772616
0.787018
0.843489
0.827865
1.026802
0.903282
0.896047
0.740073
0.811602
0.900014
0.881992
0.855178
0.786380
1.061059
0.757910
0.871533
0.795188
0.783883
0.878548
0.872484
0.857504
0.909073
0.847429
0.956877
0.797026
0.881278
0.715942
0.944749
0.905261
0.830033
0.727712
0.720759
0.846690
0.749439
0.785098
0.819435
0.818372
0.725880
0.957255
0.759508
0.760368
0.696275
0.681308
0.986005
0.706810
0.755008
0.849324
0.721556
0.879950
0.864992
0.764133
0.858053
0.798217
0.849354
0.847498
0.884693
0.981853
0.679964
0.741244
0.835288
0.771944
0.689246
0.779171
0.898505
0.867771
0.909067
0.925283
0.742376
0.766665
0.772058
0.851990
0.702828
0.705578
0.694105
0.782519
1.000090
0.817011
0.940234
0.760652
0.821845
0.862512
0.705006
0.824876
0.739521
0.679048
0.984304
0.851984
0.730142
0.718633
1.124922
0.910706
0.923102
0.807250
0.872561
0.782488
0.664859
0.896507
0.766069
0.965739
1.007083
0.919631
0.744455
0.650087
0.713021
0.896189
0.807692
0.797812
0.782592
0.939996
0.676231
0.855592
0.701960
0.593063
0.660377
0.682684
0.728448
0.881146
0.856461
0.804514
0.985190
0.780169
0.741696
0.819828
0.990796
0.753900
0.581225
0.913341
0.703815
0.709730
0.772990
0.920073
0.912872
0.824087
0.722349
0.837415
0.720831
0.813059
0.814385
0.733772
0.792863
0.692180
0.642413
0.705350
0.734820
0.656346
0.839267
0.675451
0.741189
0.692487
0.828031
0.727227
0.809725
0.791257
0.820464
0.827311
0.752152
0.761153
0.900944
0.876471
0.955760
0.710951
0.754458
0.709765
0.935168
0.817181
0.806973
0.747156
0.914956
0.866389
0.753819
0.702373
0.718163
0.831092
0.728706
0.834724
0.814104
0.814573
0.973811
0.780257
0.849979
0.793174
0.770654
0.836318
0.942693
0.695655
0.831812
0.775776
0.892640
0.847876
0.839875
0.725921
0.790727
0.885434
0.788078
1.031559
0.891726
1.018541
1.060486
0.960808
0.767601
1.125729
0.715043
0.783570
0.765903
0.889338
0.846565
0.817989
0.879467
0.823749
0.915199
0.978026
0.967603
0.631188
0.757961
0.849252
0.730559
0.980329
0.787503
0.954632
0.827532
1.022198
0.977354
0.767200
0.894297
0.791994
0.968350
0.734691
0.830429
0.887255
0.797593
0.880494
0.786772
0.962048
0.854081
0.818311
0.887831
0.759491
0.864189
0.725224
0.887485
0.674709
0.830521
0.892886
0.745508
1.117024
0.761292
0.873430
0.707809
0.973826
0.709984
0.919687
0.772444
0.792895
0.797259
0.973063
0.818523
0.723006
0.771393
0.889088
0.850811
0.802449
0.774207
0.864810
0.782581
0.774376
1.085590
0.831448
0.838870
0.813068
0.801403
0.663630
0.733270
0.748552
0.544629
0.710786
0.609976
0.805988
0.712953
0.640833
0.733206
0.784019
0.797319
0.732917
0.811934
0.699364
0.549915
0.693380
0.651018
0.520427
0.862628
0.665157
0.893330
0.666031
0.643450
0.677348
0.828242
0.773135
0.663170
0.867078
0.941175
0.908274
0.654872
0.648527
0.741202
0.860196
0.705305
0.766169
0.856145
0.722026
0.656580
0.516471
0.779734
0.781624
0.773057
0.779948
0.778023
0.703911
0.789088
0.604804
0.675391
0.586354
0.886867
0.737972
0.667945
0.629488
0.785186
0.728874
0.671529
0.586330
0.683692
0.612636
0.658156
0.756740
0.614675
0.695653
0.691401
0.587088
0.741513
0.672130
0.585971
0.621724
0.587841
0.637296
0.555020
0.771159
0.800314
0.762718
0.638067
0.848473
0.719723
0.722706
0.839107
0.727224
0.657916
0.668320
0.905545
0.705089
0.731143
0.687077
0.785624
0.754240
0.642575
0.864860
0.608445
1.019399
0.739526
0.931463
0.654053
0.673684
0.715089
0.657110
0.684382
0.766602
0.705532
0.873644
0.767107
0.883386
0.802678
0.693404
0.722862
0.700943
0.546784
0.674428
0.580385
0.894754
0.730609
0.578427
0.693901
0.552015
0.730741
0.658948
0.550656
0.620345
0.697689
0.731800
0.562480
0.713610
0.598287
0.612699
0.665357
0.546215
0.835654
0.574020
0.875112
0.752591
0.732836
0.659219
0.848254
0.779983
0.563558
0.625383
0.859350
0.705872
0.540346
0.663144
0.778391
0.751533
0.748998
0.878331
0.659364
0.683572
0.589737
0.659885
0.780083
0.714673
0.593112
0.586637
0.701720
0.628763
0.675890
0.549472
0.859930
0.686751
0.757091
0.619896
0.745367
0.864512
0.669247
0.807235
0.702187
0.722018
0.716162
0.892915
0.682791
0.639937
0.713288
0.654671
0.662805
0.704648
0.618426
0.681861
0.862274
0.699145
0.658416
0.612260
0.648615
0.510938
0.635699
0.798681
0.596330
0.839160
0.614696
0.672980
0.915910
0.860752
0.977011
0.811302
0.886766
0.688339
0.850698
0.632237
0.744928
0.740031
0.885990
0.695225
0.750748
0.795707
0.652610
0.622312
0.823545
0.506134
0.720704
0.532715
0.691511
0.462831
0.627993
0.725287
0.878351
0.822112
0.612075
0.700643
0.815830
0.923776
0.685504
0.800727
0.750497
0.805601
0.894019
0.807306
0.716214
0.784972
0.679031
0.849687
0.809813
0.774217
0.525228
0.570830
0.794858
0.767933
0.665259
0.779682
0.696580
0.551998
0.682143
0.668611
0.601240
0.722131
0.803931
0.795639
1.005743
0.967722
1.050810
0.819932
0.777806
0.684015
0.771298
0.803253
0.791890
0.637620
0.729415
0.875350
0.738727
0.845757
0.756649
0.952270
0.755473
0.732705
0.657124
0.789442
0.685527
0.792564
0.763712
0.734205
0.836555
0.807966
0.768086
0.879016
0.775847
0.896813
0.807340
0.909199
0.774416
0.860511
0.723771
0.794132
0.956313
0.650627
0.732945
0.657625
0.879038
0.804130
0.711050
0.767784
0.828526
0.842643
0.710170
0.753764
0.769571
0.767539
0.801660
0.694942
0.609281
0.744670
0.567330
0.658550
0.697543
0.735636
0.722870
0.960149
0.785531
0.598401
0.848651
0.720321
0.808965
0.812758
0.766941
0.682909
0.619187
0.608002
0.909881
0.641932
0.784974
0.955244
0.803073
0.686101
0.658979
0.659996
0.916822
0.567854
0.716710
0.652830
0.917418
0.844755
0.645048
0.624327
0.682749
0.652263
0.701348
0.832684
0.601292
0.816520
0.805775
0.735363
0.812118
0.718695
0.589186
0.667051
0.757966
0.745863
0.730305
0.705215
0.687128
0.713580
0.779180
0.632308
0.894167
0.657058
0.840535
0.813350
0.761913
0.832141
0.930748
0.647517
0.747373
0.774721
0.823254
0.672234
0.809469
0.688794
0.675700
0.700690
0.756142
0.816850
0.805617
0.803728
0.864411
0.718561
0.615688
1.050499
0.900384
0.756401
0.808369
0.568926
0.681661
0.874543
0.709919
0.991823
0.819948
0.670212
0.643451
0.851026
0.837212
0.700216
0.677136
0.707377
0.608279
0.767328
0.708264
0.687849
0.632250
0.544689
0.577162
0.548704
0.746503
0.605860
0.579066
0.622405
0.600164
0.542888
0.593091
0.536992
0.492906
0.742842
0.671002
0.734871
0.665377
0.698594
0.516616
0.663953
0.816357
0.558420
0.752348
0.601955
0.440067
0.586269
0.891274
0.800339
0.735968
0.711411
0.742763
0.700876
0.723694
0.604653
0.645925
0.688665
0.791521
0.591676
0.684718
0.685452
0.606760
0.637190
0.709481
0.604584
0.552338
0.681594
0.579880
0.536324
0.676354
0.489785
0.782240
0.563743
0.715088
0.529023
0.705428
0.638865
0.600906
0.666751
0.795637
0.785536
0.620548
0.575184
0.609439
0.775867
0.758042
0.957561
0.500807
0.659319
0.627151
0.620346
0.768115
0.706381
0.533017
0.683894
0.568092
0.587071
0.646568
0.403443
0.586463
0.522027
0.777654
0.598317
0.655417
0.478675
0.563739
0.781017
0.625887
0.712807
0.732525
0.733999
0.753779
0.738776
0.736068
0.698911
0.875240
0.667518
0.883777
0.697884
0.898730
0.819876
0.805127
0.784426
0.881816
0.770599
0.790934
0.737866
0.705476
0.612712
0.770254
0.721292
0.675473
0.757943
0.566857
0.621834
0.745817
0.625711
0.687194
0.487897
0.622586
0.654891
0.695270
0.580437
0.649062
0.553794
0.669972
0.606564
0.568776
0.710286
0.626139
0.770877
0.473444
0.605780
0.747110
0.564909
0.712221
0.739956
0.652224
0.649773
0.689700
0.700727
0.604601
0.638300
0.526644
0.639719
0.587553
0.672513
0.499468
0.745074
0.740254
0.693409
0.638671
0.658474
0.612568
0.744778
0.671578
0.835478
0.696914
0.679352
0.650761
0.533748
0.750179
0.744734
0.621680
0.525372
0.590513
0.720019
0.670952
0.708114
0.792005
0.721641
0.395796
0.748409
0.482676
0.504914
0.558202
0.844505
0.712561
0.623995
0.764396
0.601750
0.682799
0.756427
0.593785
0.698521
0.663020
0.649311
0.609661
0.658636
0.632094
0.645465
0.810689
0.489774
0.703533
0.596654
0.498953
0.691144
0.808858
0.654758
0.847772
0.523239
0.696802
0.633952
0.627219
0.562771
0.621736
0.553667
0.748963
0.594593
0.800666
0.737083
0.594356
0.746392
0.790471
0.865911
0.852367
0.824839
0.642553
0.781918
0.706272
0.816919
0.634368
0.583500
0.770511
0.637907
0.765652
0.876330
0.493365
0.746913
0.630081
0.698302
0.699266
0.658782
0.730081
0.634192
0.522305
0.601927
0.759974
0.688566
0.788361
0.770081
0.561654
0.698307
0.571734
0.584110
0.706508
0.600985
0.822747
0.717192
0.638224
0.706360
0.604392
0.728121
0.777178
0.584367
0.804595
0.870091
0.689897
0.801016
0.752627
0.686563
0.808762
0.833160
0.637332
0.730404
0.649009
0.855746
0.705487
0.638168
0.735261
0.680301
0.998860
0.730542
0.646280
0.746349
0.701922
0.689919
0.541188
0.648584
0.683076
0.565917
0.732595
0.494705
0.668054
0.753957
0.657370
0.673334
0.634636
0.773378
0.589988
0.644351
0.652647
0.667846
0.691697
0.581626
0.632018
0.669782
0.467914
0.587632
0.722000
0.547734
0.614715
0.633907
0.605985
0.773276
0.581264
0.504755
0.745657
0.756259
0.650079
0.641048
0.600347
0.615734
0.763182
0.752884
0.648822
0.674578
0.761671
0.608923
0.670074
0.669270
0.627065
0.735984
0.705916
0.699005
0.681176
0.750070
0.663255
0.744062
0.578057
0.649024
0.703183
0.774664
0.868630
0.727693
0.704337
0.666790
0.490185
0.533828
0.666497
0.779889
0.635271
0.720217
0.734002
0.671851
0.708747
0.631909
0.502142
0.617356
0.709544
0.543330
0.615199
0.720929
0.687801
0.660548
0.673262
0.609947
0.675799
0.741370
0.692151
0.765184
0.640585
0.838574
0.803558
0.618303
0.580903
0.811833
0.488359
0.927293
0.631855
0.904434
0.651194
0.564072
0.802246
0.587078
0.632677
0.684168
0.842641
0.551178
0.613645
0.515637
0.570995
0.624236
0.618782
0.579188
0.558513
0.735950
0.706105
0.496927
0.616572
0.596691
0.459303
0.415654
0.616818
0.651260
0.599349
0.475176
0.531603
0.389794
0.366414
0.589525
0.474976
0.569916
0.702289
0.619532
0.550329
0.678774
0.575298
0.607332
0.619727
0.460866
0.669404
0.761792
0.551099
0.519959
0.537211
0.758548
0.426616
0.556286
0.494466
0.508098
0.590767
0.542674
0.609098
0.641208
0.584600
0.662145
0.679311
0.806825
0.525354
0.518431
0.598225
0.770854
0.532362
0.498397
0.630493
0.715218
0.512345
0.617321
0.704003
0.518757
0.500510
0.812453
0.591211
0.415437
0.630733
0.755087
0.522864
0.480838
0.660855
0.615136
0.661049
0.439663
0.405332
0.568793
0.601726
0.487823
0.561232
0.492332
0.592297
0.724775
0.372813
0.531976
0.407629
0.529438
0.551361
0.572654
0.485836
0.586295
0.499661
0.511360
0.500517
0.551404
0.597925
0.503855
0.663196
0.586700
0.608783
0.712629
0.866384
0.435927
0.786795
0.732849
0.727365
0.490126
0.522653
0.575945
0.607854
0.749563
0.538942
0.594180
0.504646
0.634535
0.471935
0.641404
0.721503
0.618498
0.606828
0.550738
0.460877
0.596238
0.643273
0.717244
0.729854
0.454279
0.409545
0.589554
0.671705
0.536276
0.579245
0.694001
0.454042
0.454889
0.389798
0.436109
0.437057
0.693410
0.532703
0.648403
0.704482
0.596173
0.668318
0.545945
0.553999
0.661125
0.570853
0.738388
0.510401
0.552682
0.660386
0.647974
0.691986
0.539201
0.605291
0.577666
0.515363
0.556493
0.560232
0.444803
0.620853
0.733547
0.510870
0.479269
0.623435
0.586883
0.504326
0.574531
0.540378
0.530464
0.621414
0.561003
0.564860
0.665655
0.595834
0.648070
0.554737
0.500616
0.615590
0.532310
0.710240
0.581411
0.639272
0.528821
0.612308
0.585512
0.537608
0.565688
0.600896
0.852305
0.606515
0.653255
0.563213
0.554982
0.694110
0.656958
0.708839
0.630517
0.603248
0.542990
0.845166
0.655628
0.606411
0.688293
0.581558
0.589670
0.777246
0.706302
0.574999
0.589459
0.633905
0.755769
0.578903
0.660732
0.611525
0.561837
0.640344
0.640003
0.539363
0.527123
0.393166
0.596753
0.454138
0.635938
0.474606
0.713414
0.449194
0.608386
0.661632
0.492349
0.601204
0.672618
0.416622
0.543965
0.701590
0.675677
0.753763
0.679828
0.606256
0.524885
0.805440
0.565651
0.658353
0.560607
0.632066
0.517338
0.622413
0.663822
0.688435
0.539577
0.657580
0.573744
0.593791
0.628657
0.574496
0.582413
0.545206
0.516795
0.774631
0.732301
0.514831
0.502981
0.625872
0.752935
0.652434
0.459699
0.818337
0.681777
0.549547
0.688945
0.750502
0.546725
0.472473
0.768212
0.481812
0.706185
0.529807
0.628240
0.674627
0.729270
0.582421
0.585098
0.468984
0.678741
0.614600
0.554221
0.641358
0.608479
0.586055
0.535129
0.648233
0.618542
0.700411
0.589367
0.520318
0.672244
0.747537
0.675470
0.579893
0.596161
0.626097
0.746277
0.712659
0.724704
0.413501
0.604309
0.562768
0.612548
0.579697
0.617495
0.462188
0.567335
0.674882
0.737906
0.487214
0.663624
0.588488
0.357761
0.528058
0.553048
0.633232
0.583677
0.440867
0.762622
0.475858
0.508374
0.615106
0.433663
0.727383
0.702008
0.523941
0.775594
0.627447
0.557649
0.553731
0.459680
0.739249
0.613425
0.545439
0.687033
0.526809
0.581981
0.593375
0.716190
0.713078
0.421005
0.400184
0.638292
0.495276
0.811680
0.665814
0.528489
0.558661
0.680107
0.542346
0.615392
0.585429
0.767359
0.526536
0.670438
0.664615
0.751582
0.540837
0.611078
0.572751
0.548739
0.553918
0.597540
0.646746
0.682925
0.847126
0.560509
0.649145
0.554398
0.506989
0.608646
0.631367
0.676295
0.538863
0.701187
0.761559
0.622942
0.515034
0.669305
0.614381
0.735695
0.696180
0.619635
0.690157
0.721168
0.573762
0.699718
0.726246
0.600626
0.536142
0.401389
0.509429
0.511466
0.581864
0.452760
0.504842
0.466093
0.524017
0.511373
0.412276
0.673787
0.473423
0.367136
0.495336
0.475242
0.349422
0.558965
0.545413
0.466351
0.473921
0.434296
0.465542
0.535367
0.444466
0.528396
0.462555
0.485595
0.423692
0.540268
0.579493
0.416328
0.481257
0.407610
0.458504
0.519289
0.489715
0.572880
0.433753
0.399284
0.512162
0.539282
0.453107
0.377150
0.368207
0.469685
0.477395
0.718035
0.538680
0.487873
0.591371
0.461607
0.555966
0.572173
0.447888
0.388446
0.544964
0.654729
0.621382
0.395148
0.569947
0.552275
0.436122
0.437714
0.526076
0.521089
0.491517
0.446340
0.395528
0.431057
0.681601
0.597730
0.515406
0.430775
0.552344
0.526054
0.559989
0.524518
0.388995
0.463633
0.594085
0.572554
0.520026
0.419061
0.587301
0.492748
0.575453
0.486291
0.508209
0.512249
0.478694
0.674932
0.581168
0.418360
0.509084
0.405307
0.414544
0.647214
0.390313
0.445803
0.325648
0.415294
0.556737
0.615493
0.360749
0.448621
0.492884
0.475292
0.516629
0.421160
0.539315
0.541939
0.444670
0.546776
0.595548
0.542090
0.504985
0.460246
0.571864
0.629506
0.509310
0.766464
0.550867
0.579476
0.480727
0.567095
0.628038
0.586212
0.544185
0.552499
0.568278
0.500258
0.481676
0.501008
0.618701
0.431660
0.611947
0.448472
0.618075
0.445858
0.484273
0.534233
0.521853
0.632892
0.594994
0.755225
0.457213
0.543597
0.486858
0.750047
0.709290
0.570583
0.587058
0.565745
0.696072
0.769141
0.537532
0.589484
0.691949
0.671825
0.531193
0.443173
0.432299
0.484571
0.658338
0.442384
0.608778
0.588489
0.467249
0.654560
0.554193
0.480624
0.582726
0.616117
0.431400
0.567740
0.496343
0.439391
0.479469
0.584785
0.575235
0.365735
0.604808
0.447956
0.665139
0.638026
0.604021
0.591610
0.462691
0.651589
0.468986
0.610267
0.449769
0.606778
0.619109
0.600539
0.506876
0.466722
0.406908
0.540799
0.540110
0.573207
0.478799
0.609712
0.503380
0.442983
0.551901
0.525875
0.433763
0.649534
0.563295
0.689725
0.494306
0.571292
0.427818
0.571256
0.566423
0.425725
0.604001
0.568769
0.596655
0.576088
0.563599
0.620946
0.515808
0.430995
0.404440
0.484332
0.548465
0.693536
0.642427
0.561595
0.738674
0.627353
0.686880
0.476034
0.466662
0.672295
0.587901
0.378875
0.543696
0.391440
0.631729
0.587791
0.569329
0.647413
0.625248
0.589604
0.512920
0.338762
0.793990
0.485961
0.694112
0.515801
0.381541
0.602148
0.564369
0.600749
0.470068
0.590424
0.505480
0.448841
0.529469
0.494231
0.382489
0.567973
0.501597
0.515386
0.559825
0.553883
0.614125
0.466941
0.492208
0.412373
0.622154
0.564416
0.520651
0.517311
0.494185
0.602427
0.498190
0.539913
0.532898
0.421502
0.547182
0.442436
0.669656
0.474290
0.596238
0.536800
0.624015
0.495155
0.501001
0.550126
0.687383
0.595116
0.414624
0.371326
0.584897
0.613766
0.549435
0.494946
0.584279
0.498287
0.534813
0.618798
0.511165
0.449430
0.600941
0.564905
0.404017
0.768160
0.495596
0.519352
0.623076
0.514254
0.436606
0.778211
0.485755
0.577619
0.490152
0.575385
0.512532
0.625792
0.497901
0.594115
0.498762
0.593371
0.539127
0.466962
0.444975
0.368362
0.548510
0.520145
0.615434
0.513766
0.593408
0.533539
0.589156
0.524055
0.565004
0.354370
0.708193
0.689893
0.502121
0.620682
0.591054
0.761814
0.650182
0.681145
0.572108
0.502763
0.644311
0.669047
0.546983
0.564528
0.491293
0.669959
0.534377
0.535149
0.445976
0.543260
0.665906
0.562864
0.723314
0.455215
0.514615
0.622460
0.652075
0.572044
0.582047
0.614815
0.642134
0.725267
0.571777
0.668273
0.516975
0.602284
0.491793
0.543577
0.585825
0.579279
0.532070
0.605325
0.450082
0.439487
0.592650
0.648334
0.453069
0.396473
0.422424
0.553994
0.484929
0.376753
0.430288
0.449255
0.458118
0.440567
0.517967
0.349468
0.449602
0.345544
0.495220
0.413954
0.361342
0.667733
0.485882
0.501983
0.318650
0.365596
0.544738
0.555964
0.465139
0.290514
0.389637
0.509776
0.506930
0.404824
0.471364
0.659860
0.553480
0.587057
0.476714
0.553234
0.398180
0.606602
0.384474
0.638085
0.378875
0.432068
0.525176
0.400790
0.463994
0.584398
0.508944
0.413297
0.609423
0.569951
0.443156
0.535330
0.458599
0.438080
0.545636
0.624078
0.387977
0.433573
0.592410
0.531492
0.598870
0.438594
0.305092
0.416530
0.550853
0.442080
0.503680
0.598331
0.558487
0.503459
0.438166
0.360001
0.557107
0.512579
0.545720
0.310103
0.374055
0.401638
0.463097
0.410723
0.429480
0.567878
0.562765
0.487036
0.476492
0.373310
0.533149
0.598523
0.515617
0.457216
0.490694
0.518077
0.418501
0.530796
0.652222
0.491319
0.425529
0.551147
0.380467
0.455171
0.647662
0.627907
0.487903
0.449792
0.397187
0.617696
0.512580
0.509343
0.622502
0.468548
0.462257
0.512185
0.428912
0.476260
0.678309
0.420410
0.448620
0.608505
0.343561
0.519955
0.430315
0.360927
0.608245
0.420099
0.636597
0.495609
0.270213
0.522715
0.453561
0.541192
0.609194
0.332953
0.522786
0.426247
0.629688
0.551292
0.372658
0.475132
0.543370
0.480435
0.484614
0.523551
0.364122
0.482916
0.475585
0.496229
0.617052
0.565044
0.585592
0.392753
0.473494
0.571089
0.511684
0.347938
0.447534
0.553439
0.384252
0.625619
0.510787
0.376241
0.500686
0.466868
0.708785
0.542460
0.417457
0.533289
0.610492
0.387493
0.487761
0.398231
0.360660
0.509002
0.483353
0.427697
0.322620
0.311041
0.366919
0.478272
0.586533
0.528490
0.519326
0.451542
0.574888
0.448950
0.484169
0.411715
0.636871
0.393517
0.388922
0.487464
0.458558
0.419098
0.416546
0.538445
0.632484
0.411194
0.315284
0.446090
0.471213
0.451594
0.412162
0.525384
0.560985
0.595937
0.465763
0.503045
0.644352
0.466844
0.597166
0.435291
0.586405
0.524011
0.386900
0.322239
0.663613
0.434189
0.661097
0.557434
0.502725
0.625333
0.415008
0.522006
0.447431
0.545259
0.565697
0.397160
0.508612
0.517579
0.618278
0.466074
0.627099
0.535799
0.425866
0.410291
0.474527
0.553220
0.344245
0.445905
0.584169
0.537833
0.474702
0.505601
0.399327
0.606336
0.407542
0.377419
0.259411
0.379074
0.308168
0.489014
0.487066
0.572642
0.592403
0.391211
0.421362
0.345237
0.411675
0.681033
0.711688
0.385787
0.592747
0.413645
0.521606
0.481021
0.525323
0.441004
0.448603
0.433409
0.433570
0.459604
0.479865
0.440317
0.657630
0.576083
0.377405
0.431649
0.515246
0.482527
0.472300
0.417210
0.373052
0.546915
0.582200
0.525723
0.658104
0.594037
0.658011
0.440169
0.558208
0.513318
0.438396
0.444154
0.427642
0.566150
0.663237
0.582588
0.474873
0.697728
0.451873
0.478852
0.393208
0.457636
0.648839
0.336421
0.544015
0.661806
0.412874
0.540751
0.442030
0.547015
0.549964
0.516275
0.468333
0.347602
0.548851
0.522409
0.267046
0.438375
0.591887
0.438234
0.547530
0.507014
0.434343
0.673995
0.519128
0.418166
0.417051
0.471592
0.454253
0.540783
0.515018
0.453194
0.453870
0.592967
0.574644
0.728972
0.738406
0.445747
0.613256
0.519206
0.522499
0.472632
0.551243
0.525505
0.599191
0.616229
0.542455
0.460461
0.531129
0.502628
0.468059
0.591487
0.538310
0.480425
0.415048
0.502611
0.487338
0.443484
0.544806
0.588945
0.529500
0.474893
0.479439
0.685459
0.546580
0.412039
0.565463
0.519002
0.584853
0.444906
0.471671
0.382765
0.639926
0.466250
0.490054
0.520044
0.459263
0.460674
0.541067
0.575874
0.371172
0.537164
0.511770
0.553135
0.453938
0.782525
0.569044
0.637910
0.528961
0.623607
0.664994
0.608430
0.390503
0.417555
0.439482
0.435696
0.418461
0.500948
0.448447
0.454703
0.495722
0.415004
0.465305
0.405715
0.313779
0.333714
0.532373
0.399954
0.507645
0.389082
0.393554
0.267658
0.404625
0.450993
0.311301
0.391363
0.421561
0.443530
0.372338
0.383106
0.330367
0.477604
0.341097
0.373921
0.397222
0.294177
0.478170
0.374745
0.518028
0.470155
0.395946
0.533290
0.441501
0.419708
0.434321
0.410489
0.498297
0.482259
0.372912
0.429687
0.334099
0.384935
0.356309
0.441420
0.320851
0.345866
0.526457
0.335764
0.323218
0.427774
0.443746
0.404183
0.458567
0.446255
0.502755
0.477979
0.397834
0.559071
0.411414
0.319854
0.413805
0.436167
0.374951
0.510780
0.484191
0.476429
0.323560
0.549742
0.461039
0.468231
0.439680
0.372142
0.516940
0.500031
0.508531
0.528973
0.352120
0.359910
0.382297
0.442527
0.449634
0.451180
0.422772
0.373073
0.345686
0.362018
0.404172
0.384876
0.496584
0.477760
0.382284
0.267523
0.387500
0.496146
0.435339
0.606387
0.468335
0.427751
0.416065
0.340948
0.306197
0.337766
0.394032
0.429437
0.424765
0.590506
0.411334
0.380661
0.364827
0.320115
0.340093
0.345280
0.463468
0.405486
0.344088
0.509025
0.432017
0.436953
0.494277
0.444861
0.336539
0.351231
0.437909
0.543457
0.473479
0.469781
0.498858
0.522399
0.275449
0.433238
0.282184
0.466636
0.584182
0.361545
0.523367
0.599271
0.474167
0.486293
0.503316
0.411841
0.313457
0.481234
0.465608
0.441794
0.365938
0.397460
0.435791
0.367753
0.369708
0.452429
0.468997
0.363100
0.509906
0.374175
0.550245
0.473162
0.431398
0.390454
0.506454
0.424138
0.575742
0.325428
0.328322
0.409922
0.463898
0.691405
0.355182
0.478303
0.550708
0.333228
0.399456
0.475650
0.382282
0.580015
0.523123
0.426928
0.352487
0.388921
0.643176
0.479802
0.501249
0.475017
0.587554
0.624505
0.683522
0.656533
0.401353
0.477841
0.539103
0.701506
0.572741
0.599087
0.300275
0.377348
0.546849
0.588466
0.563660
0.397987
0.498371
0.562117
0.537683
0.566578
0.487857
0.459054
0.351231
0.480831
0.355519
0.496496
0.496642
0.419877
0.508711
0.461337
0.414788
0.484228
0.476272
0.478949
0.346547
0.484445
0.404582
0.391036
0.509486
0.333492
0.326796
0.307769
0.449626
0.581257
0.553543
0.395615
0.363955
0.618602
0.413763
0.358590
0.594058
0.435894
0.430888
0.429291
0.466327
0.731439
0.398246
0.585259
0.391650
0.388411
0.426142
0.468625
0.432014
0.641979
0.540749
0.391539
0.522372
0.492223
0.383463
0.622481
0.477706
0.574465
0.376036
0.493418
0.502887
0.354816
0.584890
0.451651
0.478831
0.548059
0.365878
0.446409
0.508194
0.471686
0.472434
0.437096
0.361316
0.410002
0.408290
0.472285
0.518285
0.412803
0.535888
0.345008
0.438322
0.343334
0.530227
0.466662
0.484695
0.583649
0.459397
0.493937
0.392527
0.429546
0.438317
0.668162
0.605264
0.379925
0.423191
0.469994
0.469484
0.478594
0.419004
0.483066
0.389043
0.358469
0.489037
0.397266
0.423118
0.434483
0.470814
0.461586
0.454297
0.434840
0.541197
0.402920
0.361722
0.479504
0.440531
0.446938
0.528957
0.476989
0.322411
0.428345
0.454763
0.594770
0.581124
0.600281
0.336623
0.401946
0.537363
0.523647
0.301512
0.374205
0.517355
0.502353
0.475536
0.462367
0.491905
0.343710
0.354909
0.374477
0.527166
0.517507
0.561836
0.597514
0.324219
0.463227
0.623659
0.515050
0.691243
0.453317
0.537214
0.594305
0.504713
0.511289
0.420349
0.497903
0.522943
0.430524
0.546896
0.443816
0.543911
0.521655
0.531539
0.583982
0.312974
0.387640
0.490473
0.387129
0.346260
0.449237
0.395807
0.424075
0.537698
0.273705
0.432115
0.658724
0.688121
0.403096
0.297819
0.559518
0.370069
0.462028
0.508997
0.517102
0.405943
0.400922
0.433252
0.495016
0.421932
0.520967
0.260579
0.445020
0.392155
0.530797
0.295457
0.324962
0.371055
0.241147
0.337334
0.229640
0.317986
0.328665
0.488243
0.271515
0.394232
0.378425
0.262241
0.491906
0.303555
0.335610
0.377629
0.272829
0.328639
0.366069
0.397219
0.661111
0.372376
0.405254
0.434022
0.324988
0.407245
0.334590
0.384781
0.344486
0.395964
0.272932
0.362197
0.264063
0.386461
0.415074
0.246589
0.292089
0.334000
0.440975
0.336801
0.238666
0.383805
0.254422
0.339255
0.339196
0.353942
0.479403
0.386800
0.399202
0.429608
0.301114
0.437354
0.470871
0.483232
0.505870
0.505537
0.274492
0.284266
0.344061
0.251111
0.403307
0.340826
0.376326
0.257344
0.238531
0.302292
0.389743
0.297150
0.234505
0.370086
0.259244
0.286983
0.228243
0.245589
0.344681
0.356012
0.472216
0.437827
0.322254
0.303927
0.333874
0.300252
0.314433
0.369253
0.390580
0.277612
0.354020
0.397485
0.205929
0.453310
0.389465
0.376292
0.360079
0.281846
0.383620
0.321478
0.425316
0.354651
0.361524
0.297344
0.452781
0.350244
0.452138
0.405043
0.443811
0.348060
0.324978
0.348054
0.381389
0.402771
0.253865
0.355905
0.367548
0.324387
0.482628
0.458415
0.549383
0.582865
0.395552
0.406976
0.472257
0.486094
0.467779
0.422819
0.362653
0.381782
0.528722
0.324514
0.260653
0.455113
0.365442
0.320084
0.509805
0.426970
0.482875
0.326299
0.394498
0.366103
0.451625
0.409451
0.341872
0.400493
0.390043
0.466048
0.453453
0.325568
0.383912
0.354740
0.439167
0.421018
0.465208
0.481256
0.438308
0.406482
0.337423
0.397444
0.631506
0.419341
0.371530
0.449723
0.258465
0.503362
0.528627
0.368949
0.461094
0.287137
0.385814
0.443652
0.446924
0.379841
0.434226
0.465631
0.426836
0.352335
0.410665
0.522437
0.314052
0.506673
0.467732
0.440556
0.388215
0.306410
0.404172
0.361486
0.513965
0.402738
0.362276
0.415657
0.351344
0.437568
0.437798
0.344904
0.329068
0.467052
0.351872
0.581985
0.511337
0.415593
0.337119
0.546024
0.418280
0.374426
0.357870
0.399953
0.379549
0.425437
0.374499
0.460094
0.348389
0.282355
0.508340
0.393797
0.353011
0.381828
0.269396
0.587350
0.286276
0.352698
0.289663
0.522680
0.417429
0.409970
0.575778
0.454951
0.331660
0.498235
0.435768
0.282111
0.484842
0.325456
0.377325
0.536509
0.582547
0.361019
0.532655
0.434575
0.333894
0.300927
0.462236
0.505273
0.423393
0.487754
0.355431
0.455612
0.518084
0.393897
0.329027
0.390244
0.451898
0.426359
0.305080
0.474231
0.324524
0.568869
0.424040
0.415930
0.307643
0.361244
0.415501
0.332414
0.494083
0.417793
0.596039
0.381771
0.429867
0.426463
0.360622
0.395060
0.347284
0.381564
0.429665
0.355557
0.395134
0.443648
0.325833
0.491633
0.421429
0.497316
0.428755
0.339045
0.391196
0.327185
0.400149
0.339264
0.527005
0.309468
0.458980
0.388147
0.497024
0.352135
0.466104
0.472585
0.384466
0.463327
0.366220
0.471989
0.428972
0.355632
0.547504
0.398144
0.559511
0.410375
0.513492
0.596147
0.360746
0.523549
0.429269
0.440184
0.381767
0.576133
0.393746
0.517630
0.357564
0.385270
0.318577
0.342384
0.499994
0.495034
0.501550
0.490626
0.434085
0.431064
0.434202
0.326132
0.267401
0.439391
0.495991
0.657987
0.461540
0.489472
0.377907
0.362463
0.426998
0.379776
0.468067
0.467248
0.510590
0.490398
0.452699
0.360666
0.436763
0.392072
0.570375
0.566046
0.387951
0.314127
0.495151
0.403032
0.365663
0.512843
0.426345
0.498380
0.448291
0.346636
0.371575
0.428390
0.357159
0.500336
0.286706
0.261867
0.435247
0.392915
0.508000
0.438462
0.464769
0.424643
0.389263
0.399990
0.461353
0.445487
0.427113
0.486371
0.454398
0.412575
0.417830
0.481510
0.447413
0.463987
0.517292
0.474105
0.432158
0.416168
0.311905
0.595189
0.482381
0.471011
0.412245
0.291292
0.314297
0.458986
0.346476
0.377924
0.291230
0.318998
0.277385
0.347783
0.295483
0.335239
0.340749
0.273146
0.410238
0.376524
0.400160
0.279581
0.492424
0.296329
0.302709
0.354316
0.294005
0.336486
0.465615
0.384233
0.472092
0.374477
0.269764
0.371392
0.282072
0.236875
0.334825
0.349645
0.236003
0.281744
0.337962
0.270944
0.304628
0.323883
0.295289
0.285422
0.258484
0.292263
0.436886
0.337392
0.310864
0.351430
0.230521
0.199489
0.370182
0.280192
0.266689
0.359666
0.205636
0.328577
0.199395
0.339370
0.354454
0.446485
0.336293
0.262164
0.396746
0.321961
0.387253
0.341022
0.215665
0.405916
0.275211
0.163343
0.292944
0.193680
0.297551
0.391566
0.468172
0.306252
0.358837
0.568007
0.337845
0.587785
0.314907
0.215928
0.334804
0.335759
0.395844
0.375360
0.419928
0.300228
0.440472
0.420564
0.279990
0.280341
0.301175
0.259759
0.399403
0.271120
0.166740
0.259072
0.296471
0.258328
0.322271
0.245917
0.258613
0.236966
0.337395
0.340792
0.325759
0.224303
0.197085
0.290303
0.336926
0.515489
0.442053
0.257206
0.341609
0.256779
0.185022
0.249406
0.291857
0.374610
0.376303
0.516909
0.281348
0.287782
0.361205
0.286082
0.323541
0.310957
0.268940
0.338949
0.500257
0.239896
0.505546
0.328941
0.333249
0.368450
0.430685
0.415647
0.296565
0.227633
0.484684
0.409293
0.241382
0.396595
0.390752
0.301885
0.442666
0.384307
0.323762
0.327961
0.383075
0.318470
0.346885
0.380744
0.583313
0.512830
0.406159
0.303639
0.252393
0.403742
0.365260
0.656276
0.441503
0.244730
0.387623
0.263634
0.431717
0.331730
0.357239
0.248945
0.367806
0.330489
0.325112
0.427234
0.493703
0.296186
0.527985
0.337099
0.347628
0.404304
0.350976
0.343896
0.535713
0.300115
0.326616
0.288682
0.343706
0.448053
0.268877
0.322564
0.339243
0.491385
0.425514
0.283765
0.413551
0.353000
0.315232
0.440332
0.523265
0.352857
0.424860
0.428704
0.251033
0.243820
0.413407
0.758375
0.347654
0.455598
0.362976
0.395239
0.477274
0.547948
0.304801
0.364403
0.330341
0.510837
0.397837
0.270150
0.247059
0.417153
0.289759
0.543630
0.358431
0.365149
0.471199
0.373219
0.284449
0.308440
0.370820
0.277423
0.352913
0.410676
0.246280
0.314449
0.286684
0.345795
0.341947
0.276507
0.411879
0.452604
0.591512
0.406457
0.402321
0.286751
0.449857
0.466370
0.352503
0.462359
0.319384
0.357431
0.197907
0.553723
0.445677
0.299433
0.445184
0.316462
0.407063
0.384088
0.322293
0.212094
0.405337
0.379483
0.388463
0.384670
0.317534
0.409237
0.287577
0.477520
0.334199
0.428057
0.416482
0.376044
0.354993
0.512159
0.406050
0.427724
0.443687
0.502581
0.321248
0.413551
0.430597
0.507628
0.593584
0.500181
0.499281
0.409966
0.348542
0.442022
0.253529
0.465107
0.472794
0.467221
0.487215
0.534236
0.444140
0.389811
0.288705
0.481984
0.481766
0.480853
0.519910
0.362042
0.603680
0.341660
0.335604
0.353653
0.381752
0.449546
0.438001
0.498329
0.238570
0.656778
0.451445
0.366300
0.349882
0.388098
0.587245
0.352343
0.431595
0.521064
0.431348
0.356879
0.319971
0.501946
0.323076
0.381428
0.241605
0.376360
0.463000
0.355847
0.375141
0.420249
0.399605
0.310603
0.250177
0.416475
0.567879
0.367157
0.301329
0.285298
0.404193
0.280261
0.476854
0.405393
0.343299
0.337714
0.397143
0.226630
0.436579
0.303722
0.460219
0.337988
0.257380
0.514930
0.572355
0.273107
0.513258
0.467535
0.457811
0.355885
0.391535
0.348065
0.319099
0.251561
0.322685
0.459088
0.379328
0.279484
0.334912
0.315721
0.399094
0.416803
0.493543
0.314153
0.285655
0.211094
0.270512
0.332141
0.521308
0.326026
0.397456
0.439890
0.349024
0.283480
0.361808
0.389414
0.406472
0.448662
0.533423
0.302790
0.434806
0.247720
0.204791
0.362098
0.297169
0.301137
0.218860
0.350875
0.273017
0.175850
0.274295
0.414175
0.234640
0.239449
0.342533
0.295660
0.248166
0.335206
0.337706
0.205698
0.255146
0.381181
0.234615
0.192456
0.224966
0.281206
0.327013
0.191506
0.233299
0.310905
0.276660
0.418106
0.215204
0.429246
0.327362
0.254176
0.426066
0.215284
0.221965
0.233486
0.270842
0.302142
0.220946
0.306185
0.360088
0.272332
0.320903
0.242601
0.310778
0.241393
0.169809
0.247602
0.222189
0.334247
0.342124
0.274981
0.350673
0.352304
0.215699
0.187744
0.282915
0.245707
0.145725
0.326148
0.426145
0.341943
0.452212
0.204896
0.268069
0.295467
0.417512
0.228597
0.295990
0.431472
0.360262
0.335658
0.298915
0.372212
0.223501
0.341715
0.241545
0.283754
0.242355
0.362681
0.386702
0.331400
0.382915
0.347256
0.361554
0.294638
0.278606
0.421368
0.266420
0.364836
0.280479
0.370583
0.246517
0.285512
0.244376
0.095853
0.424310
0.383168
0.280777
0.533547
0.349242
0.229833
0.280023
0.305055
0.325040
0.311494
0.491140
0.349447
0.279391
0.269546
0.380434
0.255113
0.424241
0.400913
0.270479
0.299330
0.224217
0.319971
0.318800
0.229940
0.280164
0.391732
0.385215
0.340495
0.353951
0.412028
0.407931
0.423135
0.284811
0.408678
0.339739
0.425785
0.294166
0.338558
0.355928
0.420737
0.304803
0.319780
0.205295
0.371846
0.444890
0.277184
0.294913
0.407816
0.240977
0.415114
0.323577
0.462794
0.303346
0.261328
0.347282
0.362099
0.377820
0.565563
0.281826
0.348044
0.553857
0.315828
0.303283
0.230090
0.337385
0.263319
0.259419
0.244181
0.205496
0.352237
0.501662
0.287578
0.358219
0.354734
0.284010
0.251512
0.174172
0.325039
0.452044
0.388366
0.188149
0.370217
0.313503
0.203641
0.301852
0.281231
0.370488
0.308648
0.170641
0.223909
0.254553
0.428871
0.315879
0.327648
0.306496
0.396294
0.217734
0.369855
0.321227
0.207303
0.204644
0.385356
0.309253
0.250339
0.230715
0.188878
0.166991
0.259870
0.407175
0.207262
0.346859
0.231917
0.429393
0.223978
0.253687
0.322542
0.277539
0.229528
0.234315
0.274361
0.255817
0.373320
0.262946
0.274695
0.380555
0.419142
0.349645
0.470974
0.345237
0.419479
0.322735
0.218844
0.358918
0.355929
0.310614
0.247891
0.253313
0.249953
0.346994
0.274234
0.449893
0.381395
0.369981
0.431591
0.380220
0.247552
0.299574
0.485504
0.370379
0.452456
0.336822
0.365059
0.317872
0.290177
0.326232
0.328511
0.356372
0.316351
0.207868
0.314824
0.391708
0.295252
0.373591
0.247588
0.270367
0.243925
0.365508
0.400713
0.476071
0.450247
0.313704
0.278400
0.263734
0.593063
0.421109
0.330166
0.376816
0.426766
0.459231
0.328506
0.338176
0.426091
0.289039
0.390581
0.263413
0.324760
0.362227
0.432988
0.372344
0.405714
0.252930
0.405457
0.367286
0.398382
0.336762
0.345279
0.329241
0.320327
0.528597
0.387428
0.315536
0.243423
0.348538
0.370344
0.304781
0.281713
0.427482
0.254640
0.337793
0.393455
0.420493
0.381560
0.483805
0.489297
0.361384
0.456033
0.508918
0.445675
0.299861
0.413459
0.381422
0.403970
0.428957
0.405754
0.376646
0.331583
0.309639
0.307138
0.361288
0.337072
0.738675
0.443450
0.209673
0.339023
0.241750
0.322514
0.319943
0.384079
0.453281
0.338042
0.319944
0.155065
0.332538
0.297382
0.301973
0.395396
0.293196
0.420794
0.281215
0.449761
0.256941
0.286024
0.283192
0.404737
0.250822
0.285928
0.201719
0.360534
0.310480
0.256892
0.406664
0.230099
0.261136
0.215001
0.285998
0.363512
0.345370
0.551260
0.324294
0.395682
0.300870
0.390121
0.440362
0.260562
0.231638
0.418297
0.454414
0.337648
0.399823
0.331174
0.473165
0.322822
0.347478
0.302410
0.428797
0.357907
0.409804
0.345679
0.397351
0.355250
0.337794
0.408725
0.313525
0.307803
0.262641
0.259852
0.290672
0.421526
0.231108
0.407860
0.244474
0.237878
0.258609
0.222511
0.328764
0.250082
0.169465
0.296198
0.194533
0.252111
0.113264
0.182134
0.278878
0.227037
0.116036
0.178919
0.209149
0.220875
0.292691
0.134278
0.361411
0.362568
0.271371
0.173848
0.263515
0.169712
0.289049
0.309060
0.336468
0.181909
0.268118
0.338774
0.259420
0.318546
0.325572
0.174616
0.299888
0.361868
0.180345
0.248336
0.214471
0.278709
0.256893
0.279523
0.313904
0.450936
0.227362
0.304457
0.248860
0.272991
0.295808
0.296878
0.256086
0.271515
0.323688
0.182454
0.238590
0.186269
0.263881
0.232070
0.298160
0.380217
0.380480
0.314585
0.195729
0.220594
0.371179
0.223278
0.176351
0.302002
0.307485
0.371374
0.302151
0.269482
0.319162
0.239839
0.337532
0.260759
0.372624
0.439889
0.237022
0.295591
0.314509
0.216030
0.276359
0.236768
0.251559
0.212024
0.226183
0.329735
0.340770
0.200958
0.226323
0.251331
0.276842
0.222289
0.239428
0.265516
0.239284
0.447993
0.221213
0.406345
0.325974
0.310278
0.259308
0.425096
0.249132
0.201937
0.411876
0.225823
0.435491
0.180519
0.235017
0.290290
0.347710
0.414582
0.333457
0.347888
0.214295
0.336184
0.306732
0.361545
0.380095
0.230028
0.187874
0.245873
0.229855
0.246487
0.178053
0.258483
0.241560
0.342245
0.246305
0.206860
0.280778
0.299985
0.331537
0.141282
0.072691
0.321137
0.244369
0.289721
0.208707
0.336292
0.232643
0.357863
0.319667
0.261998
0.255933
0.287295
0.346151
0.203392
0.159339
0.247156
0.320799
0.281054
0.266747
0.159712
0.261745
0.253368
0.294611
0.237262
0.290945
0.365737
0.372495
0.363611
0.192728
0.232185
0.291120
0.578023
0.352598
0.375158
0.297188
0.214257
0.425155
0.229561
0.236275
0.211890
0.237313
0.350349
0.325820
0.465483
0.360699
0.237013
0.342145
0.211644
0.300484
0.267472
0.223329
0.413780
0.230854
0.270984
0.247600
0.397335
0.423545
0.436077
0.398522
0.348875
0.324420
0.372460
0.357951
0.353922
0.438906
0.275684
0.348812
0.305291
0.274404
0.309308
0.303009
0.430834
0.269593
0.361342
0.286566
0.286396
0.302568
0.312890
0.247288
0.353521
0.226772
0.250328
0.271460
0.220437
0.244940
0.256761
0.149563
0.281146
0.299845
0.310759
0.264282
0.293662
0.319527
0.384829
0.109621
0.344559
0.169981
0.159238
0.196607
0.470345
0.274530
0.152320
0.187563
0.323537
0.351876
0.276133
0.309601
0.359348
0.343638
0.258913
0.240588
0.240984
0.383208
0.461235
0.293877
0.360796
0.494163
0.116400
0.285361
0.346351
0.266631
0.336287
0.514518
0.553980
0.384172
0.353982
0.326300
0.445115
0.395160
0.404667
0.298102
0.339149
0.386210
0.320154
0.264868
0.277597
0.288794
0.381053
0.284057
0.316113
0.487753
0.278406
0.374340
0.225822
0.254298
0.396825
0.291467
0.278941
0.248153
0.204278
0.286381
0.284223
0.229741
0.328827
0.243002
0.259033
0.336512
0.219624
0.338649
0.229419
0.258108
0.457525
0.539907
0.231367
0.258416
0.439788
0.350984
0.351845
0.355553
0.354335
0.321523
0.403418
0.256000
0.346429
0.369639
0.297837
0.496555
0.296178
0.416942
0.253461
0.333340
0.369941
0.350983
0.384864
0.506055
0.319566
0.248562
0.376851
0.265506
0.330808
0.363932
0.258723
0.319807
0.202557
0.312403
0.442378
0.392904
0.186254
0.281721
0.328485
0.310997
0.375112
0.357919
0.300433
0.329212
0.452600
0.241628
0.269414
0.325241
0.182148
0.392521
0.482106
0.388221
0.284373
0.419862
0.466069
0.351762
0.445154
0.361737
0.365259
0.367669
0.325893
0.315922
0.316334
0.271847
0.344371
0.339640
0.343711
0.426362
0.392591
0.267187
0.425382
0.532627
0.484452
0.392304
0.273399
0.283341
0.300958
0.482920
0.354570
0.282371
0.281108
0.253919
0.197497
0.347244
0.246177
0.209902
0.256589
0.360913
0.193174
0.361376
0.250189
0.300656
0.204891
0.235989
0.195570
0.151904
0.281147
0.170820
0.340547
0.193926
0.184736
0.239591
0.231205
0.360182
0.238166
0.233313
0.218528
0.154803
0.209526
0.271245
0.182621
0.174046
0.173286
0.206042
0.272577
0.190715
0.205725
0.221152
0.143748
0.486883
0.187203
0.238731
0.304648
0.143155
0.255219
0.275438
0.251830
0.286900
0.207162
0.195714
0.369744
0.289814
0.215145
0.260308
0.283261
0.294977
0.132970
0.333468
0.239487
0.248437
0.230307
0.234703
0.164194
0.208419
0.272659
0.252952
0.196699
0.205775
0.178267
0.189118
0.133706
0.211153
0.366454
0.260930
0.182044
0.264147
0.235288
0.203862
0.314259
0.456152
0.188357
0.153022
0.371089
0.129201
0.210251
0.183439
0.279583
0.229972
0.295681
0.159781
0.203194
0.130864
0.240703
0.293038
0.345066
0.295736
0.287566
0.191695
0.153604
0.344241
0.308608
0.236830
0.237646
0.370300
0.350444
0.191578
0.202318
0.209462
0.350346
0.264306
0.168877
0.238165
0.377134
0.289105
0.171325
0.269793
0.285797
0.255024
0.272575
0.420852
0.232534
0.295430
0.234484
0.434351
0.267988
0.233802
0.279161
0.322904
0.416794
0.362083
0.286126
0.306905
0.224213
0.319111
0.241082
0.216834
0.536906
0.375902
0.262082
0.271434
0.283597
0.370841
0.258564
0.254639
0.310257
0.298755
0.252909
0.321599
0.252762
0.180306
0.420094
0.172265
0.204530
0.330421
0.205227
0.248554
0.240517
0.262995
0.276213
0.245459
0.242215
0.284724
0.188307
0.170955
0.395448
0.173716
0.230362
0.246770
0.300089
0.227647
0.293369
0.331579
0.197990
0.212264
0.283189
0.318550
0.184280
0.270817
0.204581
0.358203
0.283929
0.200687
0.275702
0.260271
0.166964
0.311379
0.284012
0.262418
0.201662
0.427027
0.429031
0.353585
0.307486
0.213123
0.171087
0.193811
0.333241
0.267509
0.213871
0.332090
0.267604
0.456563
0.139289
0.292707
0.400497
0.257775
0.418116
0.462622
0.352854
0.261223
0.207211
0.258959
0.325986
0.323896
0.288809
0.298408
0.399612
0.328954
0.183906
0.185157
0.320677
0.231907
0.311221
0.288980
0.303577
0.377270
0.259257
0.508330
0.370995
0.406632
0.236721
0.193835
0.444744
0.282060
0.434772
0.486543
0.357749
0.242045
0.327092
0.422588
0.376913
0.413505
0.320369
0.380561
0.165160
0.385288
0.330748
0.275113
0.258363
0.401142
0.343966
0.374328
0.379233
0.357250
0.238819
0.305131
0.226889
0.163647
0.478632
0.324214
0.318704
0.210357
0.385656
0.265137
0.535237
0.332063
0.373958
0.306793
0.448668
0.310569
0.273014
0.279164
0.275877
0.175620
0.164156
0.129786
0.231151
0.175978
0.390188
0.265825
0.345912
0.349167
0.187229
0.234535
0.235072
0.261957
0.370695
0.179691
0.499848
0.178157
0.148370
0.188467
0.397112
0.250418
0.248173
0.240234
0.317833
0.260352
0.263109
0.479927
0.216909
0.283393
0.298019
0.387535
0.276609
0.296435
0.364183
0.354392
0.200275
0.276881
0.244637
0.461773
0.382542
0.403262
0.469335
0.226827
0.358021
0.444492
0.307774
0.477956
0.324778
0.481313
0.391619
0.468891
0.487266
0.300234
0.344815
0.338149
0.341277
0.277886
0.360538
0.371286
0.329271
0.414389
0.400626
0.570152
0.306781
0.295256
0.316271
0.300748
0.407801
0.277087
0.275626
0.289781
0.323991
0.326737
0.351515
0.168319
0.400637
0.325852
0.377577
0.386073
0.427364
0.335431
0.279772
0.434947
0.320641
0.274146
0.296155
0.428868
0.260017
0.258082
0.166802
0.426257
0.215145
0.301176
0.339897
0.242642
0.220603
0.378937
0.329458
0.188522
0.306170
0.432692
0.447605
0.245963
0.409643
0.224601
0.374326
0.363408
0.345920
0.300944
0.253263
0.257200
0.445120
0.174156
0.218190
0.292661
0.237251
0.463378
0.319771
0.317528
0.437914
0.175291
0.257596
0.131508
0.252437
0.140508
0.160401
0.177009
0.158153
0.130339
0.242141
0.198681
0.202869
0.160671
0.138284
0.198963
0.258594
0.221139
0.127795
0.162363
0.113143
0.137196
0.269135
0.100064
0.102465
0.324255
0.287959
0.263052
0.186040
0.236104
0.221535
0.119440
0.093403
0.244208
0.156847
0.218596
0.267638
0.207526
0.200794
0.209447
0.129761
0.288093
0.193364
0.295735
0.269120
0.211027
0.248223
0.196298
0.126591
0.112870
0.117657
0.137386
0.406489
0.259284
0.198253
0.199670
0.212386
0.218334
0.192418
0.331920
0.168763
0.107234
0.206125
0.203814
0.218463
0.152222
0.298941
0.100024
0.245146
0.283766
0.165576
0.143349
0.267848
0.161565
0.201374
0.185203
0.176680
0.210927
0.201716
0.172748
0.257822
0.223491
0.287743
0.314170
0.256134
0.179738
0.421724
0.157891
0.337524
0.153357
0.348885
0.250164
0.168744
0.298190
0.259320
0.228098
0.251148
0.238962
0.216003
0.146934
0.285370
0.268694
0.211012
0.306242
0.243047
0.260121
0.303376
0.273086
0.311661
0.119108
0.217197
0.219861
0.285916
0.373522
0.431204
0.259804
0.282452
0.191382
0.376267
0.233099
0.249377
0.295785
0.359751
0.248442
0.316926
0.285709
0.355095
0.298691
0.264329
0.322690
0.218445
0.296351
0.233573
0.318767
0.142615
0.182907
0.340559
0.347116
0.209263
0.316231
0.216235
0.228388
0.238077
0.195365
0.132456
0.277615
0.210744
0.265840
0.182973
0.143962
0.273956
0.203014
0.281235
0.247032
0.270121
0.312608
0.200127
0.306016
0.152892
0.229456
0.153640
0.244760
0.325532
0.362059
0.397306
0.220848
0.165795
0.273300
0.276455
0.290617
0.240006
0.253842
0.218115
0.254485
0.354858
0.225377
0.286205
0.384612
0.121283
0.264062
0.222829
0.266328
0.350966
0.222501
0.416842
0.238038
0.270578
0.317613
0.317071
0.247425
0.230822
0.306295
0.261908
0.190809
0.161991
0.341318
0.242838
0.243711
0.383893
0.258128
0.379851
0.370983
0.423486
0.302523
0.216402
0.334888
0.227551
0.204940
0.355304
0.234449
0.179267
0.192677
0.350135
0.189210
0.222944
0.269562
0.273599
0.299275
0.286707
0.161006
0.181275
0.199046
0.199183
0.288592
0.328582
0.185904
0.322078
0.344776
0.308638
0.347843
0.405548
0.490760
0.250384
0.265759
0.258772
0.323925
0.283752
0.228998
0.334273
0.289264
0.368338
0.303724
0.172682
0.413415
0.363509
0.346794
0.303989
0.220454
0.212155
0.294403
0.188742
0.414310
0.265388
0.230743
0.233711
0.226720
0.229420
0.290763
0.307097
0.328793
0.383129
0.250086
0.186197
0.267254
0.319552
0.254342
0.387486
0.440438
0.202699
0.312374
0.230700
0.224150
0.215594
0.327889
0.408765
0.185357
0.355849
0.355358
0.256553
0.319561
0.369324
0.333427
0.573424
0.266390
0.148033
0.259819
0.262611
0.282412
0.263279
0.282058
0.261729
0.277752
0.277667
0.330129
0.209186
0.293298
0.216686
0.192811
0.335577
0.236295
0.266151
0.260567
0.205825
0.153313
0.277681
0.290944
0.260303
0.313165
0.327260
0.366310
0.197310
0.210542
0.288368
0.288605
0.411704
0.330574
0.312032
0.211426
0.279727
0.342611
0.464911
0.269404
0.364572
0.367530
0.358851
0.168467
0.296436
0.265098
0.257944
0.637017
0.377149
0.260288
0.418395
0.378806
0.461155
0.243244
0.368602
0.435847
0.410952
0.428637
0.389018
0.285194
0.324027
0.175800
0.373149
0.231093
0.199821
0.294736
0.288143
0.291189
0.409564
0.107880
0.187905
0.268930
0.298022
0.167240
0.305974
0.302671
0.238335
0.323094
0.166574
0.227545
0.244153
0.341664
0.327734
0.227443
0.455046
0.367233
0.273813
0.185403
0.254277
0.285184
0.273533
0.275835
0.328299
0.281122
0.274895
0.579669
0.303680
0.266854
0.226901
0.363318
0.503339
0.172390
0.408622
0.394752
0.206975
0.404709
0.352331
0.428213
0.249496
0.260590
0.219255
0.172848
0.218461
0.356534
0.217389
0.352280
0.314218
0.145357
0.238234
0.296525
0.226158
0.366527
0.332363
0.176602
0.206349
0.187973
0.367131
0.118930
0.138146
0.181432
0.212240
0.311959
0.149391
0.132826
0.173208
0.161046
0.156514
0.109573
0.269928
0.198414
0.170601
0.155194
0.134173
0.223742
0.162781
0.177569
0.124166
0.331751
0.238349
0.267678
0.219202
0.214810
0.167982
0.113698
0.068571
0.077988
0.167922
0.307431
0.322774
0.133115
0.255512
0.149046
0.444145
0.280376
0.227346
0.220492
0.291820
0.269720
0.151197
0.143404
0.224145
0.426743
0.229735
0.306100
0.168673
0.102103
0.272463
0.273418
0.130814
0.296906
0.351669
0.321350
0.126453
0.231810
0.233545
0.188218
0.288632
0.286066
0.077788
0.142712
0.190668
0.200619
0.275150
0.203706
0.216758
0.161771
0.220952
0.160209
0.105808
0.401871
0.302253
0.238516
0.223915
0.218072
0.165189
0.182942
0.364380
0.361579
0.192834
0.237623
0.274278
0.372179
0.117526
0.181513
0.180066
0.173174
0.274832
0.165057
0.254449
0.214759
0.202478
0.354437
0.222040
0.359641
0.154724
0.170343
0.130244
0.203586
0.333017
0.103532
0.155542
0.127168
0.226379
0.249182
0.235457
0.261868
0.223821
0.160855
0.118099
0.164343
0.241125
0.255868
0.244047
0.356275
0.190538
0.160024
0.199191
0.159856
0.295695
0.134802
0.160761
0.203989
0.169088
0.263847
0.147515
0.247131
0.326768
0.243280
0.164804
0.239211
0.232512
0.384638
0.149582
0.157360
0.232091
0.107077
0.259342
0.258135
0.302917
0.275038
0.236384
0.220950
0.205197
0.310718
0.225756
0.245824
0.189348
0.118072
0.205566
0.206543
0.437930
0.269742
0.386591
0.157518
0.198732
0.315545
0.177321
0.311473
0.248321
0.259295
0.317770
0.309634
0.254994
0.169810
0.239910
0.258091
0.298985
0.210101
0.211602
0.191704
0.217605
0.425401
0.256433
0.201739
0.255427
0.227943
0.173235
0.219436
0.409433
0.239866
0.178046
0.312146
0.241356
0.276734
0.221676
0.224191
0.286639
0.282850
0.199901
0.231162
0.343539
0.184460
0.244674
0.207257
0.254781
0.211172
0.220793
0.335261
0.269899
0.421773
0.311247
0.328477
0.262781
0.257855
0.161742
0.202774
0.229963
0.161047
0.275511
0.294630
0.315091
0.338489
0.272135
0.196955
0.181924
0.187060
0.119926
0.230716
0.152487
0.432887
0.325676
0.109736
0.196215
0.188468
0.275277
0.163288
0.262180
0.157191
0.139768
0.228544
0.297377
0.219356
0.145455
0.075653
0.121127
0.478363
0.237581
0.256389
0.308154
0.125871
0.315545
0.229529
0.226981
0.182042
0.186779
0.260793
0.154116
0.251072
0.262645
0.155575
0.223914
0.307947
0.230602
0.278289
0.303911
0.226930
0.327290
0.355096
0.168403
0.216388
0.216150
0.157610
0.559565
0.386627
0.254290
0.266128
0.350545
0.369994
0.261408
0.195224
0.165810
0.222924
0.319982
0.189581
0.424596
0.249331
0.379562
0.203781
0.211015
0.238108
0.285096
0.359141
0.239243
0.196191
0.158393
0.257506
0.249876
0.175514
0.171329
0.209590
0.265820
0.203320
0.269587
0.180277
0.123176
0.247629
0.328467
0.395273
0.173614
0.261065
0.264468
0.239544
0.250522
0.273373
0.203803
0.307977
0.254856
0.278296
0.256225
0.318160
0.233792
0.234822
0.366591
0.211817
0.317204
0.230530
0.234998
0.233083
0.201080
0.152559
0.184596
0.377216
0.286643
0.282730
0.175251
0.343866
0.316700
0.198975
0.212278
0.371799
0.259486
0.232277
0.290192
0.183070
0.332483
0.171768
0.277749
0.269656
0.239312
0.148256
0.257614
0.265414
0.196260
0.249659
0.320546
0.158962
0.367965
0.195687
0.234427
0.226148
0.148635
0.337687
0.363078
0.634160
0.371609
0.180942
0.217226
0.206870
0.274205
0.276891
0.186681
0.277929
0.265678
0.270029
0.138341
0.204139
0.253769
0.218500
0.208516
0.232216
0.188580
0.214079
0.209300
0.069411
0.082486
0.252908
0.246109
0.101672
0.212145
0.234103
0.162712
0.101897
0.202921
0.129586
0.178341
0.144905
0.211538
0.227348
0.148923
0.137456
0.254864
0.192324
0.144148
0.231947
0.324368
0.120470
0.130491
0.169090
0.114642
0.142811
0.141136
0.201938
0.165995
0.164762
0.134131
0.180514
0.085615
0.228151
0.063860
0.306470
0.238573
0.263523
0.145593
0.163786
0.158704
0.136398
0.249456
0.101649
0.204427
0.117546
0.145187
0.099471
0.207014
0.248321
0.212692
0.296380
0.192107
0.252393
0.194805
0.301706
0.471061
0.383012
0.488403
0.245311
0.319053
0.289171
0.353195
0.243657
0.357177
0.514910
0.233778
0.201181
0.582747
0.194790
0.278091
0.280629
0.287083
0.260859
0.290922
0.358710
0.279588
0.554893
0.204868
0.204783
0.199861
0.173423
0.162943
0.229752
0.183460
0.170030
0.241676
0.282337
0.277138
0.236592
0.099956
0.447532
0.244426
0.333879
0.170446
0.273163
0.151732
0.266471
0.273422
0.263604
0.125744
0.324053
0.208989
0.290321
0.322344
0.236372
0.267697
0.302731
0.237408
0.215297
0.235880
0.219715
0.245208
0.228637
0.244698
0.195499
0.377622
0.244444
0.225778
0.157591
0.173464
0.175509
0.313051
0.222704
0.269222
0.236275
0.212591
0.191122
0.215498
0.212934
0.146579
0.131984
0.215039
0.296508
0.151821
0.103052
0.167947
0.113808
0.147355
0.123692
0.205948
0.163400
0.211168
0.152445
0.208215
0.087631
0.292987
0.105408
0.180649
0.180578
0.182521
0.213781
0.125783
0.108964
0.255247
0.352824
0.168801
0.212811
0.158557
0.268795
0.232485
0.281458
0.338742
0.143614
0.179918
0.172082
0.134479
0.210655
0.172129
0.308160
0.257833
0.183941
0.267810
0.351665
0.158865
0.377183
0.281826
0.223686
0.260309
0.336765
0.227346
0.113718
0.232785
0.283669
0.291402
0.248027
0.446394
0.303554
0.276053
0.217186
0.164335
0.389962
0.365156
0.295850
0.231583
0.206497
0.170345
0.225705
0.311314
0.363688
0.270965
0.206936
0.161191
0.193144
0.294939
0.334606
0.293438
0.297565
0.311343
0.144845
0.249259
0.105036
0.278867
0.158098
0.260565
0.391599
0.185198
0.234586
0.310877
0.152099
0.237168
0.238350
0.253505
0.167110
0.142764
0.144227
0.259746
0.403082
0.271666
0.399628
0.271879
0.372185
0.357091
0.175619
0.172428
0.167397
0.397750
0.277945
0.410566
0.281410
0.308993
0.316863
0.229401
0.382488
0.401655
0.326697
0.251850
0.267259
0.289933
0.477300
0.242531
0.256829
0.310290
0.246649
0.304459
0.243377
0.250174
0.172760
0.233882
0.190606
0.272520
0.133101
0.182787
0.250848
0.488631
0.503141
0.163168
0.242642
0.162452
0.325057
0.262963
0.240509
0.243176
0.247213
0.184773
0.325110
0.254817
0.175759
0.163444
0.116189
0.276688
0.288978
0.201592
0.183015
0.210394
0.274252
0.215926
0.240662
0.190977
0.291762
0.238977
0.192917
0.251660
0.219463
0.335104
0.298502
0.286375
0.224891
0.243505
0.257359
0.244441
0.338693
0.222788
0.219469
0.221455
0.251051
0.139940
0.387184
0.257904
0.227350
0.185763
0.195253
0.242810
0.275000
0.241381
0.258564
0.152579
0.264841
0.250873
0.271271
0.350096
0.147336
0.228261
0.365506
0.281777
0.262227
0.231339
0.229408
0.250824
0.204125
0.263487
0.286788
0.244243
0.309696
0.243942
0.320612
0.337545
0.196898
0.271730
0.222013
0.304870
0.465807
0.274763
0.132072
0.310993
0.304364
0.236170
0.193309
0.268660
0.286538
0.338953
0.361232
0.368701
0.157652
0.150468
0.368266
0.506056
0.296927
0.230499
0.178432
0.280394
0.176356
0.250222
0.269379
0.303888
0.215424
0.272956
0.219256
0.279024
0.201877
0.143354
0.146138
0.290867
0.213245
0.159160
0.272731
0.278869
0.284993
0.223628
0.283778
0.094095
0.301736
0.229468
0.303432
0.153343
0.122326
0.265799
0.328801
0.194226
0.182495
