2.476863
2.279478
2.170578
2.063722
2.058506
2.022956
1.967735
1.921520
1.829137
1.803831
1.744022
1.761083
1.848414
1.693098
1.818748
1.832543
1.716997
1.668062
1.779988
1.696290
1.599224
1.727477
1.492030
1.650298
1.523047
1.857281
1.601102
1.542324
1.769461
1.595700
1.642051
1.662035
1.651593
1.571007
1.473431
1.569714
1.391419
1.644651
1.668041
1.494635
1.405974
1.365433
1.354091
1.603004
1.579405
1.436910
1.545034
1.710956
1.450638
1.319083
1.509697
1.445904
1.403589
1.621626
1.366069
1.386762
1.460360
1.424030
1.221732
1.357440
1.359967
1.433464
1.397604
1.302194
1.471748
1.489041
1.167967
1.527625
1.478158
1.388652
1.506049
1.388445
1.521033
1.409409
1.366425
1.405618
1.465040
1.325227
1.423652
1.392102
1.373492
1.417190
1.355294
1.253947
1.335428
1.419392
1.425887
1.403581
1.433335
1.211945
1.553704
1.269813
1.392704
1.356000
1.322644
1.169604
1.277925
1.220213
1.341855
1.177350
1.436408
1.229851
1.415067
1.377110
1.372192
1.420582
1.340266
1.384792
1.372186
1.151078
1.362432
1.419381
1.351989
1.267705
1.238619
1.242922
1.275109
1.333144
1.302163
1.174269
1.142956
1.292310
1.526506
1.239798
1.336379
1.162565
1.313918
1.309837
1.230898
1.335362
1.349333
1.304687
1.282777
1.205501
1.223824
1.211280
1.330376
1.373896
1.418658
1.348446
1.047704
1.186726
1.120540
1.161633
1.211204
1.263192
1.286268
1.157732
1.291946
1.135740
1.390736
1.189054
1.141152
1.076491
1.320167
1.160385
1.316973
1.144660
1.294153
1.278204
1.148831
1.241094
1.289432
1.174911
1.115087
1.109227
1.110235
1.113256
1.038701
1.149660
1.102251
1.211231
1.108307
1.028606
1.188076
1.192552
1.143731
1.079674
1.092985
1.014012
1.029745
1.186553
1.115206
1.216684
1.070739
1.318444
1.168469
1.174212
1.033777
1.126792
1.110976
1.224934
1.293533
1.208233
1.076441
1.159490
0.964420
1.202946
1.089129
1.129130
1.202372
1.289353
1.204200
1.256105
1.014155
1.206753
1.092420
1.231956
1.240069
1.045827
1.151505
0.987948
1.179703
1.143589
1.166334
1.151174
1.289493
1.059435
1.105748
1.164105
1.012272
1.018871
1.017118
1.105236
1.113321
1.224556
1.080025
1.009947
1.186974
1.018827
1.035773
1.103786
1.081148
1.205134
0.970614
1.033757
0.925112
1.105734
1.237013
1.078379
0.946082
1.016636
0.932684
1.081616
0.953946
0.900642
1.094403
1.136372
1.033816
1.280883
0.948176
1.121109
1.220130
0.895838
1.188746
1.059448
0.993435
1.126928
0.996277
1.078203
1.158664
1.126279
1.059665
0.966111
1.041588
1.277058
1.116524
1.031217
1.187749
1.225152
1.081066
1.128676
1.098379
0.979723
1.253779
1.105527
1.119824
1.093941
1.064289
1.010656
1.035500
1.082315
1.202234
1.081300
0.978575
1.028711
1.135757
1.136309
1.166755
1.068344
1.027591
1.137994
1.017187
1.068988
0.991524
1.118963
1.102254
1.032945
1.156835
1.160904
1.118442
0.996187
1.176957
0.973105
1.236495
0.949513
1.011323
1.021547
1.179302
0.957638
0.987355
0.998668
1.040707
0.987112
1.027098
0.880993
1.097451
1.053437
1.086958
1.133999
1.192512
1.333548
1.014623
0.898416
1.003288
1.039614
1.150344
0.919468
1.043913
1.023042
1.008518
1.060627
0.930663
1.122612
1.092039
1.149320
0.900907
1.155616
1.236053
1.016068
1.063021
0.946603
1.133177
0.895437
0.984844
1.099851
1.063980
1.025307
1.020750
0.948944
1.020786
1.031167
1.138481
1.147167
1.181748
1.289696
1.074834
0.983092
1.049870
1.026235
1.085528
1.107924
0.979816
1.047716
0.998093
0.974645
0.966756
0.884854
0.993089
0.991864
1.003811
1.040075
0.912679
0.945014
0.967753
0.977784
1.056649
1.047722
1.036165
0.915582
1.139069
0.998909
0.769868
0.923699
1.207438
1.073387
0.926783
1.009863
0.987986
1.083148
1.006134
0.747692
0.785953
0.933835
0.847472
0.839761
0.740992
0.796577
0.769020
0.878931
0.962164
0.960217
0.653877
1.015840
0.911899
0.897421
0.691578
0.923711
0.787268
0.761761
0.844883
0.729592
0.779152
0.936529
1.002359
0.791928
0.856407
0.864889
0.744988
0.773492
0.756981
0.667164
0.809728
0.978166
0.663387
0.826147
0.694275
0.766177
0.985817
0.748376
0.948060
0.782290
0.814696
0.948956
0.945889
0.857912
0.742894
0.809011
0.865521
0.844208
0.914830
0.690131
1.124223
0.728562
0.925410
0.843004
0.730562
0.844270
0.884698
0.933122
0.694822
0.956851
0.783349
0.831048
0.836986
0.922545
0.832514
0.758296
0.831317
0.840431
0.732527
0.818774
0.756536
0.817686
0.697896
0.709680
0.802088
0.883153
0.886886
0.911325
0.813385
0.782379
0.886113
0.852134
0.905838
0.770309
0.880498
1.023255
0.873938
0.852284
0.826324
0.892377
0.888099
0.962349
0.787365
0.836623
0.786903
0.755517
0.866284
0.777944
0.846122
0.898006
0.759224
0.665902
0.729304
0.746775
0.743985
0.854327
0.855723
0.917522
0.660502
0.674116
0.725811
0.909413
0.789946
0.730043
0.724892
0.710539
0.741362
0.691088
0.888801
0.707851
0.741226
0.954633
0.923584
0.868557
0.818774
1.034358
0.799904
0.727799
0.881842
0.916731
0.816732
0.921238
0.831240
0.843215
0.635695
0.692551
0.755177
0.959892
1.065543
0.867500
0.954923
0.855581
0.722203
0.839078
0.726865
0.893395
0.709387
0.880407
0.883089
0.813332
0.786652
0.861120
0.704460
0.757156
0.665133
0.790554
0.894507
0.775964
0.950423
0.769055
0.670194
0.600760
0.781078
0.810305
0.946077
0.896343
0.718950
0.746615
0.736790
0.834867
0.774088
0.824628
0.784175
1.037676
0.847244
0.893373
0.649821
0.742493
0.855760
0.795752
0.974737
0.775548
0.858190
0.722438
0.784108
0.626778
0.890900
0.857866
0.827378
0.881828
0.635320
0.784499
0.761628
0.758389
0.686070
0.876076
0.605023
0.812038
0.775951
0.753822
0.704927
0.823521
0.727588
0.857969
0.832467
0.820329
0.903028
0.815723
0.613061
0.938779
0.653115
0.726929
0.856524
0.792980
0.702764
0.879276
0.777026
0.578309
0.868863
0.783005
0.824742
0.855276
0.731075
0.822433
0.773993
0.880094
0.865934
0.684607
0.737856
0.887072
0.809148
0.684143
0.888083
0.844309
0.935384
0.887077
0.782289
0.783327
0.775996
0.752081
0.666001
0.884727
0.828085
0.875338
0.763060
0.705943
0.778610
0.720366
0.659074
0.632480
0.571360
1.063797
0.757042
0.845793
0.732042
0.800854
0.658089
0.717435
0.559561
0.721464
0.924818
0.868018
0.670841
0.843913
0.934624
0.710780
0.846119
0.971242
0.833901
0.827434
0.863548
0.749794
0.699302
0.792139
0.698343
0.721553
0.780645
0.731236
0.861500
0.868871
0.811244
0.688663
0.736033
0.673237
0.851955
0.677369
0.669733
0.925070
0.663540
0.711012
0.904606
0.775951
0.628409
0.747407
0.740400
0.696692
0.890332
0.801897
0.679064
0.888445
0.666238
1.052790
0.815342
0.915895
0.855386
0.817640
0.772313
0.717309
0.783429
0.623247
0.834617
0.744646
0.781621
0.717022
0.750031
0.705794
0.649271
0.845066
0.816616
0.731544
0.635655
0.681962
0.760643
0.673701
0.800535
0.720946
0.733419
0.727516
0.829812
0.650611
0.766671
0.600236
0.740628
0.775628
0.847939
0.680123
0.872277
0.794914
0.765005
1.035504
0.824838
0.602405
0.713356
0.802295
0.696828
0.768610
0.807020
0.702005
0.816721
0.762292
0.604706
0.665257
0.837672
0.873052
0.823648
0.739114
1.072859
0.719724
0.791993
0.867207
0.788064
0.688052
0.672832
0.686846
0.964485
0.918165
0.827731
0.680242
0.675821
0.933805
0.637532
0.769953
0.716717
0.867317
0.903054
0.715667
0.814044
0.630875
0.621207
0.677602
0.701638
0.866695
0.728796
0.768788
0.764232
0.831440
0.974575
0.786055
0.609641
0.991590
0.388240
0.610100
0.528890
0.504464
0.595255
0.527025
0.603897
0.604461
0.564134
0.598369
0.675682
0.642717
0.509937
0.585740
0.536829
0.431859
0.559871
0.732113
0.417132
0.598652
0.485878
0.455761
0.560434
0.486071
0.554185
0.553672
0.461950
0.604705
0.497586
0.692322
0.540934
0.545740
0.516110
0.580134
0.631087
0.403619
0.510683
0.458100
0.548634
0.602825
0.655792
0.477177
0.552036
0.419453
0.381514
0.588120
0.587916
0.643676
0.746114
0.614181
0.625226
0.517973
0.543184
0.373420
0.626233
0.566104
0.479151
0.604704
0.602704
0.419772
0.558389
0.608354
0.537563
0.592665
0.547018
0.644593
0.422605
0.716270
0.621525
0.525406
0.721731
0.621826
0.587386
0.504723
0.505491
0.452699
0.649386
0.700749
0.718572
0.504612
0.460906
0.551478
0.599123
0.805247
0.516314
0.690745
0.684032
0.536255
0.559418
0.519246
0.515711
0.515852
0.510649
0.511948
0.452900
0.441025
0.602796
0.760004
0.592610
0.578744
0.681049
0.620039
0.463874
0.548894
0.681770
0.685199
0.701695
0.505503
0.476206
0.661181
0.640096
0.583528
0.623118
0.614717
0.564899
0.634917
0.480920
0.569542
0.609629
0.567593
0.545977
0.611791
0.590061
0.479374
0.565142
0.694068
0.523130
0.629043
0.624421
0.496563
0.652156
0.532577
0.671277
0.676496
0.517115
0.560531
0.761860
0.460064
0.651474
0.665180
0.622836
0.485985
0.480556
0.696836
0.594900
0.486110
0.529390
0.617315
0.638193
0.678832
0.475523
0.530347
0.627206
0.500980
0.627744
0.590023
0.699572
0.609438
0.536081
0.455675
0.604029
0.474170
0.516090
0.640077
0.398834
0.731929
0.614307
0.456574
0.602081
0.622104
0.682609
0.592459
0.512072
0.628782
0.500042
0.535638
0.631478
0.491148
0.544994
0.619270
0.633378
0.636309
0.578092
0.495182
0.616045
0.514350
0.589952
0.465691
0.445626
0.507027
0.470645
0.526615
0.576457
0.558831
0.477723
0.615698
0.496063
0.546697
0.615115
0.564983
0.564122
0.517792
0.631485
0.663547
0.500033
0.461703
0.577595
0.541049
0.585900
0.565019
0.525017
0.447340
0.541519
0.623761
0.607464
0.721439
0.579273
0.560196
0.654998
0.706205
0.844164
0.565973
0.603863
0.569959
0.503976
0.633492
0.741302
0.524417
0.567709
0.469171
0.533540
0.618196
0.512315
0.606229
0.519749
0.743335
0.599087
0.465177
0.610857
0.455410
0.542809
0.454582
0.509507
0.589543
0.473940
0.592700
0.540853
0.488851
0.625835
0.611975
0.530097
0.605951
0.436834
0.512508
0.774869
0.497851
0.601242
0.576251
0.575956
0.468036
0.525579
0.571144
0.497736
0.647121
0.424219
0.465943
0.649465
0.571939
0.460482
0.528585
0.498931
0.529344
0.489841
0.580572
0.631245
0.558036
0.712790
0.643350
0.678908
0.529012
0.465091
0.704650
0.538875
0.538828
0.685324
0.597752
0.665904
0.611287
0.509698
0.559489
0.726216
0.578145
0.594604
0.553738
0.732947
0.488205
0.663454
0.793726
0.857010
0.599963
0.538772
0.441634
0.660829
0.479094
0.543686
0.701183
0.708457
0.456130
0.530545
0.639314
0.773148
0.556141
0.636062
0.662921
0.633568
0.600754
0.548682
0.563798
0.515995
0.474968
0.634625
0.583048
0.665725
0.835926
0.580638
0.501148
0.538725
0.568175
0.564847
0.626017
0.497370
0.585475
0.436102
0.607452
0.554576
0.666778
0.732964
0.483297
0.514711
0.757830
0.493955
0.564467
0.531698
0.560212
0.619240
0.602886
0.563558
0.548816
0.549627
0.617144
0.657025
0.545197
0.551116
0.589611
0.559479
0.671558
0.497369
0.584435
0.789967
0.444915
0.599198
0.759729
0.631353
0.462023
0.576342
0.559786
0.619105
0.587419
0.483135
0.463499
0.575822
0.639157
0.513846
0.451753
0.494678
0.640137
0.612076
0.563499
0.537992
0.424840
0.665789
0.544044
0.460090
0.574769
0.560232
0.659491
0.661078
0.588176
0.710368
0.665064
0.705989
0.322048
0.270827
0.399364
0.412721
0.367401
0.401551
0.369074
0.425875
0.371391
0.475090
0.382275
0.341977
0.459436
0.324952
0.434231
0.344662
0.339251
0.391172
0.311237
0.406696
0.325373
0.286493
0.230311
0.415858
0.452943
0.359952
0.319120
0.246785
0.363564
0.294224
0.310308
0.373829
0.301296
0.399437
0.424722
0.286853
0.364129
0.275600
0.324703
0.294188
0.241550
0.366279
0.363075
0.436440
0.408046
0.293627
0.373594
0.312596
0.388594
0.293890
0.304526
0.370343
0.292142
0.283926
0.347386
0.363811
0.216097
0.372632
0.304413
0.360765
0.318110
0.414122
0.325825
0.384215
0.466773
0.272872
0.309351
0.499799
0.373242
0.543400
0.332926
0.402438
0.290540
0.344062
0.306151
0.340163
0.277109
0.395121
0.393723
0.364888
0.270567
0.297686
0.238509
0.373691
0.466565
0.262691
0.306444
0.388644
0.500588
0.392925
0.421359
0.301233
0.356961
0.310213
0.383904
0.348198
0.318635
0.347291
0.333327
0.352029
0.387632
0.356838
0.343686
0.302039
0.314314
0.367070
0.429620
0.340200
0.469481
0.356555
0.439546
0.397532
0.260524
0.352715
0.402561
0.358281
0.373505
0.346413
0.256755
0.312694
0.407569
0.429406
0.304934
0.239454
0.381177
0.445474
0.308596
0.345657
0.328317
0.402746
0.221824
0.397279
0.263295
0.302713
0.311428
0.381479
0.238776
0.318777
0.403314
0.480906
0.376151
0.317664
0.310911
0.306391
0.418998
0.309073
0.353199
0.331510
0.365974
0.304780
0.616076
0.488791
0.350467
0.594836
0.289338
0.341237
0.462325
0.405936
0.394974
0.357946
0.346621
0.283188
0.436292
0.372433
0.229286
0.382241
0.260197
0.438178
0.412766
0.379500
0.402291
0.333405
0.315389
0.426080
0.204740
0.376698
0.536468
0.294195
0.462171
0.317087
0.377542
0.290507
0.341171
0.261530
0.410637
0.449029
0.279048
0.583171
0.254895
0.346330
0.396369
0.292743
0.273621
0.313446
0.381221
0.448431
0.448632
0.525433
0.498429
0.360912
0.472589
0.544470
0.436776
0.346188
0.353396
0.404978
0.331653
0.299579
0.537197
0.348057
0.394307
0.405940
0.448977
0.428413
0.412422
0.534248
0.447278
0.450819
0.375264
0.351237
0.400898
0.498756
0.446519
0.468737
0.398283
0.356260
0.539121
0.442381
0.495902
0.408593
0.447376
0.477545
0.383375
0.378123
0.425932
0.408889
0.370176
0.457074
0.504698
0.456663
0.364791
0.454097
0.481120
0.526045
0.584106
0.513862
0.401715
0.386461
0.438611
0.324656
0.263056
0.429581
0.317317
0.458364
0.451000
0.326572
0.220290
0.340998
0.341042
0.435351
0.507147
0.432772
0.390801
0.376201
0.422907
0.508121
0.451658
0.556117
0.348166
0.354305
0.415344
0.506391
0.454990
0.497452
0.383577
0.419923
0.384492
0.424763
0.389881
0.398795
0.474162
0.331977
0.477583
0.461857
0.273131
0.398949
0.361875
0.466728
0.387486
0.469356
0.377401
0.430976
0.411302
0.378468
0.365502
0.472449
0.410186
0.298488
0.504544
0.474018
0.383531
0.381066
0.444849
0.421191
0.668230
0.486707
0.469392
0.388924
0.356021
0.425424
0.394140
0.415207
0.435540
0.535748
0.413446
0.230074
0.471947
0.499081
0.447971
0.373684
0.449666
0.384506
0.557240
0.430899
0.409441
0.363510
0.494529
0.464782
0.431375
0.270770
0.503206
0.415369
0.478320
0.305893
0.379793
0.325645
0.590827
0.465503
0.492837
0.471340
0.530438
0.508063
0.325545
0.248434
0.364226
0.343758
0.474517
0.449006
0.549641
0.230539
0.341503
0.493492
0.385404
0.519975
0.372335
0.373425
0.605137
0.360125
0.386028
0.484059
0.442236
0.664838
0.356654
0.443646
0.395152
0.323434
0.468825
0.321777
0.526237
0.346995
0.422830
0.349212
0.370536
0.346259
0.485705
0.579680
0.599886
0.412335
0.421448
0.420044
0.436585
0.434416
0.313571
0.436007
0.380506
0.562393
0.440883
0.445091
0.219075
0.474247
0.240826
0.289500
0.298032
0.272601
0.326005
0.242170
0.223086
0.228737
0.179083
0.279137
0.202548
0.229734
0.294312
0.301292
0.210345
0.166933
0.175075
0.209725
0.145641
0.240425
0.180389
0.164003
0.214825
0.249183
0.112646
0.135328
0.210295
0.156010
0.189185
0.186205
0.152080
0.180480
0.160584
0.163529
0.298607
0.201912
0.161486
0.239073
0.264105
0.236743
0.153691
0.172501
0.243697
0.100906
0.167497
0.183332
0.176799
0.100204
0.197043
0.176778
0.214116
0.168735
0.244472
0.248576
0.206568
0.101497
0.222274
0.211071
0.176422
0.171076
0.181166
0.119565
0.226596
0.247134
0.224098
0.194704
0.260191
0.370318
0.222904
0.240070
0.207935
0.229704
0.231327
0.293774
0.236075
0.178381
0.205336
0.171399
0.288804
0.210641
0.263374
0.166054
0.170726
0.227311
0.226124
0.213968
0.270163
0.286139
0.170127
0.181755
0.200893
0.206687
0.247531
0.246779
0.254771
0.348412
0.268206
0.126917
0.118315
0.294537
0.170784
0.182373
0.303577
0.292434
0.169095
0.216455
0.218347
0.287211
0.255930
0.222444
0.253240
0.149373
0.326483
0.188705
0.222804
0.275416
0.211127
0.291977
0.154255
0.181702
0.217911
0.274565
0.285311
0.238910
0.250762
0.182559
0.175610
0.252756
0.230334
0.251464
0.210852
0.261516
0.224888
0.227441
0.164359
0.338670
0.201469
0.256711
0.170065
0.191417
0.272462
0.167567
0.238792
0.279397
0.127467
0.255685
0.246956
0.157586
0.150000
0.187900
0.149375
0.278410
0.136096
0.234422
0.208891
0.166001
0.129863
0.208023
0.260727
0.167551
0.144277
0.200540
0.180849
0.179124
0.245028
0.202582
0.178467
0.301349
0.190171
0.257667
0.365775
0.226309
0.173448
0.237662
0.219070
0.188242
0.284032
0.308132
0.269013
0.241393
0.238719
0.222904
0.271307
0.221644
0.193585
0.143780
0.083027
0.322404
0.248425
0.238414
0.257081
0.206494
0.220015
0.301896
0.341198
0.383621
0.274744
0.310091
0.388953
0.328864
0.306625
0.317901
0.309723
0.259762
0.388825
0.266112
0.276935
0.176250
0.360131
0.390082
0.383536
0.436322
0.284152
0.324888
0.190600
0.314804
0.374851
0.391589
0.421804
0.318293
0.244678
0.255528
0.332463
0.229237
0.326175
0.329928
0.277591
0.185249
0.215033
0.322635
0.310912
0.344332
0.207002
0.327818
0.272312
0.229045
0.259848
0.334987
0.277009
0.208964
0.321996
0.280657
0.167678
0.247120
0.340724
0.413531
0.296914
0.304769
0.314571
0.246830
0.290950
0.240892
0.343479
0.267713
0.241486
0.322487
0.287487
0.238632
0.193897
0.196710
0.287867
0.246612
0.157573
0.440427
0.212886
0.339946
0.338478
0.390449
0.335597
0.237575
0.234858
0.273916
0.327585
0.281876
0.340176
0.388461
0.284661
0.358162
0.288630
0.451597
0.283608
0.324514
0.264289
0.301207
0.279156
0.250301
0.264542
0.217037
0.253626
0.446581
0.275027
0.400329
0.276839
0.226905
0.234023
0.219575
0.259562
0.255868
0.185782
0.329495
0.264976
0.348810
0.275620
0.279870
0.265525
0.187338
0.239434
0.312726
0.179924
0.215500
0.233819
0.344969
0.136747
0.398425
0.236764
0.215938
0.266608
0.312576
0.148984
0.202060
0.301500
0.241662
0.297585
0.261272
0.308193
0.305506
0.317687
0.243785
0.250173
0.267342
0.260601
0.218177
0.234702
0.247112
0.362476
0.326293
0.189583
0.339026
0.278177
0.297745
0.224661
0.302652
0.168050
0.275282
0.441470
0.263002
0.243708
0.454820
0.357182
0.436002
0.294807
0.369569
0.226143
0.269070
0.171636
0.241786
0.167272
0.339023
0.338273
0.316388
0.281339
0.434218
0.496718
0.256721
0.392365
0.342436
0.281916
0.450672
0.385895
0.258877
0.242329
0.387983
0.381226
0.281390
0.337234
0.247188
0.355676
0.339998
0.272206
0.237988
0.392117
0.239597
0.377067
0.402415
0.231154
0.284000
0.329962
0.265979
0.268805
0.261175
0.203482
0.372390
0.126856
0.292363
0.230416
0.094783
0.130574
0.113708
0.124835
0.198362
0.203558
0.141225
0.091051
0.168624
0.260822
0.136933
0.187840
0.179211
0.127622
0.149152
0.151747
0.078989
0.073859
0.099959
0.115113
0.160625
0.080220
0.155122
0.194323
0.113372
0.109236
0.191190
0.128682
0.123235
0.170492
0.180514
0.096234
0.159744
0.071200
0.098940
0.157524
0.166801
0.126312
0.174063
0.238487
0.113294
0.140972
0.086211
0.173954
0.136507
0.098595
0.078448
0.179765
0.126707
0.178806
0.096691
0.197355
0.101605
0.121002
0.090190
0.060038
0.090433
0.131951
0.109818
0.177039
0.192713
0.093942
0.157866
0.126762
0.153087
0.113209
0.142360
0.072243
0.163093
0.156982
0.107728
0.118617
0.100730
0.126597
0.099467
0.156896
0.055421
0.133915
0.102302
0.122912
0.190951
0.068134
0.128947
0.114390
0.115138
0.119390
0.148000
0.118802
0.089086
0.077852
0.150061
0.189955
0.087358
0.144130
0.194670
0.189334
0.097138
0.222709
0.113389
0.144949
0.232724
0.120934
0.170040
0.197101
0.056118
0.088946
0.113825
0.119469
0.207563
0.152775
0.088346
0.158798
0.164253
0.190274
0.140564
0.093353
0.089313
0.051825
0.164235
0.087206
0.152111
0.158755
0.121828
0.095725
0.150305
0.142791
0.202709
0.134507
0.175311
0.060748
0.114097
0.074065
0.040584
0.112280
0.161813
0.148300
0.179155
0.122569
0.101977
0.075424
0.157801
0.157963
0.152448
0.108736
0.109319
0.045365
0.157537
0.145584
0.124134
0.171070
0.289801
0.186439
0.151255
0.169072
0.164914
0.129350
0.164112
0.163585
0.181264
0.134115
0.154278
0.217907
0.116295
0.166671
0.278669
0.151404
0.135000
0.194740
0.164891
0.094966
0.146750
0.150454
0.172510
0.188998
0.139649
0.157722
0.153376
0.176226
0.169922
0.145261
0.175330
0.143883
0.230467
0.081987
0.264033
0.297489
0.170608
0.299737
0.094198
0.129817
0.184573
0.349729
0.184273
0.127185
0.230017
0.194732
0.223009
0.147433
0.246134
0.159840
0.103550
0.173541
0.091009
0.254028
0.208363
0.174364
0.201623
0.134118
0.113783
0.165692
0.181648
0.168311
0.231797
0.217121
0.187958
0.140766
0.150128
0.122651
0.148213
0.180731
0.172079
0.165382
0.252373
0.088764
0.113346
0.116808
0.202900
0.189935
0.331454
0.312045
0.223347
0.154047
0.312904
0.147940
0.203381
0.152857
0.191651
0.352000
0.201440
0.154712
0.278681
0.172681
0.112499
0.185749
0.171599
0.225506
0.129682
0.216506
0.191301
0.183788
0.160880
0.237436
0.298466
0.211845
0.237690
0.182215
0.139892
0.152362
0.117303
0.205573
0.166415
0.134422
0.145579
0.104597
0.155789
0.104605
0.112633
0.278797
0.183420
0.176323
0.192457
0.167780
0.171536
0.171165
0.284641
0.246276
0.184996
0.078469
0.331559
0.186609
0.216796
0.131055
0.149391
0.124342
0.170874
0.170983
0.173014
0.170215
0.321256
0.176787
0.189645
0.304674
0.150538
0.353092
0.220913
0.230922
0.206328
0.225166
0.189882
0.114115
0.236329
0.192208
0.172721
0.204959
0.209857
0.199198
0.176571
0.173398
0.269575
0.205797
0.232183
0.230872
0.147681
0.224403
0.182222
0.187646
0.344061
0.222898
0.310039
0.216000
0.168078
0.157850
0.111206
0.187264
0.215243
0.146000
0.200479
0.190268
0.173092
0.291408
0.186588
0.210968
0.226021
0.146313
0.327822
0.304619
0.167549
0.211725
0.185073
0.208530
0.166534
0.260342
0.169237
0.227032
0.297095
0.265923
0.354411
0.163626
0.197106
0.287146
0.166993
0.182280
0.287542
0.294547
0.311275
0.137178
0.290649
0.153653
0.258767
0.148679
0.206997
0.199209
0.171781
0.276949
0.290596
0.399512
0.156844
0.186402
0.206558
0.131176
0.119636
0.278392
0.133989
0.260486
0.259907
0.238323
0.174003
0.068714
0.135828
0.165641
0.222503
0.207432
0.251022
0.321877
0.122395
0.150039
0.211656
0.254447
0.101090
0.200023
0.099171
0.052344
0.141588
0.164268
0.101417
0.085491
0.110167
0.156477
0.096379
0.119011
0.096306
0.113826
0.076903
0.078049
0.126319
0.045424
0.105156
0.099386
0.054307
0.100782
0.136799
0.134708
0.084295
0.091280
0.063776
0.088895
0.074285
0.078654
0.057187
0.121190
0.108551
0.127778
0.065473
0.163329
0.059214
0.098141
0.088037
0.175930
0.136229
0.084748
0.035913
0.065807
0.139646
0.123352
0.042668
0.084275
0.098894
0.094905
0.118091
0.061972
0.049902
0.109163
0.135409
0.186370
0.159736
0.071443
0.126412
0.087253
0.085305
0.038082
0.116967
0.070914
0.107611
0.157512
0.067973
0.074472
0.051352
0.090417
0.141076
0.112097
0.072226
0.149026
0.032410
0.081295
0.181522
0.094744
0.094488
0.131681
0.062084
0.075983
0.138031
0.153424
0.085492
0.072202
0.099107
0.122864
0.167872
0.140333
0.113064
0.159890
0.032903
0.090036
0.144214
0.104203
0.076893
0.080849
0.057603
0.151157
0.137656
0.057645
0.089962
0.167681
0.105963
0.059542
0.082485
0.096001
0.153605
0.077986
0.216334
0.072894
0.115837
0.048277
0.149596
0.050627
0.105996
0.073375
0.109344
0.132042
0.171933
0.174464
0.158366
0.088035
0.155515
0.094842
0.074251
0.022948
0.073394
0.109808
0.156427
0.158522
0.078350
0.101818
0.091437
0.048325
0.179937
0.075559
0.059339
0.123485
0.083071
0.113166
0.131577
0.139393
0.165723
0.069655
0.092131
0.152613
0.072116
0.104325
0.147657
0.180936
0.082189
0.139772
0.159907
0.173561
0.186878
0.104768
0.094158
0.073925
0.068712
0.080038
0.156096
0.120551
0.085883
0.139959
0.102824
0.141727
0.090291
0.213878
0.105041
0.069652
0.130001
0.124594
0.072005
0.148411
0.077964
0.100350
0.114444
0.114576
0.195924
0.113544
0.079322
0.078038
0.119234
0.213166
0.113555
0.171566
0.074588
0.072532
0.105205
0.089678
0.152946
0.122620
0.080050
0.102756
0.111804
0.041753
0.171796
0.174091
0.234272
0.138324
0.236585
0.157185
0.153284
0.051063
0.170375
0.090266
0.216598
0.128534
0.084318
0.115717
0.199054
0.141013
0.133697
0.058521
0.181935
0.110415
0.094715
0.163504
0.143346
0.107520
0.103602
0.119262
0.159115
0.187977
0.158524
0.175496
0.094648
0.142502
0.188900
0.228745
0.151109
0.157810
0.131967
0.167051
0.151633
0.121695
0.108173
0.118165
0.141874
0.130486
0.188904
0.117653
0.121449
0.210486
0.156728
0.073281
0.181373
0.180996
0.123831
0.140419
0.114389
0.197503
0.249663
0.220246
0.117239
0.130432
0.108119
0.123188
0.191780
0.146071
0.121395
0.100202
0.119993
0.179788
0.178898
0.253604
0.123402
0.196214
0.168834
0.172717
0.128273
0.182286
0.183977
0.354108
0.169397
0.169692
0.195042
0.111443
0.154459
0.092865
0.194892
0.126916
0.165861
0.084921
0.149609
0.100114
0.148926
0.175078
0.118288
0.108888
0.171625
0.167900
0.174995
0.208859
0.142079
0.174594
0.065948
0.142836
0.174828
0.138719
0.101272
0.117197
0.116421
0.182934
0.069766
0.092528
0.122398
0.087243
0.114198
0.076363
0.213660
0.108125
0.113614
0.099713
0.113221
0.136241
0.124452
0.180359
0.115763
0.102154
0.107233
0.173348
0.162622
0.181343
0.175775
0.151760
0.052823
0.123197
0.160528
0.072623
0.109415
0.237095
0.178353
0.180907
0.178794
0.078062
0.099949
0.096475
0.118708
0.216014
0.180200
0.274160
0.097072
0.187324
0.159726
0.073308
0.077837
0.132795
0.074697
0.099098
0.150850
0.143994
0.131039
0.272708
0.206251
0.072244
0.186625
0.225747
0.183138
0.074977
0.185050
0.147580
0.113231
0.096894
0.188903
0.101075
0.154208
0.169151
0.166323
0.182411
0.093209
0.133841
0.115208
0.156674
0.204947
0.195328
0.261822
0.150607
0.102260
0.124946
0.166144
0.095155
0.111778
0.140505
0.159812
0.089736
0.124446
0.246260
0.168272
0.133667
0.076067
0.053717
0.127038
0.100786
0.126718
0.062156
0.104459
0.081622
0.057413
0.125807
0.054622
0.057077
0.065742
0.116793
0.055864
0.098248
0.087516
0.076051
0.115683
0.040418
0.051821
0.049073
0.142709
0.085539
0.100195
0.069542
0.089685
0.086410
0.053391
0.059269
0.082433
0.091997
0.087254
0.048814
0.077564
0.021797
0.111315
0.052459
0.085984
0.088042
0.050396
0.094589
0.123607
0.044209
0.094262
0.054969
0.093571
0.061464
0.078797
0.156326
0.091794
0.058376
0.036743
0.053858
0.057206
0.050000
0.080287
0.061840
0.053824
0.048541
0.102668
0.073255
0.094566
0.028172
0.130327
0.022142
0.047080
0.052857
0.100044
0.042279
0.053618
0.080043
0.029713
0.038731
0.083508
0.120630
0.046050
0.034387
0.107807
0.038188
0.031885
0.066336
0.071342
0.116582
0.096291
0.055572
0.093076
0.048097
0.116173
0.034256
0.125955
0.093013
0.034944
0.058313
0.040236
0.047443
0.096993
0.112499
0.081017
0.036272
0.118365
0.153014
0.041260
0.062360
0.049199
0.046467
0.046843
0.051889
0.049349
0.119487
0.078704
0.083773
0.120465
0.089568
0.049265
0.091999
0.125702
0.081110
0.058895
0.037048
0.020019
0.047530
0.122014
0.061305
0.041304
0.035774
0.101486
0.064216
0.079220
0.072648
0.066498
0.124133
0.168922
0.054459
0.086721
0.045151
0.050083
0.042615
0.053305
0.029362
0.055745
0.066250
0.044249
0.073242
0.103905
0.047597
0.026634
0.076108
0.151288
0.044014
0.044520
0.048857
0.072828
0.123908
0.025224
0.075907
0.084700
0.020407
0.108516
0.165975
0.061470
0.121809
0.077645
0.093478
0.083081
0.090694
0.062660
0.072268
0.154120
0.115609
0.137467
0.064999
0.269793
0.109307
0.063627
0.164307
0.158879
0.116028
0.100746
0.089268
0.120494
0.159951
0.073855
0.130870
0.087014
0.096517
0.067890
0.112657
0.178389
0.117076
0.119003
0.106929
0.140149
0.043057
0.105535
0.065190
0.068529
0.124519
0.117504
0.091267
0.116123
0.145704
0.108037
0.156829
0.137255
0.053838
0.094463
0.137719
0.084611
0.118282
0.172785
0.096501
0.081734
0.120997
0.112385
0.069772
0.095817
0.082373
0.085212
0.174432
0.100417
0.074150
0.055637
0.101224
0.109978
0.141290
0.043324
0.086159
0.059402
0.082986
0.089693
0.066284
0.091053
0.040868
0.162265
0.063502
0.121015
0.091955
0.055685
0.088722
0.111734
0.097186
0.059187
0.155943
0.051254
0.079568
0.086030
0.116142
0.064333
0.190395
0.174134
0.106100
0.118985
0.130653
0.141012
0.233479
0.108672
0.066160
0.052389
0.126326
0.110702
0.159576
0.066535
0.078461
0.137332
0.158927
0.069947
0.200712
0.179605
0.130798
0.092102
0.154140
0.106040
0.274986
0.068226
0.120794
0.113276
0.073063
0.189644
0.097343
0.128073
0.102750
0.084962
0.034514
0.081636
0.210174
0.152384
0.241037
0.172607
0.135482
0.155124
0.210201
0.051356
0.149776
0.101446
0.072818
0.112509
0.115993
0.062285
0.108675
0.127779
0.180891
0.104788
0.091119
0.093195
0.053775
0.107250
0.093204
0.137694
0.109518
0.086641
0.100280
0.095186
0.206114
0.183331
0.070803
0.196745
0.135999
0.140470
0.215066
0.117368
0.133017
0.195977
0.108404
0.176667
0.120713
0.147805
0.089247
0.100109
0.123106
0.158372
0.225223
0.126239
0.127302
0.199319
0.103383
0.107818
0.075872
0.075759
0.149713
0.098738
0.301588
0.241226
0.063007
0.140106
0.076752
0.166966
0.100004
0.079450
0.067166
0.146411
0.162291
0.151275
0.111650
0.107909
0.154950
0.117315
0.213929
0.083466
0.151656
0.118280
0.155980
0.061223
0.132104
0.094141
0.158560
0.060231
0.049214
0.165052
0.161395
0.111419
0.134292
0.151454
0.139408
0.078246
0.146854
0.081411
0.152911
0.187301
0.150342
0.138582
0.145830
0.110523
0.049435
0.147767
0.200547
0.199741
0.137017
0.177723
0.037824
0.041708
0.067415
0.130635
0.066618
0.061555
0.065702
0.087651
0.087258
0.053006
0.055080
0.116918
0.085270
0.105784
0.070895
0.074916
0.098774
0.203557
0.033574
0.027056
0.100784
0.054906
0.052546
0.076077
0.078505
0.114718
0.068691
0.080241
0.055569
0.029965
0.110697
0.199606
0.065243
0.046159
0.091031
0.079271
0.057387
0.056656
0.043102
0.143377
0.075727
0.079634
0.041259
0.050938
0.032852
0.054785
0.078319
0.097371
0.183189
0.037456
0.053870
0.057175
0.055716
0.059029
0.066270
0.071913
0.147412
0.034121
0.076625
0.083892
0.072662
0.048644
0.102140
0.083834
0.018348
0.092930
0.081470
0.064086
0.028182
0.047998
0.067571
0.070301
0.032848
0.054816
0.035447
0.037917
0.026424
0.060774
0.073522
0.057925
0.092017
0.024673
0.068765
0.050306
0.034946
0.112099
0.015628
0.028550
0.048729
0.098500
0.046297
0.042019
0.121436
0.027730
0.038794
0.138568
0.057548
0.092113
0.055020
0.051664
0.026381
0.054577
0.062670
0.037107
0.035081
0.036444
0.072110
0.034822
0.098516
0.058365
0.065916
0.081407
0.065041
0.029992
0.064635
0.055728
0.039015
0.035348
0.046093
0.035871
0.074860
0.037127
0.083256
0.030723
0.144946
0.061929
0.124829
0.028092
0.099971
0.053640
0.036757
0.067251
0.090902
0.042624
0.047886
0.095281
0.070585
0.036589
0.060905
0.158551
0.037961
0.111110
0.043905
0.024376
0.051787
0.087815
0.141198
0.016550
0.069615
0.093653
0.036561
0.210869
0.097230
0.035273
0.097308
0.052713
0.057285
0.050822
0.221511
0.083313
0.097486
0.071402
0.047023
0.098154
0.077485
0.088790
0.050877
0.124035
0.100445
0.073875
0.043316
0.068666
0.071087
0.080138
0.105068
0.104171
0.098702
0.069540
0.067921
0.157069
0.080147
0.071311
0.084444
0.132596
0.106090
0.052120
0.047788
0.100940
0.119096
0.190098
0.110016
0.093306
0.016169
0.117096
0.068386
0.068226
0.063175
0.128830
0.098828
0.143404
0.064005
0.083631
0.041589
0.059340
0.051655
0.056791
0.049873
0.120085
0.054691
0.071888
0.099234
0.069968
0.036452
0.107141
0.079102
0.071184
0.115720
0.054624
0.125495
0.069118
0.048660
0.076836
0.082461
0.044009
0.088421
0.148819
0.074929
0.063878
0.090829
0.055648
0.080756
0.039018
0.054453
0.066552
0.071058
0.080447
0.060906
0.133131
0.079590
0.062196
0.056263
0.167530
0.063174
0.124872
0.033052
0.148715
0.129241
0.093791
0.026812
0.099020
0.111747
0.141376
0.052058
0.061937
0.054903
0.054792
0.098941
0.235890
0.153588
0.101565
0.137662
0.133619
0.097826
0.165006
0.059651
0.106786
0.107120
0.064552
0.161126
0.191825
0.108734
0.156525
0.115176
0.061384
0.070760
0.105673
0.095016
0.037518
0.113923
0.089656
0.203708
0.062583
0.131402
0.154275
0.079967
0.051895
0.043965
0.099106
0.092043
0.091277
0.198051
0.050236
0.107058
0.176069
0.127251
0.065093
0.127364
0.175980
0.151515
0.097247
0.098223
0.118426
0.105043
0.138445
0.289220
0.141246
0.195500
0.089658
0.117757
0.175860
0.155456
0.188678
0.103619
0.187750
0.200388
0.126595
0.089742
0.069817
0.175903
0.101999
0.213731
0.140565
0.187513
0.115103
0.257992
0.115937
0.100436
0.095325
0.147981
0.114463
0.124808
0.053349
0.125997
0.085381
0.022977
0.120755
0.125334
0.134777
0.125204
0.058477
0.074612
0.068579
0.098528
0.188869
0.201185
0.061797
0.181047
0.104358
0.103634
0.074653
0.118494
0.079834
0.159590
0.092791
0.072078
0.090647
0.081582
0.031160
0.106958
0.116456
0.082441
0.048608
0.098603
0.048722
0.142286
0.083201
0.123786
0.166791
0.095611
0.131280
0.084855
0.092527
0.084025
0.068985
0.058830
0.067783
0.054003
0.064310
0.107735
0.104200
0.112138
0.064759
0.077473
0.094750
0.125453
0.033051
0.093431
0.060910
0.033271
0.048415
0.110761
0.089950
0.074216
0.089148
0.043036
0.031983
0.039412
0.022424
0.038387
0.034462
0.060941
0.042860
0.018983
0.052347
0.064349
0.082815
0.033105
0.033030
0.072572
0.045046
0.066349
0.031106
0.048837
0.029294
0.072179
0.038074
0.008445
0.020960
0.051355
0.015566
0.090928
0.036710
0.034854
0.104568
0.029244
0.067572
0.046481
0.063491
0.051792
0.045100
0.072869
0.030652
0.094573
0.110181
0.031067
0.048091
0.057793
0.022107
0.064652
0.114529
0.053069
0.123958
0.061810
0.079183
0.060683
0.044210
0.053428
0.116809
0.149556
0.078064
0.079720
0.058265
0.056204
0.025341
0.092161
0.007631
0.166962
0.074458
0.065125
0.035403
0.021461
0.173796
0.028861
0.117382
0.058480
0.078645
0.025657
0.063977
0.042950
0.065557
0.026373
0.087916
0.152581
0.079187
0.075596
0.076347
0.058576
0.050757
0.036947
0.071735
0.120485
0.064121
0.014885
0.085471
0.101232
0.052854
0.049721
0.034826
0.050027
0.031045
0.057437
0.051596
0.080506
0.064260
0.043682
0.038651
0.030551
0.035373
0.072471
0.071703
0.061056
0.044115
0.050180
0.096323
0.116377
0.111568
0.052990
0.058610
0.076786
0.122736
0.098873
0.067846
0.020388
0.025166
0.061068
0.016557
0.047811
0.108863
0.055229
0.035693
0.090687
0.117445
0.080614
0.136658
0.122429
0.017852
0.051833
0.020719
0.047030
0.084206
0.113448
0.063667
0.067692
0.103078
0.044052
0.024619
0.034333
0.087376
0.053895
0.077727
0.150839
0.061292
0.061710
0.032412
0.067440
0.111005
0.104216
0.066289
0.027967
0.074714
0.077293
0.031944
0.051726
0.072642
0.126291
0.015366
0.088442
0.042295
0.111767
0.106485
0.105263
0.074556
0.122334
0.103508
0.060300
0.027811
0.032448
0.125345
0.044434
0.080325
0.085119
0.112871
0.022939
0.065524
0.146324
0.059008
0.046362
0.133045
0.117798
0.050835
0.064837
0.045690
0.139614
0.037561
0.029328
0.067577
0.133074
0.091933
0.128664
0.077833
0.078178
0.058164
0.095721
0.090011
0.135308
0.048423
0.180925
0.084629
0.109349
0.083747
0.054547
0.084642
0.117362
0.104511
0.045837
0.074676
0.186917
0.152277
0.104693
0.041674
0.130077
0.150076
0.101054
0.144787
0.110225
0.038120
0.172266
0.063950
0.141917
0.060621
0.050616
0.082492
0.266724
0.059734
0.204160
0.062941
0.105718
0.127086
0.031946
0.066701
0.087356
0.162507
0.115955
0.050255
0.075346
0.037051
0.123387
0.102592
0.129823
0.187299
0.132836
0.175576
0.030898
0.096942
0.095560
0.085374
0.110482
0.137767
0.075776
0.084937
0.168733
0.064609
0.170838
0.069410
0.035894
0.072219
0.073935
0.072605
0.139634
0.038460
0.055969
0.160233
0.162468
0.184752
0.080603
0.048207
0.161450
0.117649
0.146136
0.046368
0.042062
0.062574
0.129635
0.085300
0.057722
0.034993
0.078315
0.066316
0.091340
0.068558
0.085373
0.057263
0.063191
0.065324
0.123138
0.026572
0.144287
0.091171
0.048954
0.084018
0.098654
0.126014
0.092799
0.119780
0.113780
0.087780
0.052633
0.092021
0.080487
0.136694
0.060955
0.060513
0.069753
0.108890
0.121104
0.045942
0.044908
0.068817
0.093005
0.069702
0.147215
0.112721
0.100124
0.052765
0.052117
0.059812
0.099719
0.120204
0.178283
0.071016
0.088737
0.041711
0.075341
0.074501
0.122836
0.078219
0.088757
0.066811
0.146478
0.025161
0.214960
0.207726
0.074018
0.067941
0.052734
0.135210
0.145047
0.190369
0.116868
0.169602
0.071748
0.141516
0.132676
0.096977
0.142241
0.105002
0.073681
0.119382
0.050162
0.033899
0.121439
0.042693
0.087990
0.058754
0.134332
0.049637
0.126798
0.147115
0.048356
0.090276
0.109394
0.110349
0.084936
0.099290
0.024858
0.088414
0.141234
0.083272
0.073627
0.075687
0.093958
0.044689
0.039993
0.071867
0.142020
0.205280
0.104646
0.082494
0.030301
0.043324
0.157357
0.073818
0.073932
0.098043
0.068942
0.088149
0.088992
0.074389
0.024347
0.113545
0.058155
0.026631
0.039566
0.033515
0.057613
0.057237
0.104986
0.027499
0.051552
0.052366
0.053611
0.039474
0.042356
0.028791
0.053547
0.036985
0.051555
0.036169
0.044175
0.057926
0.053035
0.027922
0.060385
0.104281
0.006400
0.039426
0.066438
0.088510
0.061492
0.023526
0.090696
0.065037
0.046614
0.080903
0.015841
0.059063
0.050840
0.023282
0.011536
0.072111
0.064829
0.035066
0.053251
0.022607
0.078812
0.028985
0.069067
0.012555
0.034069
0.056813
0.105915
0.039896
0.063760
0.031318
0.032537
0.032405
0.103892
0.068895
0.041616
0.109117
0.082172
0.086991
0.021146
0.074130
0.089741
0.074072
0.039419
0.072692
0.031050
0.116682
0.020843
0.064558
0.026805
0.070289
0.113665
0.109798
0.014412
0.070395
0.092463
0.050939
0.066335
0.049400
0.014647
0.021252
0.037439
0.105169
0.067269
0.008712
0.091415
0.080479
0.018531
0.022325
0.067391
0.020359
0.098131
0.018224
0.057787
0.114251
0.066984
0.036303
0.135626
0.029320
0.089869
0.045466
0.041161
0.025489
0.071799
0.054590
0.052419
0.027912
0.072337
0.024197
0.070056
0.054229
0.073642
0.045613
0.036597
0.019871
0.054872
0.010558
0.038939
0.050179
0.093683
0.050587
0.027430
0.065844
0.023542
0.057594
0.037009
0.047479
0.037798
0.039064
0.042112
0.042255
0.035375
0.041858
0.059254
0.017781
0.059224
0.024728
0.085842
0.030728
0.080745
0.039543
0.079432
0.104011
0.013771
0.009116
0.022900
0.066728
0.110181
0.044748
0.029677
0.025169
0.038261
0.026348
0.100603
0.042600
0.031328
0.176596
0.026049
0.069217
0.051782
0.031410
0.025559
0.013764
0.046592
0.030704
0.061483
0.065465
0.104789
0.080476
0.084929
0.019596
0.054326
0.074153
0.099839
0.064063
0.011311
0.035270
0.064527
0.108755
0.052373
0.074819
0.070197
0.072271
0.081813
0.079831
0.011376
0.028054
0.052849
0.084108
0.115659
0.079941
0.082272
0.101277
0.065243
0.045266
0.018872
0.032364
0.060465
0.040164
0.069475
0.027367
0.121128
0.043042
0.048521
0.145568
0.099985
0.077757
0.015189
0.060964
0.053131
0.075196
0.039919
0.101526
0.094230
0.086225
0.052615
0.083203
0.055824
0.128117
0.079702
0.043403
0.062930
0.073794
0.048828
0.037049
0.052289
0.061794
0.101507
0.094932
0.135006
0.012778
0.067037
0.040148
0.090297
0.054463
0.020975
0.013335
0.078030
0.030858
0.054156
0.071735
0.144812
0.042489
0.137912
0.050905
0.093593
0.144402
0.133057
0.030741
0.058696
0.070486
0.163220
0.081381
0.089397
0.037009
0.080550
0.048562
0.052104
0.074156
0.056773
0.085814
0.051958
0.056238
0.103134
0.032952
0.146794
0.042574
0.067802
0.065311
0.043981
0.054994
0.038427
0.070722
0.060156
0.119610
0.068899
0.090829
0.092418
0.128552
0.130559
0.063451
0.078979
0.060117
0.064503
0.098784
0.056762
0.047188
0.023468
0.124361
0.080217
0.087546
0.074367
0.143386
0.147510
0.041808
0.124521
0.120726
0.075274
0.157812
0.104268
0.045396
0.081254
0.055408
0.058888
0.079363
0.048958
0.124956
0.071644
0.110061
0.081382
0.123110
0.108828
0.113520
0.061706
0.101949
0.066319
0.100859
0.043611
0.072434
0.068388
0.065187
0.077916
0.161570
0.069965
0.065343
0.074779
0.094195
0.058123
0.014367
0.091133
0.067858
0.041486
0.072995
0.042770
0.127209
0.205806
0.064087
0.041337
0.150298
0.088889
0.065731
0.103152
0.075776
0.035477
0.093098
0.071143
0.196645
0.154996
0.087437
0.035319
0.028839
0.113898
0.176524
0.042422
0.081846
0.144043
0.042075
0.137760
0.064022
0.155790
0.113139
0.057075
0.123095
0.044858
0.079860
0.083076
0.107784
0.044903
0.084634
0.079427
0.060722
0.111990
0.080394
0.041760
0.137309
0.075635
0.089845
0.079083
0.079588
0.065059
0.047797
0.036235
0.016819
0.050868
0.031883
0.032904
0.071408
0.112030
0.078359
0.056018
0.068237
0.056085
0.063816
0.037346
0.053352
0.088422
0.121838
0.043155
0.078902
0.085466
0.027575
0.018950
0.047333
0.051640
0.022968
0.035706
0.033691
0.091528
0.105584
0.047033
0.009027
0.041012
0.036213
0.046209
0.017329
0.054841
0.128608
0.040928
0.033063
0.075655
0.166968
0.014992
0.034825
0.071970
0.032425
0.016110
0.066306
0.077393
0.198943
0.075560
0.025173
0.056278
0.061206
0.187576
0.031625
0.032017
0.020361
0.086277
0.013149
0.030403
0.102049
0.029919
0.039409
0.030556
0.016328
0.085782
0.024925
0.024525
0.044715
0.072884
0.107904
0.056441
0.063055
0.133516
0.011515
0.022422
0.021185
0.067654
0.023998
0.080688
0.051005
0.050034
0.028782
0.100598
0.034507
0.020326
0.024189
0.044013
0.057229
0.050357
0.046043
0.037673
0.039357
0.071649
0.080209
0.054273
0.052434
0.134526
0.052827
0.032001
0.044699
0.085490
0.043869
0.079426
0.075858
0.065634
0.067418
0.157483
0.033132
0.041760
0.043281
0.035531
0.093662
0.040894
0.051262
0.015046
0.052369
0.100425
0.066542
0.082777
0.066495
0.082062
0.025567
0.030704
0.012034
0.035675
0.025591
0.074708
0.023238
0.050452
0.039678
0.067322
0.012361
0.065037
0.057485
0.064875
0.035439
0.059689
0.016764
0.030196
0.029833
0.100370
0.046417
0.144463
0.037860
0.046463
0.064989
0.092429
0.011451
0.043572
0.032613
0.072684
0.082533
0.039648
0.020212
0.020886
0.143483
0.170946
0.063210
0.059677
0.061366
0.025220
0.059095
0.097761
0.044485
0.044380
0.095113
0.056961
0.054426
0.026612
0.077316
0.057555
0.056253
0.130396
0.088986
0.056436
0.011964
0.079431
0.022484
0.088570
0.112129
0.065811
0.055939
0.127113
0.040091
0.069037
0.039534
0.152171
0.061479
0.089290
0.167085
0.101493
0.031458
0.072973
0.061700
0.088028
0.147566
0.107350
0.070929
0.065680
0.043024
0.067426
0.040854
0.090998
0.080879
0.028261
0.081010
0.057167
0.079478
0.145807
0.176765
0.067324
0.074015
0.110545
0.076935
0.160828
0.066878
0.051404
0.081994
0.078171
0.087242
0.071506
0.129950
0.049157
0.114813
0.129757
0.086986
0.058059
0.103634
0.108882
0.043876
0.048772
0.067905
0.087879
0.068366
0.050778
0.129940
0.068577
0.082335
0.059129
0.063154
0.035921
0.070225
0.045859
0.112317
0.073350
0.064760
0.039364
0.068489
0.034638
0.025983
0.058501
0.081412
0.062406
0.062889
0.075192
0.041617
0.082427
0.074282
0.072433
0.025426
0.095057
0.048174
0.011233
0.127382
0.090047
0.086859
0.039527
0.084887
0.093212
0.022309
0.020830
0.031393
0.049035
0.052459
0.125464
0.069176
0.023554
0.021099
0.041916
0.011792
0.022614
0.078940
0.079761
0.123973
0.011471
0.040353
0.023051
0.043003
0.019168
0.032371
0.118225
0.045381
0.044508
0.093257
0.010700
0.060059
0.156470
0.055849
0.045868
0.068882
0.082164
0.058229
0.033191
0.026154
0.022026
0.107268
0.051068
0.032536
0.028802
0.074901
0.049321
0.062711
0.038361
0.065452
0.070163
0.024670
0.054849
0.121979
0.146765
0.074998
0.049194
0.019620
0.066976
0.055333
0.083884
0.072424
0.096993
0.038278
0.020010
0.025526
0.138540
0.167552
0.072934
0.046538
0.058509
0.073798
0.040603
0.040642
0.053786
0.100904
0.062847
0.066267
0.084407
0.073126
0.116518
0.065810
0.087963
0.070642
0.096327
0.089542
0.050744
0.044244
0.082462
0.015965
0.038456
0.060758
0.046321
0.030983
0.092326
0.157845
0.044099
0.069485
0.061210
0.125230
0.068909
0.092145
0.036864
0.145786
0.158150
0.084006
0.102158
0.044599
0.093025
0.040595
0.088242
0.122748
0.048693
0.088789
0.071520
0.182092
0.062084
0.082766
0.028719
0.200503
0.064146
0.150654
0.127345
0.057158
0.181931
0.036829
0.118988
0.050376
0.064743
0.032614
0.066492
0.125768
0.174800
0.155176
0.093173
0.049238
0.079259
0.038159
0.046057
0.088272
0.054305
0.044249
0.055452
0.096851
0.094438
0.031921
0.020124
0.091918
0.070898
0.049825
0.078824
0.069049
0.051990
0.043683
0.029197
0.033405
0.046382
0.049572
0.092299
0.089776
0.047919
0.092140
0.011569
0.034993
0.019738
0.040168
0.075464
0.040022
0.044508
0.075448
0.025683
0.047774
0.032894
0.073738
0.037207
0.070612
0.037211
0.015680
0.024092
0.083786
0.012875
0.036250
0.014731
0.094671
0.079458
0.085276
0.090645
0.081689
0.038180
0.053936
0.050107
0.028592
0.025964
0.049537
0.028902
0.065946
0.054449
0.069123
0.090322
0.050699
0.048846
0.021625
0.057513
0.033154
0.025630
0.011566
0.072984
0.015543
0.098367
0.010745
0.037078
0.027631
0.036387
0.014426
0.093147
0.079385
0.022082
0.071857
0.013386
0.009780
0.047253
0.028906
0.061273
0.038629
0.158154
0.054732
0.049151
0.018322
0.034283
0.090510
0.017931
0.018530
0.103057
0.065531
0.089670
0.012029
0.061651
0.107236
0.065139
0.105410
0.033049
0.035685
0.033619
0.014993
0.061186
0.056228
0.049310
0.110781
0.054090
0.062030
0.062622
0.025814
0.013844
0.038199
0.070377
0.052612
0.087904
0.114532
0.081868
0.068634
0.009968
0.086996
0.062575
0.053509
0.030051
0.036917
0.072405
0.016753
0.086437
0.026317
0.058220
0.079659
0.074718
0.041073
0.058429
0.077904
0.011899
0.050490
0.103293
0.102157
0.025461
0.089630
0.043598
0.024316
0.101841
0.070052
0.050610
0.007822
0.081085
0.045248
0.025632
0.053933
0.014215
0.023509
0.087931
0.080677
0.078276
0.052359
0.086830
0.089162
0.054382
0.083487
0.064466
0.149206
0.074818
0.031704
0.031128
0.187578
0.056726
0.061324
0.028908
0.056330
0.072195
0.031103
0.066037
0.040782
0.060136
0.055645
0.038931
0.124118
0.068544
0.119083
0.103904
0.047401
0.105750
0.150880
0.028997
0.119757
0.069253
0.089101
0.062793
0.054549
0.052576
0.067729
0.038613
0.094735
0.068540
0.037755
0.057360
0.033111
0.031871
0.071610
0.082350
0.023963
0.051743
0.080210
0.017159
0.029921
0.054771
0.051810
0.072248
0.109613
0.020914
0.069014
0.068583
0.011387
0.083336
0.082866
0.052798
0.078655
0.026761
0.031493
0.133072
0.012158
0.024216
0.109016
0.032656
0.058975
0.029843
0.057310
0.104456
0.065898
0.021519
0.049041
0.032482
0.098312
0.094099
0.069351
0.037542
0.071312
0.045456
0.042239
0.014849
0.093862
0.052678
0.035852
0.063726
0.051923
0.022465
0.052304
0.088578
0.031927
0.106601
0.074948
0.040092
0.153767
0.098045
0.076840
0.048907
0.056525
0.071991
0.062686
0.082666
0.076944
0.134852
0.064156
0.088985
0.065970
0.082107
0.040261
0.074948
0.101377
0.169420
0.080452
0.068298
0.055437
0.100299
0.032678
0.095683
0.118936
0.069072
0.050684
0.067102
0.057699
0.018525
0.047933
0.049114
0.044481
0.019196
0.136097
0.089504
0.140444
0.076955
0.044918
0.048383
0.096224
0.136985
0.059870
0.015149
0.041324
0.051305
0.079963
0.043294
0.082427
0.071366
0.078853
0.060064
0.039130
0.051803
0.024494
0.047685
0.048810
0.089467
0.057780
0.109318
0.072228
0.077695
0.097356
0.045005
0.045309
0.034771
0.065489
0.128596
0.072729
0.093744
0.041196
0.075087
0.037784
0.031152
0.133467
0.130389
0.058709
0.102560
0.036755
0.102096
0.108963
0.032321
0.074876
0.065978
0.009517
0.062984
0.056807
0.097093
0.092025
0.060441
0.096259
0.049397
0.059030
0.059374
0.054227
0.055639
0.042877
0.057147
0.101772
0.062720
0.042583
0.063475
0.076228
0.155254
0.048810
0.102585
0.032956
0.122791
0.045961
0.039455
0.024199
0.127816
0.034326
0.140130
0.155681
0.061302
0.046635
0.085733
0.048286
0.080790
0.141008
0.032430
0.035276
0.051879
0.075634
0.018681
0.037450
0.007226
0.042751
0.086671
0.095477
0.064628
0.018703
0.019633
0.013218
0.086252
0.104277
0.069291
0.063469
0.025529
0.018952
0.063099
0.038490
0.046680
0.073918
0.061509
0.062473
0.088996
0.019681
0.068491
0.054130
0.059428
0.033318
0.029147
0.067127
0.031516
0.041011
0.153408
0.020865
0.050164
0.036886
0.033839
0.025052
0.056865
0.047951
0.027543
0.061360
0.014868
0.050317
0.038996
0.052994
0.023009
0.022334
0.053393
0.094064
0.020788
0.050595
0.028839
0.025561
0.013783
0.033320
0.056636
0.045501
0.074628
0.027502
0.030355
0.005739
0.067603
0.048761
0.017126
0.073465
0.096452
0.013369
0.055525
0.016488
0.024228
0.043993
0.037972
0.009208
0.041062
0.049549
0.120032
0.104040
0.012099
0.015303
0.118121
0.047317
0.080017
0.004817
0.041975
0.037364
0.040107
0.079200
0.041242
0.044452
0.028800
0.067074
0.022850
0.074284
0.034814
0.084747
0.049292
0.021871
0.063093
0.016045
0.094718
0.061816
0.064919
0.065184
0.049176
0.055185
0.008765
0.036559
0.035258
0.060657
0.081457
0.010683
0.044445
0.065320
0.036202
0.104032
0.008340
0.016251
0.102315
0.066916
0.052738
0.034590
0.039969
0.082744
0.021179
0.098241
0.021713
0.006676
0.076229
0.059487
0.021275
0.022264
0.032828
0.118072
0.035074
0.042711
0.148673
0.095336
0.016078
0.116283
0.057262
0.011841
0.012118
0.025602
0.038106
0.091163
0.060778
0.080199
0.104042
0.038615
0.020863
0.029834
0.033432
0.058814
0.101174
0.038771
0.129396
0.060769
0.036515
0.165174
0.025112
0.175831
0.036819
0.080218
0.103160
0.077977
0.041301
0.018490
0.082011
0.043688
0.062531
0.183594
0.019642
0.067162
0.096302
0.049483
0.024884
0.087640
0.047914
0.073155
0.051916
0.157929
0.014579
0.080155
0.060860
0.023806
0.041327
0.059580
0.028318
0.190635
0.048117
0.041727
0.103993
0.096755
0.101903
0.058672
0.034195
0.032150
0.057294
0.057794
0.062209
0.081120
0.066212
0.081871
0.048259
0.032499
0.048770
0.088055
0.026397
0.035280
0.017482
0.104128
0.040250
0.083611
0.048827
0.038233
0.035952
0.066028
0.032204
0.037603
0.030227
0.077513
0.109943
0.044936
0.058404
0.095225
0.092212
0.029500
0.070033
0.046701
0.036992
0.081470
0.140403
0.056312
0.088074
0.028996
0.028241
0.113476
0.062245
0.084933
0.042727
0.073453
0.030872
0.032708
0.049009
0.059126
0.064619
0.032971
0.096363
0.085107
0.170884
0.069059
0.051116
0.038201
0.032796
0.141995
0.064452
0.086280
0.133670
0.165018
0.070896
0.016691
0.040153
0.045874
0.048308
0.112537
0.038852
0.039729
0.085647
0.078654
0.070253
0.021089
0.017192
0.038158
0.078465
0.027258
0.016003
0.040545
0.014334
0.119319
0.050378
0.042418
0.042644
0.058718
0.026493
0.074640
0.129018
0.095064
0.045348
0.067945
0.072625
0.080634
0.070918
0.142241
0.039985
0.066125
0.075425
0.082995
0.035756
0.076857
0.075300
0.054198
0.095610
0.055960
0.078927
0.077254
0.041192
0.096039
0.012286
0.043111
0.031859
0.037431
0.030819
0.040801
0.043722
0.044395
0.026745
0.060489
0.028615
0.055226
0.053102
0.033525
0.064549
0.061346
0.034249
0.063762
0.046031
0.029549
0.033565
0.097223
0.059288
0.103829
0.045349
0.058099
0.035823
0.032632
0.038703
0.015019
0.021312
0.047398
0.091751
0.067873
0.032382
0.025224
0.047493
0.029406
0.067445
0.048246
0.092516
0.052779
0.108872
0.077394
0.060588
0.047347
0.039932
0.077208
0.088649
0.072335
0.101967
0.078053
0.079964
0.056386
0.102539
0.099185
0.101647
0.024918
0.049768
0.056302
0.064240
0.105423
0.043715
0.138558
0.059195
0.040210
0.052951
0.066157
0.162579
0.038213
0.117112
0.039255
0.096238
0.090677
0.041920
0.097575
0.200075
0.120737
0.044578
0.040225
0.080110
0.023748
0.042634
0.063182
0.071023
0.030029
0.072330
0.036266
0.036654
0.020511
0.019955
0.073612
0.034476
0.061045
0.040515
0.022374
0.040635
0.039017
0.075816
0.020934
0.034169
0.059549
0.031759
0.077248
0.065054
0.079138
0.085089
0.005187
0.034711
0.042350
0.050479
0.013831
0.038106
0.073201
0.084308
0.066770
0.075281
0.037656
0.012393
0.035747
0.006821
0.121914
0.077370
0.044566
0.020880
0.076337
0.072966
0.019303
0.098846
0.016558
0.022881
0.026221
0.033905
0.062540
0.092689
0.015357
0.042566
0.027426
0.115862
0.067103
0.032531
0.024080
0.015027
0.081771
0.018987
0.084701
0.088870
0.054461
0.012290
0.045211
0.030775
0.062507
0.059334
0.029228
0.032803
0.061352
0.055919
0.024254
0.026295
0.031523
0.064653
0.019549
0.017148
0.059678
0.032125
0.075235
0.033708
0.083651
0.029834
0.016524
0.034946
0.128158
0.053661
0.063885
0.049876
0.050450
0.025182
0.031298
0.018012
0.020367
0.035487
0.058153
0.023160
0.043696
0.015064
0.075726
0.024760
0.029107
0.018588
0.134565
0.077873
0.061446
0.049397
0.013909
0.110809
0.032652
0.061583
0.033564
0.115815
0.014325
0.048034
0.038103
0.080637
0.017035
0.041135
0.041833
0.096423
0.036031
0.066333
0.106481
0.060631
0.005960
0.030692
0.061478
0.126662
0.015256
0.078682
0.041088
0.010386
0.035115
0.058478
0.033778
0.058345
0.117886
0.048839
0.078418
0.023480
0.041122
0.063373
0.017231
0.018332
0.055590
0.070504
0.057416
0.064805
0.029292
0.009663
0.072090
0.028526
0.043952
0.096351
0.057140
0.020406
0.050453
0.015133
0.057094
0.017196
0.019894
0.020049
0.080827
0.032475
0.031577
0.043310
0.010611
0.049124
0.024121
0.125053
0.060482
0.051833
0.032611
0.014923
0.016590
0.026260
0.012084
0.050652
0.090274
0.070375
0.079457
0.014765
0.047553
0.089183
0.066505
0.088693
0.102983
0.094050
0.048162
0.029548
0.043717
0.028207
0.071693
0.042120
0.015316
0.078968
0.038475
0.075223
0.038981
0.017900
0.102477
0.071347
0.130949
0.044177
0.027339
0.035063
0.081174
0.051961
0.057360
0.077478
0.044388
0.053398
0.131453
0.080653
0.049065
0.039631
0.012479
0.013742
0.028957
0.104222
0.112254
0.082250
0.071936
0.056310
0.062505
0.085849
0.078251
0.084257
0.095404
0.096869
0.057204
0.023374
0.038231
0.053787
0.055763
0.080675
0.079713
0.022252
0.086186
0.058745
0.066662
0.042279
0.112703
0.049238
0.017251
0.042342
0.028931
0.112547
0.036839
0.038229
0.052036
0.037120
0.055493
0.056234
0.042921
0.040469
0.037230
0.051487
0.047674
0.096597
0.048558
0.055296
0.022869
0.032398
0.038273
0.096272
0.064059
0.038198
0.118083
0.023861
0.082874
0.086357
0.016913
0.057961
0.039385
0.074921
0.110694
0.054382
0.104499
0.126638
0.041780
0.012612
0.032134
0.061962
0.035732
0.111067
0.056270
0.072686
0.029369
0.056457
0.102854
0.039872
0.040448
0.054776
0.043130
0.019049
0.106221
0.037897
0.009749
0.038154
0.016263
0.026954
0.054104
0.097131
0.041269
0.048986
0.079553
0.021876
0.103861
0.137189
0.141018
0.030155
0.063823
0.112128
0.074867
0.024376
0.090526
0.020607
0.101732
0.023101
0.065280
0.068337
0.041518
0.166127
0.094803
0.071478
0.021876
0.065629
0.074327
0.032391
0.077533
0.138685
0.099758
0.148033
0.077306
0.048409
0.081790
0.057987
0.068316
0.086903
0.056252
0.169623
0.063864
0.039240
0.126936
0.039949
0.127757
0.068875
0.125370
0.149177
0.138495
0.104106
0.023794
0.034259
0.080418
0.041369
0.050092
0.046839
0.028137
0.090825
0.050321
0.061556
0.087523
0.029587
0.067817
0.119025
0.086680
0.069119
0.028006
0.061766
0.038272
0.188650
0.090193
0.026295
0.036135
0.032333
0.089058
0.064117
0.042420
0.035769
0.049539
0.123842
0.029369
0.052831
0.130240
0.071193
0.033394
0.028224
0.050627
0.018198
0.062529
0.025112
0.052146
0.016491
0.012085
0.011877
0.016196
0.129628
0.075452
0.029945
0.042145
0.017969
0.041010
0.029454
0.071709
0.039467
0.078416
0.007714
0.072184
0.009887
0.025693
0.048934
0.026787
0.029793
0.067134
0.092319
0.073169
0.062086
0.041165
0.048555
0.029655
0.010236
0.038084
0.032259
0.192835
0.067569
0.074598
0.101181
0.046592
0.186798
0.025036
0.075411
0.093774
0.010095
0.039019
0.094317
0.091480
0.108951
0.018098
0.038254
0.037561
0.084258
0.062542
0.020831
0.072713
0.076446
0.036949
0.022397
0.014773
0.171386
0.013444
0.057942
0.010742
0.031320
0.022703
0.037109
0.112714
0.040915
0.097397
0.101343
0.014662
0.091701
0.012518
0.064248
0.045684
0.048319
0.059906
0.039106
0.040474
0.041346
0.077789
0.016216
0.024609
0.112582
0.017895
0.027485
0.034996
0.052694
0.066322
0.053654
0.042293
0.053992
0.007466
0.098288
0.033455
0.034381
0.023841
0.041771
0.026272
0.049392
0.021619
0.054250
0.042000
0.061699
0.043874
0.022702
0.087172
0.009998
0.013877
0.102895
0.035676
0.082953
0.113359
0.038416
0.054862
0.021259
0.031638
0.072903
0.011624
0.049701
0.059586
0.108736
0.039067
0.032334
0.015192
0.070935
0.017766
0.047394
0.069164
0.067477
0.044472
0.013964
0.049762
0.037076
0.037826
0.004222
0.018373
0.008940
0.031246
0.053984
0.131474
0.024794
0.060174
0.047055
0.023965
0.018316
0.045316
0.044552
0.036077
0.011053
0.040785
0.063168
0.054165
0.078972
0.059815
0.060185
0.014486
0.040500
0.088139
0.046933
0.052548
0.023839
0.106543
0.025219
0.005271
0.107005
0.019316
0.044168
0.012315
0.020230
0.046171
0.121838
0.044343
0.023705
0.203518
0.038355
0.017784
0.011912
0.059833
0.016391
0.022678
0.039387
0.064400
0.092664
0.127130
0.073018
0.014304
0.043857
0.026768
0.043566
0.060566
0.085764
0.031537
0.046864
0.038570
0.097590
0.041327
0.135136
0.037837
0.028542
0.032567
0.048761
0.051345
0.031394
0.101550
0.090533
0.028574
0.030790
0.064012
0.029673
0.073729
0.025569
0.056704
0.076860
0.054663
0.078308
0.022679
0.239345
0.091417
0.098433
0.039589
0.059664
0.081310
0.045709
0.022290
0.026118
0.052029
0.055950
0.099149
0.092913
0.012212
0.101155
0.054522
0.104843
0.043098
0.055735
0.058881
0.080238
0.110286
0.068835
0.038974
0.002385
0.022997
0.020439
0.044962
0.121998
0.055714
0.075534
0.095311
0.070951
0.104379
0.014318
0.037868
0.061659
0.112738
0.074834
0.059730
0.103999
0.003975
0.073550
0.026732
0.026535
0.070564
0.022933
0.033230
0.100654
0.047224
0.052539
0.034641
0.072511
0.042748
0.067534
0.061968
0.065099
0.052108
0.049609
0.059259
0.051080
0.057291
0.064060
0.133472
0.091407
0.101165
0.074144
0.042528
0.016883
0.038844
0.008546
0.042621
0.022929
0.060737
0.031510
0.066771
0.038394
0.035328
0.059246
0.028774
0.041104
0.120533
0.035209
0.035001
0.031051
0.026209
0.132077
0.060085
0.009668
0.058306
0.007905
0.075528
0.045507
0.073040
0.167260
0.056059
0.066879
0.055094
0.059084
0.116855
0.061349
0.043892
0.145519
0.013644
0.025522
0.026561
0.036149
0.164407
0.059657
0.019602
0.051998
0.095028
0.011241
0.069020
0.012907
0.029547
0.046455
0.071372
0.049861
0.017847
0.051183
0.055355
0.043302
0.023143
0.045356
0.035069
0.045887
0.033338
0.074292
0.062643
0.021434
0.047507
0.088213
0.067291
0.051681
0.067810
0.041365
0.041665
0.052135
0.037288
0.048943
0.010772
0.053138
0.139953
0.025565
0.042295
0.065872
0.028237
0.053901
0.029953
0.031485
0.164450
0.164494
0.084965
0.036522
0.072001
0.047547
0.054665
0.009372
0.045446
0.091358
0.071966
0.072755
0.026186
0.097473
0.094860
0.038833
0.016517
0.082198
0.090651
0.067130
0.074177
0.036770
0.094220
0.056572
0.039234
0.075857
0.022521
0.021054
0.010978
0.024633
0.035213
0.087411
0.107170
0.035153
0.057190
0.029187
0.040407
0.010086
0.065055
0.025978
0.038731
0.011889
0.029204
0.039547
0.015262
0.037496
0.100865
0.023498
0.043604
0.017136
0.080962
0.038211
0.013649
0.092129
0.042315
0.019187
0.061912
0.066369
0.045052
0.015576
0.011066
0.005610
0.013959
0.022243
0.025781
0.014528
0.010872
0.011976
0.018188
0.019244
0.016171
0.092981
0.008315
0.020718
0.018601
0.024100
0.004911
0.049740
0.039525
0.033782
0.043951
0.015429
0.009540
0.008972
0.022305
0.006897
0.013263
0.041373
0.024970
0.028073
0.010005
0.058593
0.071917
0.022984
0.004559
0.041507
0.046794
0.004031
0.009560
0.035219
0.022671
0.039287
0.005972
0.029518
0.014980
0.006723
0.012128
0.080210
0.078255
0.021071
0.016209
0.011251
0.009287
0.019756
0.027279
0.043120
0.033725
0.025069
0.021423
0.002913
0.013119
0.058427
0.016977
0.011448
0.035019
0.029641
0.023835
0.078005
0.003711
0.069640
0.037487
0.005761
0.026698
0.039898
0.008616
0.035163
0.078358
0.011131
0.034576
0.015952
0.016604
0.009986
0.009453
0.042338
0.037621
0.031881
0.051101
0.041361
0.021235
0.051454
0.012830
0.014114
0.004332
0.012786
0.009666
0.066096
0.011216
0.028785
0.024848
0.010622
0.010627
0.045911
0.083991
0.019797
0.084073
0.024476
0.061461
0.144370
0.055563
0.074307
0.005316
0.064834
0.054151
0.046987
0.021003
0.037837
0.031762
0.006031
0.034942
0.016185
0.037389
0.010295
0.022150
0.042266
0.058545
0.072944
0.012813
0.024396
0.030710
0.052159
0.075672
0.043010
0.033826
0.033931
0.065139
0.033518
0.008153
0.036628
0.046516
0.022498
0.042577
0.018272
0.017740
0.026996
0.026315
0.059653
0.086244
0.046373
0.049326
0.062621
0.014886
0.039314
0.018246
0.081899
0.005793
0.056783
0.015599
0.033196
0.044706
0.048413
0.041170
0.042381
0.040807
0.090877
0.039198
0.026403
0.011516
0.101306
0.031982
0.025415
0.035405
0.058105
0.052711
0.072158
0.081240
0.145751
0.043857
0.048539
0.018703
0.021216
0.011479
0.018764
0.016935
0.130971
0.035998
0.080429
0.026717
0.058007
0.139900
0.061846
0.047570
0.044229
0.023413
0.067951
0.034129
0.062370
0.134627
0.024469
0.119284
0.084326
0.041405
0.033458
0.056161
0.041084
0.053075
0.056979
0.076900
0.035125
0.074092
0.103737
0.027786
0.117601
0.101832
0.102229
0.046405
0.041966
0.053096
0.045998
0.033336
0.110850
0.123311
0.077918
0.066369
0.066444
0.033582
0.199024
0.063207
0.040113
0.021882
0.065854
0.094688
0.033990
0.009011
0.032536
0.025576
0.080252
0.017278
0.034035
0.038070
0.069915
0.088280
0.018171
0.051846
0.020338
0.057565
0.063535
0.051938
0.026185
0.028101
0.080252
0.062630
0.019562
0.029169
0.019708
0.039113
0.087548
0.041956
0.138771
0.065446
0.097858
0.043901
0.077219
0.042114
0.025360
0.021717
0.053097
0.102935
0.064291
0.042899
0.039232
0.043155
0.076109
0.087502
0.039219
0.042861
0.054794
0.071657
0.108503
0.090543
0.097767
0.041349
0.035852
0.054649
0.040791
0.037883
0.023790
0.044942
0.066838
0.074087
0.090921
0.064085
0.043542
0.066518
0.023690
0.056286
0.070352
0.028685
0.012278
0.061861
0.065162
0.064395
0.014286
0.065148
0.020014
0.081041
0.009438
0.136040
0.030746
0.105270
0.048459
0.050664
0.039155
0.053427
0.037289
0.027057
0.074754
0.042968
0.076521
0.018585
0.045077
0.047189
0.087497
0.048277
0.061610
0.035451
0.063235
0.067514
0.049366
0.035438
0.030739
0.177970
0.098301
0.039872
0.067770
0.038702
0.028101
0.044086
0.114118
0.031618
0.143173
0.017992
0.039081
0.065763
0.076807
0.069514
0.069871
0.034148
0.049691
0.100982
0.019049
0.075338
0.032921
0.016549
0.043477
0.084036
0.029257
0.014407
0.063201
0.075976
0.036106
0.029572
0.053315
0.017610
0.014258
0.020332
0.049753
0.033610
0.061353
0.055501
0.043147
0.006309
0.015428
0.042118
0.011438
0.024196
0.022741
0.086710
0.010776
0.014951
0.111183
0.020943
0.032645
0.006777
0.042117
0.013850
0.011587
0.022445
0.025960
0.039575
0.028013
0.024257
0.102961
0.040891
0.007690
0.020687
0.039806
0.012544
0.029911
0.026834
0.032283
0.068948
0.006345
0.026057
0.059603
0.033005
0.088813
0.014766
0.030639
0.024482
0.054277
0.026072
0.025611
0.058159
0.028499
0.150667
0.031167
0.038336
0.014535
0.005653
0.013020
0.034906
0.071981
0.029856
0.086264
0.029213
0.066864
0.051538
0.054745
0.010353
0.036225
0.066711
0.008006
0.129111
0.082343
0.063739
0.119169
0.046620
0.020154
0.003872
0.066556
0.094493
0.023905
0.048025
0.012293
0.041001
0.004208
0.033753
0.035716
0.036741
0.034504
0.075031
0.093804
0.043483
0.028783
0.020307
0.066496
0.053418
0.052058
0.074229
0.126858
0.042986
0.028129
0.041622
0.109287
0.007632
0.016291
0.095471
0.072191
0.015416
0.061059
0.096690
0.043507
0.056914
0.019157
0.025488
0.030069
0.042717
0.016851
0.019837
0.179540
0.017347
0.064403
0.033510
0.047648
0.034494
0.004760
0.054747
0.047671
0.022434
0.048780
0.054550
0.034657
0.069303
0.019535
0.033021
0.015224
0.045317
0.053948
0.100569
0.018037
0.022065
0.007480
0.072781
0.046065
0.030578
0.008573
0.019762
0.038554
0.038434
0.024162
0.023261
0.040487
0.011718
0.022514
0.119402
0.025651
0.048763
0.036943
0.119709
0.041328
0.028941
0.012248
0.031798
0.055128
0.011039
0.029265
0.015037
0.048871
0.036243
0.011384
0.051526
0.043645
0.068312
0.035275
0.015835
0.067921
0.019459
0.074588
0.051798
0.050024
0.011645
0.102087
0.035012
0.020743
0.108311
0.096956
0.030052
0.014873
0.009837
0.082366
0.022729
0.032851
0.043963
0.005999
0.059997
0.018149
0.046772
0.019602
0.023962
0.010528
0.021836
0.036591
0.027994
0.051371
0.049666
0.054327
0.054578
0.007958
0.085120
0.027994
0.058629
0.068279
0.016335
0.038383
0.050234
0.042163
0.067674
0.026055
0.020248
0.027867
0.049832
0.030528
0.045255
0.059321
0.021028
0.068699
0.042261
0.021688
0.029365
0.064649
0.028781
0.099927
0.112465
0.020591
0.062409
0.044844
0.019455
0.051589
0.087581
0.041304
0.075757
0.045703
0.033828
0.026037
0.036608
0.016605
0.073954
0.051987
0.057158
0.018969
0.022287
0.104453
0.065457
0.083505
0.088370
0.012408
0.047193
0.037886
0.070537
0.065871
0.110564
0.059703
0.057103
0.031824
0.062455
0.123781
0.013985
0.082270
0.103934
0.086657
0.050092
0.104880
0.024868
0.082458
0.064906
0.014688
0.109613
0.065425
0.098283
0.054931
0.110661
0.043620
0.021007
0.056045
0.063976
0.057308
0.064090
0.022563
0.042453
0.024870
0.070396
0.098164
0.048399
0.049272
0.053659
0.017353
0.028207
0.018878
0.027820
0.047166
0.060962
0.105957
0.041852
0.060723
0.080567
0.082047
0.123803
0.031955
0.064345
0.051756
0.016244
0.032869
0.078153
0.019027
0.141213
0.082735
0.083842
0.074133
0.106470
0.028713
0.086646
0.081701
0.135690
0.056173
0.071326
0.123955
0.086534
0.036815
0.028148
0.020960
0.052956
0.011712
0.065954
0.075694
0.103947
0.139003
0.051839
0.073611
0.163540
0.017781
0.071078
0.055854
0.054260
0.015399
0.022842
0.066459
0.037864
0.055520
0.072823
0.079205
0.010347
0.045573
0.007063
0.115349
0.051975
0.143976
0.133493
0.089672
0.151711
0.036773
0.040439
0.047854
0.092291
0.041624
0.110547
0.118859
0.055561
0.028661
0.079561
0.065966
0.093472
0.056128
0.085496
0.030501
0.030660
0.028670
0.080904
0.086744
0.042266
0.033138
0.054184
0.031441
0.036723
0.016626
0.029096
0.067411
0.042364
0.021749
0.032787
0.014973
0.033927
0.048640
0.024246
0.015221
0.019388
0.041681
0.032773
0.100357
0.016391
0.035441
0.016318
0.047297
0.042256
0.031131
0.074933
0.017659
0.047561
0.060992
0.014370
0.026973
0.013753
0.056590
0.052072
0.052334
0.014435
0.050162
0.048048
0.030227
0.072544
0.009176
0.008216
0.021034
0.008335
0.023585
0.004297
0.067730
0.008051
0.056343
0.039887
0.050824
0.047132
0.041828
0.032223
0.030182
0.068230
0.012829
0.015862
0.032282
0.061164
0.043556
0.032839
0.056584
0.004638
0.019004
0.065676
0.021242
0.004164
0.025581
0.066362
0.065519
0.023617
0.060174
0.091006
0.011018
0.011930
0.003622
0.055017
0.111853
0.081279
0.066438
0.034715
0.072447
0.012070
0.010869
0.031670
0.034564
0.026061
0.038559
0.065428
0.063690
0.061380
0.053713
0.020565
0.027148
0.016237
0.046375
0.034483
0.044973
0.015095
0.023786
0.035055
0.035998
0.017118
0.004568
0.027470
0.010193
0.055747
0.081744
0.081350
0.022500
0.025738
0.036951
0.035123
0.034582
0.028968
0.010747
0.016543
0.040849
0.019958
0.026799
0.049284
0.045975
0.009395
0.022221
0.007489
0.048387
0.060678
0.006365
0.010119
0.012681
0.102727
0.030906
0.026883
0.030725
0.062414
0.051484
0.020115
0.057089
0.027326
0.015010
0.151014
0.019764
0.019830
0.061625
0.064301
0.054294
0.059470
0.005033
0.058786
0.020300
0.034242
0.016795
0.029209
0.015140
0.070555
0.017349
0.148998
0.041990
0.062145
0.039630
0.058644
0.024651
0.011895
0.041818
0.132481
0.009887
0.069139
0.015592
0.031316
0.007462
0.136165
0.074122
0.052157
0.047014
0.019349
0.005200
0.020495
0.047290
0.031607
0.028102
0.018235
0.022754
0.065919
0.082181
0.028849
0.055350
0.051625
0.038777
0.051925
0.002666
0.078445
0.059149
0.095318
0.019875
0.031153
0.098527
0.028625
0.022589
0.016950
0.036531
0.120926
0.035784
0.072347
0.049547
0.084196
0.017002
0.035423
0.030344
0.063665
0.072018
0.021926
0.043263
0.055645
0.010971
0.007879
0.035815
0.071452
0.064599
0.037800
0.037296
0.017127
0.104462
0.085420
0.097274
0.054690
0.066211
0.016622
0.053383
0.064192
0.026070
0.055923
0.021970
0.144465
0.079259
0.035533
0.066702
0.015048
0.149526
0.044037
0.019438
0.084111
0.097861
0.036080
0.043730
0.072135
0.100582
0.051828
0.060496
0.031134
0.015244
0.024784
0.042785
0.054321
0.067426
0.008564
0.064989
0.021309
0.014451
0.032484
0.052439
0.034981
0.022843
0.038337
0.041592
0.042047
0.036997
0.106799
0.027025
0.009061
0.078642
0.023212
0.046212
0.026242
0.091949
0.031336
0.077555
0.015691
0.018877
0.023285
0.052985
0.029510
0.050077
0.052774
0.014186
0.078701
0.031766
0.031944
0.064956
0.021875
0.019820
0.063533
0.052331
0.027535
0.065245
0.005529
0.014004
0.099368
0.050294
0.038836
0.014008
0.062055
0.094518
0.121515
0.045572
0.102245
0.035580
0.032937
0.042011
0.032389
0.100555
0.045695
0.071959
0.041088
0.055464
0.107148
0.037589
0.068051
0.060741
0.091346
0.013892
0.053267
0.050513
0.083077
0.074866
0.047007
0.098095
0.070159
0.047884
0.019026
0.025435
0.073765
0.047248
0.063304
0.019281
0.094230
0.071727
0.088159
0.072238
0.037442
0.011964
0.032489
0.092627
0.079120
0.069498
0.032731
0.087089
0.036188
0.063873
0.047455
0.048553
0.066963
0.009965
0.142013
0.078941
0.128784
0.063919
0.052257
0.060903
0.036460
0.092704
0.040086
0.062910
0.049650
0.041403
0.117350
0.030036
0.095834
0.050492
0.043751
0.035911
0.055783
0.053228
0.105061
0.064881
0.064678
0.047646
0.054032
0.056471
0.087727
0.091409
0.086707
0.074848
0.083578
0.068435
0.038129
0.033286
0.046550
0.091510
0.008288
0.056561
0.060456
0.078769
0.014747
0.084843
0.039180
0.025854
0.034094
0.028739
0.019118
0.031104
0.057995
0.022225
0.109721
0.062830
0.056228
0.088631
0.077449
0.040431
0.025695
0.110500
0.011043
0.061764
0.015398
0.052641
0.031686
0.089974
0.094970
0.013260
0.035331
0.027926
0.083732
0.020581
0.078402
0.026268
0.016545
0.050941
0.067661
0.036561
0.055336
0.023653
0.058962
0.013226
0.009086
0.060217
0.054825
0.022621
0.020240
0.036150
0.059808
0.033679
0.053119
0.036287
0.062639
0.097022
0.012446
0.077605
0.014385
0.034694
0.005704
0.030838
0.032957
0.018295
0.043971
0.075170
0.047239
0.009605
0.043131
0.037169
0.010633
0.059350
0.012815
0.058533
0.016639
0.004967
0.007393
0.034692
0.011692
0.020014
0.037308
0.021317
0.041941
0.055138
0.058714
0.017304
0.011819
0.014591
0.049594
0.007895
0.006400
0.007538
0.017830
0.141446
0.069653
0.099917
0.027305
0.020716
0.021926
0.014013
0.023943
0.046985
0.045871
0.016994
0.033547
0.038796
0.002518
0.038035
0.065395
0.011822
0.054546
0.019850
0.022899
0.007440
0.022709
0.060189
0.019580
0.050704
0.036994
0.037694
0.038108
0.061499
0.028643
0.010771
0.019693
0.008776
0.006255
0.011530
0.048756
0.039760
0.034386
0.058121
0.042591
0.085648
0.048764
0.013098
0.006445
0.013323
0.035786
0.034766
0.069544
0.016500
0.017709
0.016350
0.024621
0.001194
0.031433
0.060625
0.088206
0.080591
0.020873
0.045685
0.037184
0.046395
0.020982
0.046164
0.007359
0.085270
0.026748
0.031759
0.014442
0.030585
0.096676
0.049093
0.031105
0.047857
0.010945
0.054003
0.031836
0.018614
0.005990
0.043687
0.030360
0.037264
0.065731
0.043961
0.043885
0.048759
0.081670
0.016435
0.056623
0.040626
0.040766
0.048320
0.047215
0.050286
0.210907
0.023955
0.058818
0.034386
0.082423
0.012583
0.027835
0.041538
0.068620
0.070907
0.040060
0.054725
0.038765
0.030416
0.040557
0.032051
0.067839
0.057664
0.023843
0.026027
0.026737
0.066951
0.063735
0.016136
0.016341
0.059178
0.107300
0.004700
0.040539
0.009208
0.071400
0.017027
0.010512
0.012830
0.052891
0.053820
0.085025
0.047128
0.049596
0.040392
0.087420
0.033121
0.014583
0.034103
0.067468
0.097884
0.035861
0.012307
0.020797
0.055244
0.015361
0.048663
0.058696
0.077866
0.055378
0.009225
0.037980
0.025494
0.077499
0.031812
0.017371
0.040510
0.062957
0.082378
0.022465
0.049272
0.036309
0.029755
0.058321
0.059458
0.015928
0.093537
0.077801
0.025843
0.053408
0.033144
0.028060
0.012768
0.046668
0.015705
0.121379
0.022046
0.070062
0.021980
0.019409
0.014412
0.051623
0.106024
0.064974
0.061812
0.011047
0.049913
0.022505
0.084336
0.100699
0.053253
0.023552
0.045988
0.079198
0.064623
0.083923
0.081638
0.011025
0.029215
0.083139
0.043525
0.095195
0.025675
0.175146
0.065510
0.009772
0.098259
0.010814
0.085660
0.016885
0.021578
0.063383
0.030650
0.038273
0.089801
0.013924
0.078016
0.011322
0.087950
0.056742
0.092319
0.030328
0.021478
0.018643
0.061166
0.025006
0.053449
0.039084
0.039731
0.014762
0.014534
0.043639
0.062449
0.011502
0.044085
0.042443
0.071584
0.008021
0.031649
0.064655
0.032786
0.022891
0.115307
0.081992
0.028959
0.031201
0.055525
0.018150
0.024039
0.024490
0.033052
0.053569
0.077111
0.054033
0.083120
0.047345
0.026941
0.041308
0.107637
0.011680
0.018562
0.038898
0.037486
0.024826
0.043256
0.069476
0.083720
0.041484
0.036391
0.025796
0.015151
0.067478
0.046788
0.027238
0.018696
0.023828
0.034073
0.064041
0.035073
0.021354
0.063774
0.055869
0.013397
0.032182
0.016316
0.017716
0.054321
0.029692
0.034844
0.043838
0.011888
0.050359
0.034766
0.070373
0.092087
0.030768
0.021141
0.011386
0.012587
0.043713
0.127457
0.039339
0.075113
