2.476863
5.842902
4.272583
3.272444
2.973941
2.395382
2.779218
2.431955
2.451605
2.401999
2.221196
2.314853
2.309750
2.277330
2.332582
2.229312
2.278164
2.453886
2.299489
2.350555
2.292856
2.242758
2.278587
2.238457
2.342722
2.320813
2.237209
2.288890
2.315563
2.242354
2.460560
2.291770
2.323502
2.265013
2.232836
2.268426
2.228033
2.256913
2.267071
2.222112
2.307341
2.214661
2.183247
2.226451
2.301932
2.212804
2.197196
2.225401
2.229970
2.170606
2.181708
2.192706
2.238332
2.072695
2.171062
2.131071
2.119460
2.085833
1.977025
2.025928
2.052867
2.035928
2.078776
2.046475
2.132523
2.044685
1.998233
2.041188
1.970943
1.975160
2.119720
1.963960
2.054871
2.157536
2.021064
1.977273
2.021007
2.067466
2.061369
1.969990
2.021991
1.925445
2.018297
2.024475
2.031215
1.966183
1.958808
1.942048
2.037821
1.871991
2.072350
1.949973
1.983465
2.018087
1.881672
1.907803
2.013826
1.951521
2.133923
1.922121
1.925213
1.997173
2.054131
1.998661
1.973582
2.049958
1.960076
1.997694
1.987755
1.929821
1.925983
1.989170
1.919989
1.950241
1.875838
1.977708
2.013332
1.944479
1.859443
1.855790
1.894087
1.918171
2.015839
1.933374
1.959579
1.961669
1.924050
1.983942
1.904843
1.940344
1.922702
1.898785
1.938891
1.886164
1.873985
1.843589
1.897802
2.032021
1.984824
1.899251
1.810153
1.980104
2.025250
1.999029
1.895719
1.976583
1.948836
1.888934
1.850426
1.898350
1.891386
1.912696
1.834715
1.754520
1.987374
1.864596
1.932838
1.824192
1.852803
2.007976
1.967745
1.877754
1.788003
1.877587
1.826690
1.786662
1.792810
1.854395
1.818479
1.869139
1.933691
1.890948
1.846670
1.877435
1.928430
1.801481
1.791091
1.844428
1.911482
1.699398
1.718842
1.748620
1.729288
1.881322
1.854042
1.763869
1.816341
1.795485
1.766235
1.751460
1.834753
1.793318
1.961495
1.806397
1.754487
1.785713
1.666274
1.658945
1.810497
1.776552
1.875878
1.864948
1.821912
1.811903
1.689903
1.804555
1.813744
1.757878
1.857081
1.684799
1.726344
1.723767
1.621065
1.802499
1.834564
1.791489
1.836343
1.752917
1.740972
1.752549
1.755311
1.837092
1.695003
1.663735
1.783802
1.725277
1.680876
1.656834
1.698959
1.681745
1.703607
1.787037
1.628881
1.749197
1.720603
1.593904
1.672505
1.666589
1.650896
1.681765
1.643172
1.608822
1.568906
1.633559
1.703165
1.570092
1.814289
1.789179
1.615202
1.774905
1.550383
1.679876
1.692246
1.628068
1.843913
1.742885
1.679571
1.794087
1.624715
1.611211
1.590282
1.634531
1.613190
1.565391
1.604758
1.785422
1.629406
1.594606
1.834350
1.729594
1.625763
1.626566
1.806768
1.605841
1.736725
1.687863
1.727018
1.692390
1.613283
1.476580
1.645390
1.611845
1.702973
1.638479
1.604205
1.632779
1.723423
1.766542
1.648582
1.531291
1.688354
1.682870
1.597330
1.618005
1.593872
1.629620
1.690443
1.532409
1.751337
1.736157
1.632530
1.675874
1.637037
1.550816
1.612639
1.611861
1.484681
1.579456
1.659005
1.621956
1.581793
1.680089
1.625706
1.559797
1.592474
1.567028
1.540440
1.606795
1.582262
1.560212
1.640791
1.744786
1.632293
1.489691
1.599177
1.698385
1.624063
1.520051
1.589244
1.531812
1.574504
1.572803
1.596917
1.645999
1.686906
1.679541
1.581421
1.633690
1.642414
1.660089
1.624004
1.572301
1.597984
1.524606
1.535562
1.612813
1.553736
1.583034
1.583702
1.464253
1.568958
1.686437
1.544360
1.705243
1.429551
1.564130
1.650370
1.579241
1.530127
1.570984
1.612282
1.552127
1.457630
1.655368
1.612544
1.468936
1.542838
1.378286
1.493787
1.459056
1.831193
1.630594
1.487400
1.554440
1.594043
1.617947
1.630137
1.545943
1.664565
1.532252
1.634546
1.489069
1.405855
1.577120
1.622794
1.597689
1.432536
1.477726
1.430237
1.476297
1.343349
1.394181
1.346602
1.521652
1.367170
1.308104
1.471005
1.478923
1.502579
1.522563
1.607054
1.692079
1.332958
1.763898
1.449924
1.410946
1.382145
1.476188
1.466389
1.493770
1.442690
1.419236
1.539286
1.482501
1.589731
1.288867
1.500972
1.363624
1.501682
1.434579
1.571419
1.487790
1.671387
1.440325
1.497712
1.492423
1.414313
1.359718
1.695670
1.446327
1.572791
1.388914
1.621125
1.567178
1.463413
1.459639
1.433906
1.507497
1.437816
1.529127
1.506171
1.272441
1.523002
1.349861
1.555210
1.375123
1.454331
1.433292
1.548759
1.550750
1.429107
1.588367
1.557925
1.544421
1.389767
1.483442
1.426583
1.436840
1.394348
1.546707
1.501814
1.315860
1.393708
1.405945
1.255988
1.288141
1.402440
1.275360
1.336335
1.497640
1.397156
1.357116
1.349151
1.510201
1.379914
1.560273
1.385032
1.495094
1.539426
1.458696
1.505950
1.513476
1.454331
1.306073
1.315627
1.368561
1.265883
1.371383
1.409057
1.279059
1.450478
1.436552
1.376947
1.254255
1.442750
1.374012
1.407920
1.574097
1.307791
1.609457
1.418983
1.306955
1.373920
1.345654
1.286818
1.391437
1.355877
1.388359
1.263355
1.254633
1.488346
1.225507
1.363215
1.443854
1.466486
1.620109
1.297487
1.480487
1.423764
1.314805
1.503878
1.514952
1.331519
1.404718
1.397559
1.379936
1.276085
1.385461
1.275093
1.405834
1.427042
1.330027
1.413823
1.318642
1.291952
1.240916
1.278483
1.474272
1.215460
1.312981
1.240751
1.169140
1.333338
1.405990
1.205451
1.354732
1.246968
1.220063
1.371906
1.338630
1.544697
1.501208
1.151416
1.145914
1.268254
1.235085
1.409254
1.397723
1.267896
1.204424
1.215395
1.379253
1.270525
1.412753
1.407482
1.610186
1.299572
1.377974
1.233592
1.339815
1.301141
1.405936
1.503160
1.338077
1.603510
1.284637
1.233889
1.256065
1.243147
1.295965
1.283532
1.458498
1.206541
1.357659
1.429113
1.243720
1.126071
1.435847
1.179566
1.308612
1.274962
1.268450
1.229969
1.183721
1.128642
1.212805
1.267937
1.444922
1.296634
1.336975
1.214066
1.321720
1.271911
1.331226
1.263839
1.321134
1.069422
1.315585
1.100751
1.136792
1.220695
1.258783
1.145451
1.180319
1.184451
1.176766
1.217797
1.225913
1.330614
1.250512
1.105990
1.303431
1.439778
1.168984
1.219708
1.270897
1.390168
1.299112
1.229696
1.189655
1.239580
1.145450
1.088364
1.347157
1.098224
1.249384
1.212481
1.230197
1.306131
1.167195
1.090205
1.104952
1.068601
1.269816
1.219317
1.086507
1.122173
1.395355
1.202579
1.212780
1.243249
1.132027
1.395217
1.256258
1.104357
1.268154
1.491597
1.188001
1.197748
1.271782
1.217378
1.234103
1.198844
1.147165
1.091096
1.284752
1.074055
1.162775
1.210938
1.300128
1.246344
1.282950
1.207715
1.210832
1.309672
1.135025
1.141024
1.116358
1.097512
1.292732
1.106407
1.173884
1.190304
1.099003
1.061647
1.214085
1.269383
1.227202
1.139884
0.981498
1.146636
1.262437
1.142067
1.442121
1.109776
1.078450
1.238966
1.127900
1.173541
1.243521
1.112397
1.211816
1.182525
1.175636
1.094480
1.020939
1.146760
1.160434
0.948738
1.278976
1.315887
1.266108
1.206500
0.972078
1.177131
1.069589
1.221292
1.129303
1.200890
1.095863
1.137652
1.115479
1.152057
0.821004
1.209414
1.003239
1.094645
0.931824
1.080357
0.953957
1.147137
1.322547
1.197381
1.059560
1.026992
1.105304
1.116173
1.127614
1.192911
1.082862
1.190472
1.037553
0.994169
1.109442
1.142585
1.113184
1.032130
1.024835
1.472053
1.143765
1.148695
1.070538
1.099168
1.041801
0.998585
0.939330
1.160676
1.258002
1.115743
1.027649
1.089667
1.188745
0.981719
0.940918
1.070626
1.319264
1.222886
1.182828
0.989414
1.058080
0.939121
0.978065
1.058826
1.142061
1.016510
1.094255
1.057850
1.175664
1.233131
1.055095
0.874502
1.062856
0.923220
0.962275
1.068958
1.045408
1.161565
0.934433
0.997310
0.957015
1.105147
1.099876
1.054118
1.208986
1.077913
1.030557
1.035675
0.877115
1.032433
1.148660
1.137008
0.989563
0.909045
0.768683
0.925034
0.870276
0.990799
1.026367
0.925133
1.089312
1.128628
1.085309
1.099297
0.989122
0.971168
0.985111
1.085829
0.960323
1.054296
1.010808
0.998398
1.088570
1.023592
0.974262
0.923221
0.965860
0.859289
1.019164
1.017051
1.221154
1.355056
1.111481
1.185874
0.957311
1.077879
0.989689
1.080782
1.065786
1.044542
1.002913
0.976134
0.993355
0.924775
1.035372
0.995691
1.368982
0.930750
0.895991
0.909756
1.044841
1.077744
1.021591
1.060500
1.015501
1.044906
0.866379
1.068470
0.839778
1.143820
1.095477
1.079858
0.914801
0.877804
1.028644
0.888855
1.104268
0.980033
1.142037
1.227111
0.923926
1.070743
0.905948
0.925751
0.939442
0.886470
0.972256
0.947382
0.833079
0.977656
1.260223
0.974559
0.934690
1.029647
1.066840
0.742431
0.847457
1.152542
0.967993
1.159546
1.040911
0.966379
1.099123
1.000786
1.094655
1.030513
1.023870
0.820927
0.973372
0.909433
1.098196
0.881665
0.897947
0.863141
1.014866
0.934352
0.912577
0.937898
1.224728
0.997479
1.049038
0.981532
0.775497
1.047540
0.943612
1.082092
1.008589
0.866599
0.867549
1.087021
0.755876
1.116268
1.022020
0.996395
1.020109
0.787796
0.967808
0.949917
0.915620
1.048725
1.021059
1.025841
0.874192
0.955574
0.802700
0.885574
1.018504
0.872163
0.900891
0.872040
0.948554
0.861945
0.929217
0.945626
1.012488
0.966057
1.109758
0.844567
1.132418
1.019457
0.843592
1.041817
0.946870
1.003991
0.937983
0.863269
0.895336
0.983180
0.860365
1.018979
0.789248
0.954244
1.025550
0.984962
0.922725
1.000522
0.807127
1.097081
0.870103
0.921027
0.875949
0.803951
0.989666
0.766141
0.957499
0.929855
0.888770
0.959088
1.059026
0.907773
0.838826
0.969564
0.858727
0.915717
0.822922
0.937557
0.958122
0.952325
0.993629
1.069269
0.873394
0.906956
0.761290
0.839295
0.731721
0.847219
0.966147
0.836743
0.953920
0.934846
0.755209
0.944190
1.106284
1.083232
0.939887
1.059743
0.962117
0.888457
0.929910
1.089260
0.832004
0.857340
0.879310
0.875696
1.008760
0.887880
0.829549
0.920363
0.990818
1.020596
0.881540
0.869101
0.823825
0.806829
0.789315
0.986932
0.902608
0.883307
0.899134
0.794091
0.931015
0.844061
0.864540
0.868179
0.992948
0.727057
0.952829
1.103096
0.867374
0.935125
0.791091
0.997344
0.852252
0.932051
0.911225
0.951772
1.091614
0.755894
0.857266
1.034415
0.862901
0.828635
0.887926
0.981347
0.827785
0.779603
0.925288
0.953874
0.787720
1.102438
1.011792
1.026504
0.774844
0.794751
0.816976
0.733137
0.884629
1.035201
0.906037
0.922403
0.911996
0.862011
0.947684
1.067268
0.906078
1.057602
0.813640
0.989040
0.792796
0.812831
1.018032
0.980273
0.911025
0.870259
0.725418
0.902275
0.766517
0.835444
0.722398
1.126826
0.795194
0.829400
0.985469
1.134590
0.763500
0.876923
0.920909
0.819427
0.978476
0.925316
0.923381
0.899419
0.857954
0.878702
0.891560
0.808602
0.926246
0.823027
0.839886
0.865673
0.756664
0.832314
0.780183
0.893713
0.906337
0.718704
0.755529
0.793422
0.873626
0.961008
0.732692
0.817537
0.923822
0.770711
0.811543
0.850298
0.717551
0.826847
0.760653
0.897746
0.725892
0.879012
0.949135
0.873741
0.896539
0.727403
0.830080
0.790831
0.970263
0.654031
0.761524
0.966563
0.673103
0.875857
1.053979
0.831729
0.761065
0.972440
0.803605
0.896917
0.889950
0.830602
0.933879
0.961219
0.821017
0.965248
0.987795
0.906232
0.783256
0.812725
0.769411
0.876123
0.867097
0.831015
0.794248
0.709722
0.823251
0.897656
0.876389
0.761821
0.782955
0.866036
0.827442
0.862091
0.737548
0.634899
0.729388
0.722069
0.775314
0.736899
0.891912
0.755320
0.808460
0.757250
0.581477
0.750191
0.890048
0.585466
0.762297
0.738339
0.708255
0.797133
0.740273
0.806532
0.751067
0.705875
0.650302
0.901103
0.923805
0.834242
0.733651
0.834332
0.677807
0.706383
0.805103
0.715924
0.657845
0.790003
0.885071
0.689645
0.904580
0.873970
0.711953
0.819067
0.735905
0.784814
0.739760
0.913093
0.921179
0.674753
0.826301
0.809597
0.719313
0.656810
0.780024
0.665679
0.678630
0.834449
0.778413
0.806171
0.620742
0.707444
0.720840
0.822291
0.867987
0.964083
0.805385
0.856049
0.965603
0.687072
0.748683
1.001226
0.810622
0.866753
0.862952
0.723505
0.744118
0.829198
0.652202
0.796324
0.784677
0.849786
0.624870
1.005116
0.534537
0.692093
0.719175
0.823010
0.689077
0.735320
0.803098
0.744095
0.877992
0.886321
0.828998
0.793090
0.736990
0.626287
0.759364
0.850837
0.821303
0.703297
0.801690
0.847675
0.826907
0.890085
1.015030
0.670702
0.546913
0.907465
0.619816
0.711663
0.913031
0.829181
0.640803
0.788985
0.615135
0.698076
0.942720
0.698225
0.632478
0.839140
0.561591
0.789618
0.775617
0.843650
0.655455
0.616056
0.864903
0.927975
0.768180
0.862799
0.873000
0.753840
0.785224
0.719028
0.722212
0.745415
0.818409
0.663823
0.673825
0.759133
0.850268
1.041518
0.700170
0.689825
0.703050
0.700467
0.767354
0.590008
0.733078
0.732769
0.797001
0.622189
0.967409
0.906107
0.616737
0.807232
0.669156
0.686400
0.783005
0.818371
0.678210
0.809012
0.834165
0.711251
0.716973
0.678223
0.670349
0.750938
0.753050
0.847357
0.700526
0.598582
0.674834
0.556411
0.699492
0.750601
0.538153
0.885080
0.790286
0.628617
0.916233
0.769964
0.668236
0.666547
0.687679
0.490870
0.611543
0.763797
0.637004
0.941127
0.500858
0.762662
0.706862
0.537182
0.622929
0.751146
0.845160
0.693660
0.870501
0.769561
0.868436
0.839482
0.734289
0.754053
0.700638
0.767321
0.690560
0.719042
0.573003
0.570215
0.615253
0.660848
0.671547
0.766233
0.756450
0.806875
0.759146
0.729240
0.837159
0.816101
0.555524
0.745449
0.753511
0.687733
0.709184
0.821764
0.749342
0.705922
0.857775
0.723420
0.845175
0.814980
0.810747
0.729971
0.704771
0.617289
0.707488
0.742413
0.633981
0.812012
0.842890
0.615660
0.753766
0.733090
0.715510
0.657254
0.865083
0.796549
0.873988
0.692641
0.717202
0.688650
0.656262
0.796449
0.527793
0.746319
0.667762
0.662700
0.579887
0.760732
0.701079
0.816048
0.585840
0.711699
0.681017
0.765498
1.031612
0.847754
0.850348
0.973238
0.607449
0.651314
0.738603
0.868984
0.791820
0.739253
0.774518
0.751410
0.605743
0.680258
0.578322
0.923539
0.806478
0.778807
0.695030
0.838638
0.562163
0.650191
0.660401
0.843899
0.640463
0.611871
0.822333
0.628852
0.697447
0.883981
0.687747
0.743713
0.673047
0.520608
0.667765
0.590797
0.784254
0.809840
0.801134
0.672757
0.907651
0.705299
0.853866
0.699850
0.757585
0.712086
0.778605
0.698062
0.719285
0.775825
0.780077
0.660821
0.927973
0.757049
0.751051
0.684101
0.672808
0.601653
0.864957
0.864692
0.736718
0.737008
0.627204
0.654189
0.718769
0.567291
0.735741
0.635560
0.674616
0.663051
0.666174
0.544501
0.929503
0.816705
0.626049
0.805679
0.736976
0.707701
0.655791
0.547177
0.638597
0.642711
0.881539
0.826712
0.785740
0.592076
0.640958
0.863437
0.537971
0.744127
0.517974
0.805177
0.704537
0.646092
0.645515
0.745686
0.712432
0.858247
0.527632
0.683750
0.653240
0.630028
0.790741
0.596616
0.707616
0.560767
0.621495
0.721430
0.657195
0.675963
0.670814
0.698610
0.936271
0.725109
0.661792
0.747468
0.750665
0.663034
0.659132
0.822296
0.788218
0.746021
0.843676
0.879690
0.500911
0.690095
0.513874
0.803307
0.695238
0.690078
0.663354
0.480969
0.655626
0.542998
0.537405
0.645877
0.580123
0.717964
0.576282
0.612518
0.589648
0.619602
0.563805
0.680073
0.480246
0.689423
0.450421
0.617472
0.632780
0.793840
0.444854
0.647777
0.618906
0.461306
0.779312
0.645636
0.645743
0.606634
0.736100
0.621068
0.670849
0.606192
0.517861
0.484322
0.517328
0.493037
0.785143
0.611991
0.566537
0.535109
0.573917
0.543335
0.632853
0.752127
0.633756
0.864886
0.608427
0.658392
0.651326
0.628114
0.601726
0.651296
0.636936
0.548971
0.539580
0.428383
0.656393
0.522713
0.758888
0.623791
0.608316
0.579792
0.712203
0.850622
0.523322
0.499173
0.492887
0.547166
0.643150
0.809070
0.517739
0.669029
0.539402
0.605668
0.732038
0.681793
0.553123
0.583088
0.467092
0.756370
0.664394
0.610524
0.709703
0.581698
0.638140
0.619438
0.464932
0.574688
0.723599
0.548799
0.701046
0.789853
0.623108
0.625922
0.491864
0.683813
0.612066
0.672683
0.624081
0.690684
0.556266
0.667852
0.571226
0.506799
0.806013
0.517323
0.616421
0.502910
0.758854
0.598742
0.768461
0.526542
0.569507
0.760257
0.557639
0.509816
0.602763
0.457970
0.506350
0.574059
0.545050
0.520125
0.655427
0.744834
0.676766
0.553504
0.630466
0.593791
0.535265
0.544752
0.493527
0.642665
0.597846
0.633920
0.675034
0.440922
0.475569
0.630870
0.565112
0.572013
0.478772
0.571708
0.638605
0.632427
0.457329
0.551657
0.568297
0.669860
0.545944
0.743843
0.559487
0.616374
0.473009
0.589969
0.461245
0.401741
0.508452
0.527138
0.660425
0.493612
0.705014
0.588159
0.750116
0.720481
0.455492
0.680057
0.836961
0.539858
0.506560
0.629584
0.573638
0.725174
0.611909
0.627156
0.666875
0.755525
0.728691
0.483664
0.658886
0.700239
0.621268
0.535763
0.489378
0.586952
0.614928
0.583668
0.636244
0.554679
0.497932
0.676031
0.553798
0.712485
0.570066
0.523678
0.623382
0.684168
0.685255
0.548229
0.597287
0.609954
0.673334
0.497838
0.583740
0.466159
0.590825
0.574650
0.657360
0.599104
0.627437
0.526911
0.521867
0.526157
0.656172
0.620596
0.603163
0.577933
0.532590
0.638889
0.636961
0.820319
0.787547
0.560415
0.501343
0.477188
0.510920
0.588058
0.576474
0.844736
0.711507
0.662486
0.603768
0.558503
0.530580
0.559528
0.506944
0.580143
0.572531
0.571814
0.475861
0.584689
0.751856
0.570341
0.671929
0.653476
0.638787
0.445928
0.645840
0.542408
0.665515
0.595721
0.576210
0.637571
0.658457
0.479688
0.651419
0.427744
0.686240
0.553087
0.540799
0.643730
0.597282
0.660490
0.688869
0.713122
0.621940
0.505022
0.617828
0.533116
0.420880
0.656034
0.634735
0.652613
0.578809
0.850178
0.501768
0.858282
0.649548
0.704393
0.595832
0.531444
0.569203
0.512134
0.514656
0.519524
0.578790
0.603166
0.510492
0.600755
0.552624
0.481865
0.554652
0.594479
0.684073
0.578200
0.544196
0.555625
0.520497
0.696895
0.459562
0.531200
0.508347
0.416232
0.533208
0.668938
0.513548
0.480582
0.432640
0.824041
0.750513
0.740862
0.488609
0.572142
0.722159
0.574716
0.427503
0.451605
0.726160
0.606277
0.561003
0.608896
0.658490
0.610986
0.625443
0.685022
0.558804
0.521023
0.525941
0.652275
0.646458
0.577919
0.697426
0.572919
0.559844
0.558387
0.562788
0.450650
0.570308
0.618527
0.689432
0.622540
0.595998
0.549769
0.645190
0.548042
0.785758
0.634774
0.476708
0.591745
0.532460
0.551040
0.415902
0.554601
0.503863
0.549897
0.404113
0.646751
0.518110
0.714351
0.680076
0.660956
0.564694
0.517243
0.520681
0.596575
0.581902
0.476076
0.612436
0.683074
0.611527
0.624813
0.528097
0.518789
0.786900
0.797422
0.600999
0.540235
0.654549
0.540534
0.563075
0.617870
0.497891
0.551251
0.707403
0.533816
0.447260
0.574130
0.569379
0.706674
0.356452
0.635702
0.571364
0.546023
0.403693
0.440046
0.470776
0.481288
0.466638
0.348188
0.373340
0.405077
0.415045
0.393264
0.427399
0.463219
0.385992
0.342403
0.302642
0.400321
0.383208
0.331099
0.463032
0.512923
0.350148
0.370066
0.564212
0.399231
0.602977
0.649851
0.411805
0.571992
0.419668
0.395967
0.617077
0.626569
0.322778
0.409998
0.701377
0.570579
0.357279
0.538254
0.560540
0.529052
0.380326
0.467949
0.675376
0.474355
0.680105
0.476630
0.571963
0.560498
0.513428
0.501374
0.833624
0.337700
0.542642
0.303817
0.468877
0.524156
0.459332
0.443342
0.608291
0.552294
0.518946
0.578632
0.707184
0.454401
0.469494
0.476388
0.523249
0.567348
0.585562
0.317889
0.585586
0.403339
0.417166
0.370400
0.431903
0.483513
0.529109
0.371045
0.482389
0.538891
0.357011
0.492444
0.465625
0.649414
0.440643
0.346576
0.366319
0.448680
0.519155
0.429646
0.735316
0.527697
0.527619
0.401185
0.637751
0.363932
0.452750
0.448408
0.394164
0.753975
0.561833
0.387313
0.570747
0.424390
0.588867
0.547450
0.506371
0.549394
0.529510
0.542180
0.532430
0.554508
0.504382
0.502689
0.502860
0.503250
0.459102
0.459020
0.616996
0.487110
0.518812
0.448077
0.441702
0.564388
0.575042
0.543554
0.446517
0.485565
0.512866
0.491357
0.496744
0.487421
0.506700
0.496691
0.512430
0.603043
0.511125
0.625217
0.520416
0.595565
0.453668
0.532864
0.337621
0.558366
0.455392
0.438867
0.636449
0.403934
0.492569
0.569516
0.377250
0.414152
0.384720
0.547181
0.462101
0.555541
0.611791
0.492549
0.546153
0.430305
0.366759
0.617581
0.423445
0.600881
0.410039
0.479644
0.629928
0.527222
0.395252
0.488136
0.328289
0.587616
0.546925
0.461371
0.452609
0.456787
0.469999
0.450508
0.431089
0.483135
0.593577
0.623676
0.478972
0.425070
0.551590
0.529673
0.512529
0.458952
0.397207
0.474077
0.422971
0.380500
0.537183
0.409392
0.555555
0.618806
0.448622
0.656302
0.464918
0.513524
0.560098
0.448064
0.563170
0.392916
0.375925
0.608734
0.495602
0.392667
0.473641
0.591242
0.546999
0.490063
0.575010
0.451546
0.396568
0.451639
0.432482
0.435137
0.542038
0.611061
0.557734
0.552477
0.442538
0.516813
0.420566
0.531146
0.551601
0.503884
0.597842
0.387909
0.538290
0.486189
0.308823
0.443655
0.309556
0.397349
0.663967
0.540735
0.362455
0.586239
0.543974
0.371829
0.646872
0.498189
0.467588
0.466351
0.505352
0.480409
0.571003
0.377819
0.620759
0.569934
0.463011
0.548723
0.505284
0.568902
0.487473
0.500956
0.327380
0.412919
0.384624
0.441145
0.438692
0.414581
0.430817
0.562876
0.387702
0.328002
0.323334
0.498316
0.379498
0.589723
0.449692
0.567295
0.487368
0.407311
0.457794
0.527159
0.563029
0.556935
0.423569
0.405931
0.385163
0.692694
0.442786
0.565786
0.510919
0.474290
0.586555
0.434706
0.338937
0.473631
0.463943
0.387673
0.611501
0.455001
0.519879
0.533426
0.488118
0.493465
0.578498
0.520217
0.363318
0.531996
0.449397
0.544491
0.502607
0.641290
0.468827
0.512433
0.431931
0.450917
0.574296
0.623067
0.566264
0.493314
0.564634
0.588242
0.535822
0.410632
0.548215
0.443776
0.558210
0.421534
0.477152
0.539703
0.403767
0.491797
0.488189
0.423502
0.592292
0.534757
0.495037
0.477655
0.584457
0.432602
0.492053
0.454446
0.593403
0.347785
0.457804
0.672065
0.620350
0.400687
0.473171
0.598489
0.365993
0.626082
0.458699
0.456250
0.591153
0.644832
0.521586
0.585735
0.448365
0.662822
0.423527
0.364268
0.431049
0.627024
0.363246
0.516509
0.505530
0.435700
0.762748
0.413202
0.460237
0.418426
0.553301
0.361518
0.487567
0.292095
0.575960
0.503298
0.480418
0.598343
0.389741
0.457429
0.475603
0.481399
0.479286
0.601051
0.360467
0.362786
0.419679
0.617013
0.367524
0.423396
0.510728
0.407709
0.383146
0.318338
0.446675
0.272486
0.247381
0.272783
0.458513
0.316396
0.341242
0.417618
0.422408
0.457659
0.275737
0.457838
0.342297
0.272067
0.406924
0.406968
0.341047
0.602735
0.333620
0.422332
0.359223
0.305980
0.294568
0.282016
0.509567
0.262051
0.375067
0.313941
0.462041
0.307855
0.279503
0.435700
0.602125
0.348765
0.433712
0.382993
0.370253
0.289352
0.207711
0.472951
0.428174
0.309858
0.430759
0.384150
0.326514
0.304860
0.322934
0.434266
0.327237
0.701868
0.417042
0.500923
0.428467
0.377250
0.335907
0.384625
0.351102
0.334559
0.258230
0.324460
0.559267
0.325490
0.340405
0.456546
0.515365
0.362195
0.366990
0.384159
0.401357
0.403264
0.539285
0.454653
0.469833
0.491451
0.639762
0.353878
0.395418
0.425415
0.440585
0.505436
0.418759
0.360562
0.381418
0.584565
0.460486
0.435513
0.407148
0.378972
0.467578
0.307492
0.521437
0.274187
0.462875
0.299858
0.328755
0.281941
0.304478
0.267130
0.343582
0.436739
0.332275
0.419698
0.431065
0.512496
0.508158
0.483044
0.386920
0.423487
0.418846
0.256722
0.212370
0.236208
0.291104
0.370711
0.486512
0.383843
0.393584
0.460407
0.572826
0.425141
0.440750
0.354454
0.447232
0.299606
0.422445
0.402855
0.430719
0.466636
0.275250
0.466624
0.400229
0.328362
0.356540
0.342412
0.362869
0.559507
0.461075
0.316292
0.405477
0.462649
0.411321
0.322311
0.311506
0.395716
0.446560
0.633496
0.476971
0.321669
0.386589
0.342562
0.385376
0.474063
0.339258
0.298109
0.398814
0.304432
0.328292
0.558557
0.409040
0.420459
0.396678
0.440129
0.372814
0.321378
0.555814
0.444725
0.365073
0.348298
0.303803
0.326553
0.331499
0.375347
0.389584
0.368758
0.292292
0.388906
0.344498
0.366400
0.320299
0.433093
0.364966
0.292072
0.428627
0.302245
0.314687
0.341312
0.324936
0.496210
0.464486
0.288679
0.370253
0.400197
0.340049
0.477405
0.459200
0.588348
0.393220
0.474554
0.299491
0.424104
0.364702
0.606092
0.294390
0.541203
0.456244
0.359712
0.390276
0.521976
0.283245
0.371663
0.287455
0.441237
0.233021
0.387128
0.358757
0.434791
0.495795
0.351440
0.323392
0.381598
0.445396
0.381909
0.532040
0.398815
0.394139
0.406637
0.429273
0.353715
0.329783
0.379684
0.392257
0.449030
0.355295
0.253202
0.233577
0.352133
0.471926
0.294009
0.380541
0.282335
0.292894
0.293001
0.385966
0.522638
0.356437
0.448406
0.510004
0.539712
0.462929
0.713506
0.407394
0.455540
0.409187
0.357334
0.458486
0.515848
0.350712
0.260003
0.631173
0.432794
0.526319
0.448877
0.481954
0.498109
0.460290
0.406005
0.476544
0.439636
0.469065
0.395459
0.348471
0.453507
0.441147
0.445870
0.357356
0.390458
0.355675
0.506995
0.323493
0.353977
0.359088
0.503727
0.432548
0.455715
0.534767
0.311536
0.338291
0.583434
0.383953
0.415689
0.619306
0.462458
0.458016
0.363430
0.478176
0.388267
0.372966
0.407337
0.288454
0.330756
0.508002
0.405911
0.381846
0.250962
0.471761
0.432287
0.389678
0.438521
0.437788
0.451032
0.364252
0.504134
0.580354
0.422100
0.510716
0.345422
0.339249
0.500366
0.388753
0.664611
0.487865
0.413392
0.378492
0.326284
0.361081
0.452887
0.287573
0.432056
0.502434
0.517381
0.527658
0.425221
0.382973
0.266389
0.392289
0.425950
0.446586
0.377460
0.380489
0.395132
0.354807
0.539825
0.348332
0.359232
0.344442
0.272765
0.333301
0.405402
0.380844
0.339612
0.382794
0.410124
0.377935
0.606237
0.377007
0.475442
0.459539
0.480517
0.557126
0.495516
0.361537
0.452740
0.398707
0.445022
0.506693
0.392586
0.349409
0.331836
0.462681
0.414581
0.603534
0.343032
0.432515
0.445673
0.345483
0.368000
0.492925
0.341863
0.379131
0.489578
0.387511
0.434407
0.395142
0.376533
0.574859
0.539371
0.220983
0.288581
0.327169
0.294488
0.303837
0.237086
0.286149
0.303865
0.267452
0.201395
0.202419
0.196935
0.210469
0.163755
0.230086
0.285038
0.211640
0.293989
0.255051
0.215171
0.246115
0.347596
0.210724
0.261671
0.402637
0.296062
0.286125
0.329565
0.460856
0.194470
0.206164
0.257398
0.303982
0.352266
0.261671
0.216097
0.289023
0.296347
0.207658
0.304484
0.280346
0.322176
0.270578
0.330727
0.310026
0.261607
0.196756
0.346469
0.312368
0.317616
0.345986
0.301554
0.316618
0.249726
0.299897
0.242671
0.209092
0.281936
0.281537
0.324754
0.315860
0.623368
0.400968
0.333346
0.239802
0.369709
0.314003
0.237425
0.295181
0.289730
0.373290
0.266771
0.308778
0.304332
0.324810
0.428143
0.393134
0.235349
0.351664
0.289726
0.296398
0.345295
0.365967
0.170813
0.418696
0.244893
0.381706
0.162638
0.178172
0.321148
0.209997
0.526836
0.200535
0.389210
0.338415
0.212183
0.278975
0.438928
0.378732
0.343356
0.322192
0.207005
0.364522
0.314621
0.263496
0.420653
0.250653
0.436426
0.217388
0.327657
0.319127
0.365573
0.466059
0.302681
0.476167
0.324153
0.473436
0.378912
0.444145
0.433996
0.475741
0.394262
0.322579
0.276713
0.328702
0.338625
0.301825
0.322895
0.264113
0.317678
0.373903
0.410484
0.238311
0.394500
0.356782
0.241822
0.455485
0.314337
0.241869
0.153006
0.367033
0.298100
0.367909
0.373855
0.378771
0.530548
0.261757
0.386514
0.269442
0.375448
0.254999
0.328702
0.318165
0.218009
0.361559
0.359251
0.327165
0.249117
0.382510
0.344883
0.311049
0.341300
0.320226
0.336928
0.338368
0.381974
0.346459
0.394589
0.264428
0.312878
0.247642
0.357690
0.385427
0.335567
0.266671
0.318970
0.251059
0.343660
0.312910
0.271701
0.259837
0.197903
0.466069
0.233280
0.298967
0.156795
0.443782
0.250538
0.361145
0.260136
0.302101
0.422606
0.490287
0.250354
0.348650
0.437666
0.454493
0.368066
0.261179
0.328598
0.323882
0.293294
0.247302
0.477186
0.337487
0.337021
0.245056
0.513202
0.323135
0.321239
0.258263
0.291174
0.320220
0.326658
0.394537
0.375008
0.257510
0.292822
0.198612
0.321805
0.278387
0.238975
0.344432
0.345569
0.292891
0.320212
0.438017
0.205376
0.381306
0.235087
0.258182
0.187742
0.280332
0.365861
0.201223
0.383033
0.302994
0.233948
0.368690
0.269934
0.262242
0.293980
0.378193
0.275344
0.338823
0.321322
0.246024
0.281075
0.255218
0.429900
0.416204
0.383718
0.241833
0.212199
0.253882
0.351416
0.275169
0.453589
0.296935
0.346636
0.374610
0.371125
0.424299
0.390150
0.342633
0.344714
0.351222
0.218113
0.448123
0.410497
0.270681
0.295585
0.448438
0.279213
0.461048
0.222425
0.425897
0.356650
0.235751
0.401369
0.229213
0.340527
0.372927
0.282699
0.298698
0.344652
0.411647
0.436430
0.311025
0.340691
0.333837
0.262640
0.326322
0.384205
0.458356
0.374946
0.286235
0.354938
0.487208
0.267691
0.346176
0.334337
0.379706
0.292566
0.277572
0.282210
0.348576
0.242209
0.237937
0.353228
0.253999
0.354207
0.327596
0.191648
0.491275
0.402017
0.250269
0.396106
0.400801
0.347738
0.366838
0.274878
0.182149
0.337373
0.350194
0.398452
0.349676
0.406025
0.306251
0.198964
0.289568
0.287888
0.403335
0.275628
0.386955
0.301392
0.316897
0.237212
0.300086
0.199338
0.303562
0.330861
0.481734
0.497161
0.393071
0.356793
0.406864
0.409265
0.387103
0.341769
0.319123
0.357653
0.276520
0.408825
0.298136
0.413805
0.230631
0.201581
0.272632
0.349139
0.261309
0.257657
0.385197
0.392570
0.205882
0.245969
0.269214
0.300626
0.363350
0.330853
0.413951
0.264389
0.280250
0.359240
0.345095
0.251774
0.300342
0.195544
0.392020
0.389235
0.355943
0.287362
0.244371
0.339272
0.239731
0.397344
0.348007
0.326558
0.276440
0.204683
0.348046
0.200760
0.335654
0.240456
0.237118
0.177230
0.203472
0.187950
0.214559
0.213851
0.199440
0.175093
0.128909
0.277623
0.273339
0.268004
0.214914
0.204244
0.159602
0.206065
0.386068
0.094501
0.178492
0.185944
0.246409
0.231132
0.122114
0.218666
0.195140
0.222264
0.270822
0.355439
0.287466
0.242717
0.215156
0.225051
0.263832
0.269999
0.363774
0.234685
0.200864
0.316317
0.315217
0.267749
0.255032
0.270911
0.279182
0.251567
0.421991
0.172443
0.225415
0.190580
0.330540
0.203801
0.301408
0.187535
0.281404
0.216340
0.309597
0.352442
0.258733
0.286268
0.310372
0.289568
0.140699
0.331142
0.311335
0.271906
0.179888
0.246000
0.143751
0.203847
0.186623
0.151221
0.166389
0.196719
0.191951
0.202336
0.101719
0.200383
0.229436
0.157504
0.208283
0.293798
0.151255
0.253505
0.221989
0.282289
0.345658
0.206721
0.276210
0.217843
0.218143
0.205520
0.256079
0.175225
0.325680
0.296333
0.343124
0.259371
0.200942
0.190744
0.216637
0.390975
0.272591
0.175348
0.266002
0.212294
0.263812
0.142934
0.299972
0.262097
0.294796
0.110536
0.250619
0.143690
0.237081
0.259772
0.243619
0.178985
0.377604
0.211211
0.318103
0.290845
0.262972
0.195758
0.235677
0.257917
0.469329
0.228632
0.259385
0.202550
0.232099
0.183510
0.176015
0.164058
0.261451
0.223733
0.242551
0.328220
0.218109
0.274753
0.207680
0.154093
0.196899
0.242222
0.348107
0.174661
0.321819
0.199945
0.297580
0.265523
0.098180
0.242965
0.202743
0.260304
0.252642
0.145755
0.207759
0.315728
0.170713
0.262373
0.249398
0.229814
0.343562
0.223564
0.321118
0.284800
0.160970
0.262561
0.302356
0.307538
0.313990
0.276704
0.332519
0.300122
0.196694
0.203076
0.221250
0.276596
0.277018
0.366605
0.232524
0.305980
0.187096
0.253766
0.251137
0.378175
0.276390
0.274198
0.196810
0.324601
0.203578
0.327985
0.293408
0.250599
0.302528
0.322512
0.247044
0.404003
0.256363
0.174050
0.129007
0.261503
0.189095
0.462957
0.158912
0.312925
0.253554
0.221712
0.223637
0.295751
0.408480
0.273272
0.284069
0.196238
0.240708
0.288931
0.164254
0.258646
0.163002
0.242924
0.255989
0.228347
0.362981
0.235063
0.315922
0.251476
0.181135
0.236643
0.432787
0.192230
0.176491
0.257051
0.304938
0.275591
0.183851
0.294367
0.199665
0.173299
0.222334
0.406719
0.310683
0.311836
0.208555
0.412673
0.246233
0.304200
0.190907
0.159750
0.228810
0.349203
0.192362
0.206453
0.182132
0.245362
0.307627
0.399591
0.217475
0.302060
0.260478
0.363019
0.230617
0.358320
0.268636
0.445850
0.333508
0.293494
0.232075
0.244638
0.274381
0.169331
0.362681
0.333283
0.365207
0.304725
0.154572
0.232429
0.317853
0.336416
0.302468
0.246165
0.299695
0.379708
0.279541
0.247519
0.212746
0.221116
0.239905
0.246517
0.267473
0.255836
0.409723
0.317808
0.396305
0.263442
0.338188
0.302974
0.254370
0.216025
0.224395
0.311266
0.298853
0.203920
0.450760
0.233070
0.358449
0.178956
0.228862
0.275353
0.214193
0.292188
0.223878
0.257985
0.387130
0.262682
0.164893
0.188363
0.279478
0.434369
0.330403
0.163425
0.352610
0.242507
0.293155
0.264969
0.185602
0.288154
0.256311
0.262158
0.396096
0.206899
0.143721
0.216467
0.212973
0.409786
0.302251
0.265533
0.230925
0.172490
0.334424
0.146123
0.260192
0.361115
0.162997
0.155516
0.240521
0.114895
0.248378
0.206247
0.127545
0.238006
0.231889
0.203356
0.341838
0.297769
0.188246
0.192956
0.185785
0.217465
0.280375
0.210031
0.311491
0.232665
0.228117
0.315235
0.202821
0.240352
0.240363
0.227067
0.182378
0.308591
0.221468
0.173661
0.298972
0.236925
0.281897
0.184950
0.202888
0.372792
0.257547
0.131264
0.297023
0.235686
0.201781
0.229625
0.138686
0.252753
0.233110
0.265751
0.223450
0.221017
0.142583
0.141031
0.158250
0.180703
0.218894
0.098277
0.204518
0.194156
0.201856
0.281374
0.205071
0.107819
0.277119
0.109134
0.183590
0.116638
0.192684
0.128063
0.140492
0.172065
0.112152
0.245203
0.196556
0.139007
0.258636
0.108804
0.180937
0.171934
0.227935
0.180630
0.151066
0.143389
0.047780
0.137181
0.144792
0.200442
0.203828
0.092506
0.193001
0.104540
0.235447
0.132161
0.148634
0.321109
0.142807
0.185823
0.170818
0.221858
0.238002
0.141037
0.285170
0.239387
0.110660
0.118981
0.138997
0.182234
0.153017
0.085707
0.110289
0.204854
0.222251
0.082008
0.105481
0.144174
0.212899
0.116138
0.182518
0.158463
0.122719
0.232833
0.136138
0.157683
0.159979
0.186256
0.105336
0.161656
0.087249
0.209714
0.175279
0.179339
0.131166
0.087957
0.159776
0.130788
0.146069
0.272397
0.186191
0.139652
0.305214
0.273474
0.188274
0.157819
0.283614
0.230766
0.220741
0.151497
0.164425
0.121814
0.208466
0.114339
0.152692
0.135432
0.133689
0.192479
0.094407
0.153027
0.264793
0.166870
0.133437
0.277234
0.181957
0.133594
0.109015
0.209011
0.188479
0.124164
0.247791
0.259473
0.251355
0.278700
0.205612
0.201475
0.282341
0.206384
0.155422
0.218348
0.208216
0.154634
0.292438
0.198936
0.287069
0.213022
0.256987
0.191127
0.174312
0.132526
0.126463
0.219857
0.252999
0.198561
0.219356
0.221979
0.285745
0.212551
0.183285
0.192536
0.180768
0.110172
0.299794
0.132532
0.285540
0.262132
0.232786
0.288920
0.221347
0.211456
0.194087
0.261547
0.231729
0.206296
0.200843
0.262720
0.208180
0.169394
0.200895
0.227447
0.228349
0.236033
0.202908
0.208678
0.360166
0.279888
0.218047
0.110730
0.138942
0.250859
0.234724
0.239448
0.262935
0.255646
0.240915
0.197842
0.243809
0.153788
0.156443
0.286666
0.241569
0.149464
0.362599
0.215034
0.112992
0.122633
0.219730
0.124960
0.181993
0.224562
0.217027
0.148129
0.141198
0.133568
0.264534
0.228897
0.209813
0.229486
0.316800
0.239631
0.139516
0.354007
0.145933
0.129362
0.191280
0.219375
0.181497
0.190271
0.227156
0.139893
0.218898
0.180328
0.192635
0.160148
0.194883
0.276683
0.224847
0.175621
0.150237
0.151024
0.113915
0.228481
0.238485
0.269187
0.190594
0.096869
0.240460
0.296999
0.250916
0.245642
0.215136
0.234623
0.234411
0.158981
0.172253
0.137499
0.201219
0.272148
0.216892
0.269253
0.213898
0.256467
0.256712
0.149077
0.202011
0.284622
0.217101
0.286138
0.212866
0.183559
0.256838
0.127784
0.180555
0.157840
0.196099
0.201075
0.231564
0.170064
0.258092
0.137839
0.203618
0.152097
0.124142
0.136311
0.173463
0.215948
0.093350
0.226119
0.223439
0.190511
0.160464
0.221232
0.181261
0.197472
0.255417
0.192698
0.303947
0.104016
0.095224
0.218616
0.184416
0.197600
0.151082
0.175980
0.286061
0.245229
0.286877
0.129544
0.273347
0.210719
0.178218
0.222872
0.142253
0.234726
0.284662
0.171840
0.175782
0.168473
0.246875
0.165884
0.255245
0.302551
0.228689
0.141797
0.153918
0.251180
0.318024
0.155130
0.222394
0.171315
0.171711
0.242089
0.181267
0.268588
0.203593
0.207774
0.107944
0.225995
0.169488
0.384448
0.235069
0.229831
0.249011
0.179972
0.198510
0.231146
0.271792
0.292465
0.160657
0.183047
0.226021
0.176855
0.330327
0.266331
0.208104
0.194201
0.189730
0.339181
0.203310
0.224396
0.268616
0.178361
0.192042
0.311030
0.284537
0.137941
0.192596
0.239403
0.231537
0.299093
0.216243
0.184863
0.170745
0.227212
0.160872
0.159538
0.118413
0.223974
0.301651
0.304382
0.169651
0.201129
0.140783
0.180249
0.175103
0.157354
0.242108
0.203761
0.160312
0.147907
0.234563
0.254808
0.168674
0.164763
0.139548
0.153864
0.163262
0.209702
0.222524
0.139487
0.074490
0.251776
0.092880
0.105221
0.215061
0.093006
0.115242
0.150900
0.070169
0.219146
0.121171
0.125937
0.092038
0.136725
0.207992
0.104745
0.031030
0.180039
0.049714
0.099642
0.116963
0.188567
0.101538
0.115403
0.125083
0.107241
0.157665
0.070610
0.083102
0.130851
0.205373
0.138864
0.194452
0.086637
0.207927
0.174145
0.102004
0.206649
0.108079
0.086474
0.188927
0.099844
0.113930
0.105939
0.101204
0.080840
0.100290
0.170979
0.154323
0.133463
0.172833
0.469059
0.220738
0.141333
0.126329
0.192374
0.095487
0.131216
0.114389
0.076095
0.312381
0.094690
0.138182
0.096238
0.140494
0.116428
0.058815
0.110499
0.193462
0.318058
0.234481
0.109196
0.261649
0.156593
0.074887
0.198657
0.155249
0.310343
0.070243
0.116288
0.139656
0.249055
0.091070
0.156957
0.174882
0.110607
0.205123
0.104740
0.041071
0.079671
0.148710
0.121229
0.272281
0.222731
0.172777
0.089217
0.123194
0.166356
0.206969
0.112076
0.131940
0.128537
0.099040
0.180293
0.184146
0.177917
0.126932
0.048369
0.200675
0.168457
0.092785
0.113179
0.124566
0.189182
0.117265
0.161033
0.087402
0.147286
0.096370
0.108592
0.218983
0.183484
0.108175
0.152217
0.117180
0.111080
0.180134
0.176516
0.103490
0.090300
0.166307
0.063228
0.224211
0.128876
0.168389
0.264344
0.203991
0.179217
0.118755
0.151072
0.208930
0.188738
0.201082
0.108613
0.251147
0.056570
0.117968
0.110829
0.156713
0.210237
0.198093
0.237303
0.121007
0.044581
0.189375
0.081823
0.080104
0.124363
0.120334
0.144783
0.231995
0.292613
0.286683
0.110720
0.184481
0.198067
0.098022
0.150848
0.119000
0.349856
0.184009
0.173571
0.109877
0.111632
0.221698
0.158228
0.162933
0.117393
0.123226
0.099831
0.221153
0.258322
0.180689
0.097933
0.103872
0.122822
0.161887
0.117679
0.183511
0.247896
0.107550
0.216322
0.090291
0.071009
0.111524
0.117031
0.075298
0.200447
0.167955
0.163301
0.058406
0.127173
0.153509
0.046967
0.101515
0.180324
0.077444
0.199504
0.114316
0.190130
0.091906
0.244456
0.103255
0.159566
0.216419
0.113846
0.118627
0.092484
0.137597
0.153303
0.239008
0.177185
0.198874
0.126936
0.163095
0.162996
0.122696
0.247359
0.166569
0.174156
0.148685
0.170441
0.100881
0.220256
0.188227
0.242559
0.115114
0.131911
0.181451
0.049437
0.133989
0.187465
0.180560
0.089420
0.140092
0.187131
0.189493
0.218441
0.251465
0.118131
0.185060
0.142591
0.230864
0.082378
0.128662
0.112042
0.158097
0.110231
0.155990
0.107355
0.232563
0.095363
0.069695
0.176859
0.141048
0.099819
0.149580
0.165917
0.197913
0.182688
0.155644
0.145030
0.252719
0.122400
0.118613
0.117300
0.110272
0.106854
0.095352
0.145846
0.105575
0.096166
0.299893
0.101860
0.180092
0.061505
0.151065
0.252071
0.214598
0.187642
0.184607
0.116357
0.111010
0.064410
0.266108
0.116873
0.192874
0.244852
0.138262
0.073813
0.233920
0.162111
0.156316
0.114800
0.168312
0.175925
0.108436
0.212099
0.363333
0.189666
0.167521
0.079181
0.247819
0.200202
0.226013
0.185920
0.238796
0.105431
0.229218
0.148844
0.236460
0.203218
0.119982
0.318329
0.291569
0.201341
0.285742
0.133795
0.244899
0.157866
0.152782
0.156714
0.173236
0.445377
0.161248
0.161998
0.180748
0.177916
0.191521
0.184934
0.059835
0.171509
0.140267
0.138741
0.121241
0.107713
0.257821
0.128706
0.166779
0.256106
0.292376
0.149409
0.219367
0.248457
0.216705
0.121685
0.232188
0.106031
0.148592
0.121661
0.147437
0.309927
0.257173
0.129339
0.138740
0.132408
0.203851
0.235755
0.159632
0.138799
0.144335
0.147619
0.092563
0.209730
0.110211
0.226940
0.096485
0.196446
0.130134
0.101921
0.127114
0.178271
0.172000
0.103944
0.132779
0.095878
0.136857
0.105635
0.227098
0.181839
0.299963
0.153336
0.204124
0.093221
0.072258
0.058474
0.059956
0.192572
0.092413
0.098963
0.048260
0.095698
0.213478
0.124566
0.143616
0.190950
0.159064
0.084632
0.093133
0.117711
0.107845
0.189633
0.114897
0.043697
0.119155
0.055010
0.063297
0.055779
0.117013
0.116384
0.133069
0.184229
0.125146
0.106244
0.080187
0.132113
0.105101
0.154470
0.057705
0.127664
0.078929
0.083398
0.096795
0.234165
0.069193
0.144346
0.149815
0.102517
0.160257
0.120319
0.162959
0.050347
0.097764
0.104238
0.131751
0.101248
0.217685
0.116759
0.119165
0.112660
0.043681
0.102533
0.134241
0.157161
0.109653
0.182563
0.160435
0.118914
0.087507
0.077918
0.213050
0.088711
0.091945
0.173194
0.092139
0.062186
0.108006
0.177852
0.129367
0.054478
0.024459
0.057827
0.110119
0.080036
0.084245
0.101166
0.074607
0.309292
0.050567
0.061451
0.111873
0.057449
0.122203
0.124816
0.123350
0.112454
0.245184
0.106051
0.044049
0.046146
0.165437
0.072996
0.207378
0.112420
0.110790
0.154616
0.049402
0.142418
0.323579
0.085224
0.131683
0.160494
0.196621
0.135734
0.114174
0.095837
0.077386
0.083008
0.103883
0.082147
0.115191
0.101440
0.154603
0.212540
0.110437
0.097503
0.087675
0.086020
0.074964
0.111491
0.144178
0.118918
0.084861
0.099601
0.080656
0.163928
0.087365
0.086017
0.151303
0.109923
0.064562
0.165610
0.137571
0.115042
0.031273
0.060147
0.130641
0.063384
0.267890
0.149385
0.141438
0.285642
0.225281
0.051339
0.126039
0.064128
0.338195
0.151792
0.142789
0.109374
0.215508
0.075677
0.172486
0.157630
0.216550
0.220393
0.091715
0.162377
0.086028
0.107688
0.081261
0.152127
0.173524
0.097109
0.055287
0.099622
0.147866
0.143322
0.135932
0.100166
0.123526
0.122497
0.157934
0.089092
0.084770
0.108279
0.125996
0.158136
0.147852
0.094141
0.117223
0.142612
0.143729
0.136583
0.148734
0.140561
0.113004
0.136795
0.213497
0.209621
0.057569
0.132978
0.093635
0.093047
0.110867
0.062379
0.116768
0.175588
0.168754
0.154522
0.134465
0.110655
0.109255
0.113948
0.157848
0.175676
0.120085
0.162120
0.127989
0.057618
0.165828
0.104631
0.198483
0.168160
0.084146
0.082641
0.097658
0.045054
0.223470
0.098036
0.165795
0.100935
0.223944
0.119337
0.064175
0.116247
0.067132
0.100647
0.148857
0.143298
0.144253
0.084371
0.132948
0.082520
0.118482
0.162896
0.105201
0.089517
0.098623
0.286970
0.196646
0.163296
0.199611
0.065134
0.084811
0.101503
0.139855
0.073674
0.260482
0.192545
0.097519
0.155387
0.180643
0.082004
0.138570
0.149901
0.135148
0.080556
0.068389
0.191732
0.161430
0.110868
0.171896
0.079909
0.223537
0.107933
0.138718
0.146937
0.124611
0.140736
0.118215
0.124985
0.105553
0.121547
0.112660
0.138696
0.130815
0.155425
0.114465
0.205197
0.116123
0.266706
0.218508
0.132048
0.090706
0.191408
0.281717
0.191419
0.173309
0.128596
0.228090
0.175565
0.221033
0.179459
0.071743
0.139704
0.079898
0.070304
0.197313
0.115633
0.099311
0.166359
0.187964
0.200953
0.075759
0.183369
0.091606
0.091305
0.108171
0.111521
0.128049
0.088498
0.095999
0.164098
0.117019
0.164874
0.163163
0.112309
0.052023
0.251301
0.143795
0.133045
0.133321
0.075988
0.131025
0.150913
0.084092
0.110303
0.128211
0.170206
0.159682
0.075662
0.119463
0.206895
0.092675
0.118097
0.064172
0.061567
0.159895
0.148604
0.091339
0.133742
0.075397
0.144855
0.240847
0.032864
0.191127
0.106344
0.158293
0.117507
0.199622
0.197488
0.076057
0.113375
0.233713
0.137448
0.059402
0.098439
0.182431
0.174236
0.147440
0.104467
0.162691
0.159811
0.080301
0.188933
0.199705
0.043413
0.120003
0.231176
0.202133
0.073675
0.092879
0.177068
0.089617
0.229192
0.175131
0.162684
0.173122
0.213515
0.158382
0.122049
0.201136
0.209068
0.246733
0.191867
0.145274
0.040034
0.073131
0.058280
0.098498
0.092055
0.170037
0.138477
0.061210
0.161555
0.122843
0.070191
0.065710
0.094628
0.043992
0.116163
0.049909
0.172259
0.048773
0.067026
0.058479
0.038712
0.063407
0.112642
0.042353
0.073042
0.060456
0.061044
0.045605
0.028150
0.061169
0.067977
0.033089
0.117019
0.017370
0.114658
0.027636
0.115965
0.098715
0.082284
0.063389
0.067452
0.106757
0.222320
0.060816
0.098432
0.030519
0.095551
0.056497
0.051063
0.043748
0.067154
0.133084
0.083509
0.168479
0.067745
0.093534
0.057275
0.115915
0.027899
0.084991
0.104638
0.059758
0.106571
0.093764
0.035060
0.028366
0.106039
0.064250
0.112945
0.091515
0.093666
0.081451
0.069415
0.076018
0.070572
0.014652
0.079374
0.037827
0.085525
0.117245
0.218576
0.121039
0.181531
0.037163
0.027537
0.119298
0.062120
0.112242
0.239559
0.050501
0.153601
0.132840
0.078842
0.083381
0.099939
0.078934
0.205373
0.017335
0.117471
0.116617
0.046519
0.157783
0.049409
0.053427
0.119225
0.125667
0.177371
0.116810
0.034439
0.064496
0.079365
0.193388
0.048944
0.121241
0.047484
0.153797
0.053468
0.035689
0.061562
0.100123
0.101871
0.105835
0.119135
0.133526
0.157871
0.072464
0.105901
0.100763
0.031445
0.030120
0.082544
0.095975
0.058627
0.037931
0.082356
0.057848
0.079496
0.086970
0.073527
0.083516
0.094332
0.069120
0.112889
0.131223
0.048179
0.104668
0.127613
0.075089
0.047750
0.099232
0.026027
0.105840
0.106674
0.134570
0.112249
0.161614
0.070982
0.107797
0.086909
0.079124
0.153109
0.163386
0.032845
0.155333
0.077739
0.039988
0.175837
0.199115
0.096349
0.126316
0.026918
0.150551
0.067635
0.072101
0.107311
0.099952
0.063011
0.213858
0.081433
0.117914
0.102764
0.023302
0.140027
0.068068
0.056933
0.163987
0.150086
0.098708
0.036266
0.043310
0.086722
0.123077
0.146867
0.122379
0.137827
0.065930
0.054272
0.042554
0.079741
0.045868
0.187019
0.151724
0.075140
0.236911
0.051096
0.058237
0.076300
0.059745
0.067737
0.109895
0.094871
0.107344
0.063464
0.071396
0.080972
0.097208
0.063423
0.067162
0.089433
0.118051
0.060597
0.075463
0.044527
0.119912
0.089521
0.054418
0.080559
0.093438
0.049928
0.043613
0.077903
0.055602
0.148157
0.170311
0.140351
0.094110
0.128352
0.079174
0.063795
0.108704
0.109141
0.077301
0.062436
0.149276
0.078309
0.096268
0.076365
0.037484
0.122537
0.149639
0.110450
0.172527
0.137342
0.205286
0.059073
0.137815
0.024086
0.099874
0.221415
0.089523
0.162439
0.077281
0.080902
0.126683
0.074112
0.137818
0.083850
0.135265
0.109441
0.091878
0.058993
0.106783
0.134783
0.082400
0.080599
0.215250
0.055897
0.109717
0.139223
0.047408
0.173818
0.149588
0.108490
0.158078
0.171609
0.098487
0.079006
0.091999
0.048162
0.094787
0.097247
0.133965
0.110010
0.178586
0.162949
0.084839
0.077147
0.060325
0.157399
0.087226
0.128168
0.096768
0.076706
0.125705
0.076815
0.062983
0.065476
0.113628
0.181831
0.193639
0.101107
0.105570
0.126600
0.111897
0.237134
0.170520
0.112471
0.050743
0.142448
0.049852
0.149687
0.106385
0.095784
0.088913
0.138279
0.069558
0.145789
0.155134
0.123854
0.035733
0.134419
0.168269
0.083420
0.070788
0.058158
0.123552
0.130020
0.129070
0.116589
0.071049
0.049949
0.045192
0.155793
0.109355
0.032007
0.098942
0.073670
0.157641
0.145526
0.060269
0.053862
0.010804
0.039204
0.096837
0.137950
0.057008
0.084817
0.078099
0.230822
0.113094
0.070710
0.062997
0.068500
0.028196
0.030333
0.218805
0.085989
0.066059
0.094997
0.060862
0.121064
0.146973
0.117740
0.160570
0.063632
0.128762
0.109524
0.083782
0.070526
0.080163
0.152183
0.083251
0.134296
0.193169
0.065223
0.076172
0.123758
0.059589
0.196397
0.088405
0.103320
0.160834
0.056397
0.023564
0.106287
0.104418
0.164650
0.084970
0.107541
0.074018
0.131982
0.080560
0.060574
0.047866
0.102086
0.053052
0.099969
0.049827
0.089068
0.160832
0.119768
0.062226
0.107341
0.101151
0.072835
0.063383
0.088976
0.106696
0.128386
0.094961
0.033952
0.109293
0.025319
0.063041
0.121313
0.079395
0.030751
0.119412
0.051620
0.051078
0.026993
0.049375
0.071313
0.158276
0.046557
0.078780
0.091293
0.075473
0.058841
0.069046
0.109248
0.073218
0.110722
0.029939
0.030913
0.102547
0.126139
0.089548
0.045095
0.085006
0.044171
0.093780
0.059899
0.108734
0.038149
0.097339
0.131066
0.086783
0.143367
0.107088
0.042197
0.119944
0.030890
0.078046
0.071848
0.062816
0.077820
0.165986
0.071922
0.090789
0.110820
0.096366
0.094232
0.120991
0.019277
0.066268
0.142304
0.054919
0.132606
0.066349
0.171633
0.151054
0.168842
0.047065
0.140347
0.087604
0.156821
0.125403
0.061444
0.178936
0.064071
0.098830
0.051423
0.071277
0.071050
0.123165
0.044756
0.071600
0.180027
0.077634
0.031649
0.086133
0.163728
0.076428
0.087206
0.045709
0.056445
0.040751
0.102965
0.039206
0.069335
0.054114
0.065713
0.087861
0.047621
0.055441
0.032879
0.060394
0.037144
0.129402
0.144110
0.086020
0.048612
0.036797
0.055747
0.061792
0.045431
0.073774
0.036015
0.065454
0.096132
0.098088
0.076537
0.057386
0.027064
0.089334
0.015305
0.068403
0.056747
0.040436
0.073937
0.079505
0.061438
0.083923
0.106647
0.065114
0.043265
0.109514
0.104921
0.080318
0.088684
0.028096
0.065946
0.037476
0.120327
0.038029
0.016959
0.131884
0.065304
0.036953
0.176596
0.096629
0.212070
0.155012
0.072918
0.036393
0.141680
0.121495
0.029433
0.150302
0.060259
0.145403
0.086413
0.200201
0.100241
0.054717
0.068000
0.075023
0.115678
0.069269
0.158781
0.084003
0.053571
0.115251
0.072034
0.282231
0.065338
0.036792
0.153382
0.100465
0.163591
0.047212
0.101379
0.058908
0.063665
0.085727
0.142583
0.124086
0.095532
0.141028
0.153500
0.121658
0.085695
0.043220
0.103314
0.058566
0.271623
0.084386
0.062362
0.055122
0.057147
0.085372
0.116868
0.107314
0.059413
0.098530
0.059359
0.056631
0.070538
0.090520
0.064416
0.166393
0.095330
0.111704
0.067773
0.109515
0.036822
0.164130
0.024549
0.040750
0.093007
0.178406
0.086376
0.044347
0.059346
0.027505
0.064230
0.037564
0.131980
0.095773
0.040885
0.017872
0.092914
0.093389
0.048809
0.080464
0.105744
0.088157
0.099900
0.100618
0.016321
0.035889
0.104261
0.117545
0.065568
0.108176
0.115155
0.102134
0.062381
0.042464
0.032520
0.128352
0.049904
0.028623
0.048108
0.097397
0.040446
0.149727
0.122037
0.112253
0.049909
0.062742
0.087553
0.045945
0.065207
0.061028
0.118102
0.040496
0.091179
0.089496
0.097533
0.039138
0.043958
0.066782
0.019788
0.063055
0.084284
0.030983
0.034375
0.101999
0.042993
0.065959
0.067914
0.089957
0.154474
0.044913
0.063882
0.101224
0.089913
0.052777
0.074184
0.052328
0.045242
0.019457
0.050742
0.106386
0.123084
0.182760
0.058762
0.079651
0.209134
0.067195
0.053611
0.088774
0.108173
0.026950
0.071837
0.102612
0.074538
0.146508
0.104459
0.061797
0.081348
0.092005
0.101110
0.133147
0.137801
0.150280
0.076933
0.081551
0.060866
0.131855
0.168831
0.055936
0.121872
0.079858
0.104966
0.082449
0.031656
0.072163
0.135732
0.240816
0.166882
0.128462
0.121660
0.142002
0.061806
0.144120
0.087809
0.072482
0.114068
0.057711
0.089480
0.119742
0.178519
0.118096
0.109575
0.088688
0.077624
0.094712
0.069302
0.208905
0.082268
0.055615
0.066386
0.045004
0.071318
0.055704
0.067557
0.084238
0.073547
0.156645
0.042851
0.103225
0.058982
0.112936
0.055121
0.121710
0.198342
0.049907
0.093736
0.079253
0.014645
0.027666
0.127376
0.096035
0.061878
0.110566
0.017411
0.030586
0.044628
0.046841
0.023848
0.041562
0.008035
0.093160
0.061378
0.012057
0.090019
0.143957
0.008199
0.041517
0.044643
0.033202
0.022246
0.105485
0.066040
0.099137
0.090479
0.061922
0.053683
0.025718
0.034869
0.077235
0.131422
0.092190
0.066102
0.133832
0.103265
0.058592
0.019729
0.018125
0.043644
0.045316
0.064108
0.054022
0.261770
0.127160
0.077598
0.159470
0.161231
0.051793
0.064221
0.067202
0.087127
0.117492
0.100180
0.099438
0.083044
0.039500
0.105038
0.043915
0.051911
0.034576
0.068736
0.053355
0.083777
0.064303
0.064175
0.079144
0.081927
0.070994
0.022868
0.091829
0.069608
0.063790
0.068561
0.070546
0.069995
0.044091
0.057019
0.118488
0.068360
0.023092
0.027008
0.058415
0.068173
0.073845
0.094558
0.047663
0.099845
0.101462
0.052786
0.130551
0.121463
0.072889
0.035805
0.015342
0.025463
0.062762
0.039717
0.031058
0.073199
0.116790
0.078533
0.035469
0.077850
0.044755
0.088432
0.055426
0.083236
0.065606
0.202183
0.063455
0.116911
0.107333
0.054321
0.154642
0.045823
0.127666
0.021442
0.031812
0.060234
0.060807
0.087173
0.058542
0.084226
0.050824
0.081229
0.084517
0.054157
0.079159
0.038598
0.112570
0.023342
0.186884
0.061093
0.084037
0.060014
0.077149
0.113494
0.081423
0.078678
0.086361
0.028458
0.063480
0.023245
0.044054
0.051776
0.058796
0.090468
0.086789
0.030414
0.084956
0.038490
0.039875
0.087546
0.033945
0.067381
0.061529
0.052888
0.056718
0.077841
0.046302
0.083095
0.020181
0.146692
0.065658
0.040124
0.035154
0.044381
0.101482
0.031016
0.050175
0.065146
0.063770
0.111931
0.061946
0.022434
0.088209
0.052173
0.106936
0.123256
0.082835
0.023318
0.057335
0.121888
0.092572
0.079525
0.024560
0.134260
0.097178
0.086646
0.085294
0.122312
0.028055
0.108579
0.114603
0.062249
0.091308
0.066427
0.066730
0.088609
0.056347
0.035254
0.031444
0.050566
0.048828
0.017298
0.074041
0.034617
0.035387
0.042784
0.078210
0.053891
0.062981
0.059913
0.064857
0.066530
0.092779
0.066359
0.082987
0.129131
0.068883
0.035227
0.053474
0.032715
0.095516
0.080290
0.166522
0.096929
0.035985
0.074185
0.055531
0.095087
0.061279
0.100049
0.193535
0.054027
0.057986
0.121221
0.087546
0.151154
0.123786
0.036088
0.109225
0.026809
0.103019
0.082769
0.134782
0.091474
0.092699
0.172016
0.073538
0.084695
0.113624
0.139120
0.127663
0.110392
0.074270
0.161112
0.050106
0.076666
0.082097
0.070275
0.066564
0.059492
0.114610
0.089646
0.137628
0.061211
0.085000
0.118729
0.082706
0.040594
0.040159
0.117115
0.014168
0.092282
0.022808
0.045928
0.065335
0.111429
0.026609
0.049390
0.057469
0.103223
0.044130
0.115463
0.055843
0.069155
0.120268
0.121377
0.071454
0.021582
0.059165
0.052605
0.054819
0.093247
0.144681
0.128204
0.107271
0.105450
0.141387
0.059585
0.111193
0.031903
0.160104
0.072540
0.053535
0.064282
0.031951
0.085599
0.219350
0.061410
0.048304
0.081135
0.224000
0.103648
0.029063
0.066450
0.073138
0.090381
0.065362
0.228931
0.094049
0.073475
0.075039
0.089479
0.116672
0.047715
0.032925
0.094752
0.030819
0.056368
0.106211
0.083663
0.081353
0.101530
0.090189
0.125526
0.173140
0.083447
0.076512
0.183352
0.050772
0.059778
0.043147
0.063317
0.073088
0.059801
0.061138
0.046344
0.104049
0.049719
0.130903
0.052884
0.103208
0.107991
0.066462
0.039777
0.101056
0.086962
0.063810
0.077465
0.095333
0.102035
0.151043
0.057661
0.066122
0.060551
0.062308
0.134316
0.109465
0.051862
0.142382
0.080356
0.079250
0.072472
0.094957
0.052085
0.102236
0.118660
0.054903
0.051096
0.135176
0.099593
0.114779
0.192595
0.115757
0.056104
0.062912
0.093717
0.057965
0.022737
0.103833
0.089527
0.017645
0.132528
0.087059
0.037852
0.118737
0.055560
0.098101
0.183228
0.069204
0.038785
0.034328
0.110456
0.025866
0.062666
0.024633
0.065730
0.062193
0.077531
0.078519
0.017217
0.017844
0.026964
0.041967
0.037741
0.026568
0.045991
0.135798
0.029490
0.027080
0.077087
0.080522
0.041699
0.065055
0.034184
0.112737
0.022670
0.017621
0.044533
0.071012
0.020912
0.043783
0.020469
0.018361
0.033878
0.018214
0.097286
0.051556
0.121324
0.096665
0.140037
0.018934
0.041679
0.040862
0.041897
0.059756
0.049360
0.047457
0.051608
0.047496
0.074370
0.023537
0.052140
0.092525
0.054496
0.163628
0.059489
0.038612
0.008485
0.069334
0.060451
0.049399
0.029213
0.077150
0.043084
0.059365
0.081506
0.074044
0.054050
0.110691
0.027515
0.023089
0.049319
0.035472
0.105725
0.042566
0.065614
0.038302
0.058306
0.010131
0.093011
0.096154
0.094778
0.018632
0.059722
0.075087
0.054147
0.097853
0.066000
0.128735
0.057552
0.013417
0.017965
0.043168
0.037052
0.023215
0.108077
0.057125
0.115250
0.062243
0.089139
0.066377
0.048787
0.062923
0.033617
0.018368
0.052454
0.065219
0.071288
0.107086
0.235253
0.039610
0.114353
0.038010
0.023658
0.106362
0.049007
0.029347
0.090511
0.079584
0.056443
0.035759
0.120148
0.177733
0.037298
0.093599
0.121821
0.111905
0.081026
0.064799
0.128783
0.024238
0.087239
0.049533
0.041760
0.067359
0.099865
0.132156
0.077982
0.024535
0.085662
0.040945
0.043627
0.165361
0.137932
0.116792
0.040778
0.084203
0.056833
0.075729
0.057964
0.043327
0.035692
0.064443
0.042598
0.121888
0.065520
0.086727
0.053523
0.122635
0.056393
0.016451
0.142107
0.137461
0.086401
0.093277
0.128023
0.066050
0.052071
0.068036
0.077524
0.098483
0.090356
0.112830
0.106540
0.089968
0.031730
0.058208
0.028601
0.056355
0.135608
0.039944
0.073451
0.051171
0.059102
0.073864
0.058551
0.082054
0.042431
0.044189
0.088367
0.044094
0.097559
0.113782
0.107951
0.035772
0.026988
0.052979
0.035868
0.027261
0.039578
0.060991
0.065530
0.131510
0.073224
0.036210
0.038439
0.055378
0.016411
0.021297
0.089341
0.116084
0.077132
0.068650
0.120545
0.098808
0.036019
0.028599
0.042460
0.158770
0.055037
0.037721
0.079141
0.053213
0.097194
0.017427
0.034355
0.093834
0.070184
0.137073
0.169454
0.058989
0.060139
0.058186
0.031339
0.066308
0.046600
0.067468
0.059832
0.019836
0.273207
0.054125
0.072561
0.112809
0.082968
0.032158
0.072642
0.024334
0.070912
0.095754
0.044349
0.071643
0.158861
0.042512
0.096239
0.133075
0.110901
0.065762
0.184234
0.057971
0.087620
0.055307
0.129050
0.022054
0.057814
0.058741
0.159383
0.037971
0.033387
0.085983
0.047101
0.042366
0.074887
0.121368
0.105058
0.055942
0.061696
0.073206
0.131979
0.086487
0.151985
0.022085
0.027245
0.099185
0.029895
0.053755
0.026572
0.020692
0.026504
0.185623
0.090273
0.052176
0.075290
0.125608
0.074203
0.078231
0.045396
0.045076
0.093884
0.044300
0.103363
0.059334
0.069252
0.051794
0.042843
0.057073
0.059868
0.086833
0.143990
0.021311
0.025697
0.244710
0.053818
0.037947
0.020573
0.048848
0.028537
0.098877
0.093292
0.055463
0.061513
0.040814
0.048551
0.060235
0.027281
0.129365
0.024640
0.070716
0.035896
0.022751
0.040432
0.025636
0.019163
0.048225
0.092441
0.057833
0.018417
0.197643
0.183097
0.032021
0.071036
0.073753
0.045901
0.164758
0.110335
0.066152
0.049637
0.127933
0.083251
0.027091
0.103928
0.074265
0.121324
0.057308
0.064911
0.062444
0.092843
0.058335
0.037834
0.045746
0.025308
0.017133
0.036974
0.025912
0.024523
0.085470
0.111776
0.023917
0.074926
0.045396
0.082920
0.141846
0.004824
0.024320
0.070768
0.079672
0.010819
0.170649
0.005660
0.106544
0.010862
0.071262
0.089627
0.099177
0.072034
0.044952
0.117374
0.092059
0.061239
0.037288
0.049953
0.033135
0.062696
0.105776
0.015004
0.045560
0.055756
0.042689
0.084455
0.042728
0.045039
0.037839
0.047147
0.122900
0.055485
0.059240
0.049276
0.087074
0.028667
0.092631
0.033957
0.056464
0.029368
0.049705
0.071618
0.072855
0.045927
0.042976
0.016240
0.080767
0.050341
0.014765
0.011040
0.094634
0.100811
0.029847
0.019472
0.066811
0.035153
0.026768
0.022457
0.027882
0.045231
0.052725
0.056306
0.065001
0.017611
0.024154
0.066160
0.013615
0.073238
0.017434
0.039619
0.034322
0.042698
0.017801
0.007735
0.031990
0.030134
0.071479
0.056356
0.021852
0.047784
0.041529
0.030740
0.073622
0.056701
0.012690
0.069095
0.006625
0.007995
0.061415
0.007061
0.012049
0.006995
0.027314
0.096380
0.004378
0.046956
0.019773
0.011076
0.014481
0.033650
0.043314
0.018100
0.004932
0.011008
0.037184
0.096641
0.094164
0.020526
0.032557
0.057969
0.017204
0.059953
0.020723
0.084004
0.008184
0.026661
0.116896
0.105105
0.010254
0.025053
0.023185
0.063674
0.055783
0.044198
0.024257
0.060048
0.020924
0.034714
0.062605
0.029612
0.100176
0.071154
0.047118
0.045919
0.039611
0.018053
0.040931
0.043135
0.087746
0.006090
0.063251
0.077619
0.061719
0.010364
0.058702
0.034414
0.038937
0.094114
0.049754
0.092171
0.069163
0.123688
0.036628
0.016188
0.107005
0.036569
0.085438
0.050453
0.099502
0.045491
0.074619
0.033269
0.074598
0.051650
0.120287
0.044252
0.134585
0.089881
0.141373
0.023417
0.118967
0.066897
0.258613
0.051042
0.049745
0.065205
0.055925
0.018673
0.108751
0.174709
0.075241
0.104634
0.065828
0.101339
0.139927
0.040076
0.075218
0.046162
0.180834
0.101427
0.088888
0.081953
0.050615
0.073895
0.080350
0.033496
0.094547
0.081847
0.083048
0.127326
0.113625
0.070355
0.038366
0.048897
0.116578
0.072587
0.061244
0.116641
0.046755
0.052985
0.062462
0.008005
0.037958
0.067462
0.144899
0.041512
0.094809
0.118050
0.059997
0.046112
0.058684
0.091833
0.018536
0.039775
0.032235
0.051907
0.081044
0.069915
0.047435
0.036098
0.047665
0.043180
0.032801
0.014958
0.033419
0.056094
0.150203
0.063083
0.070469
0.051422
0.182347
0.051499
0.040160
0.055652
0.043552
0.028686
0.038357
0.035213
0.061910
0.096645
0.094313
0.024572
0.017523
0.060639
0.023449
0.098775
0.069293
0.017548
0.203523
0.135264
0.027463
0.115785
0.023345
0.082286
0.087052
0.026685
0.122977
0.077256
0.126331
0.033377
0.058460
0.043982
0.080635
0.113766
0.031899
0.096327
0.026992
0.085631
0.075786
0.091783
0.149077
0.021160
0.111160
0.056070
0.048466
0.062805
0.060677
0.082005
0.140018
0.061067
0.084925
0.106490
0.056820
0.121433
0.088739
0.045727
0.107992
0.063634
0.111903
0.120689
0.072122
0.085774
0.076858
0.090227
0.045314
0.084485
0.090586
0.067305
0.120901
0.083314
0.013665
0.035713
0.034824
0.037037
0.169137
0.033865
0.086915
0.051229
0.113334
0.064088
0.117669
0.062551
0.051497
0.044437
0.080946
0.049843
0.032475
0.043792
0.168558
0.038017
0.019167
0.105725
0.093786
0.053957
0.061761
0.080488
0.116582
0.020822
0.041351
0.050532
0.069541
0.074820
0.049749
0.029379
0.052228
0.078327
0.082532
0.099971
0.065660
0.071472
0.026875
0.080754
0.015842
0.022850
0.072729
0.064716
0.043000
0.031829
0.045490
0.112661
0.082161
0.018755
0.074077
0.018255
0.069018
0.013148
0.018669
0.054329
0.048284
0.035299
0.113090
0.055747
0.018972
0.052900
0.042649
0.104317
0.020147
0.078845
0.055895
0.054801
0.062842
0.017111
0.066072
0.045869
0.012289
0.042215
0.015556
0.022068
0.080399
0.052610
0.037562
0.050382
0.047844
0.071159
0.030684
0.047756
0.036001
0.031272
0.024882
0.012786
0.017419
0.013976
0.018830
0.033810
0.090978
0.038972
0.170390
0.071435
0.055435
0.022530
0.009949
0.085058
0.038984
0.050094
0.027558
0.077610
0.035021
0.030306
0.100047
0.055083
0.086138
0.075387
0.027329
0.070619
0.038660
0.062538
0.026404
0.061300
0.035782
0.095578
0.103885
0.018871
0.034537
0.050979
0.028948
0.040277
0.051759
0.102259
0.062885
0.027061
0.135777
0.094267
0.085592
0.076371
0.081134
0.027425
0.012423
0.061724
0.068792
0.007575
0.079336
0.071285
0.090428
0.084113
0.027801
0.008910
0.027083
0.049708
0.023359
0.067510
0.015467
0.108391
0.083805
0.013659
0.016171
0.026503
0.126070
0.054720
0.059239
0.042489
0.066237
0.053395
0.042014
0.047101
0.011890
0.018942
0.022297
0.027431
0.034517
0.024200
0.040206
0.064966
0.070097
0.044009
0.029565
0.051272
0.048482
0.015101
0.065681
0.067781
0.034249
0.157689
0.060080
0.070138
0.067027
0.045560
0.063568
0.020890
0.055891
0.024160
0.020712
0.018014
0.109415
0.026918
0.059508
0.054599
0.061284
0.068708
0.034882
0.027879
0.061468
0.110722
0.039530
0.080634
0.085634
0.064792
0.007766
0.113734
0.050796
0.068893
0.008653
0.056680
0.079743
0.029012
0.037418
0.057419
0.077653
0.071371
0.059359
0.151522
0.023051
0.063003
0.053125
0.059906
0.026763
0.060506
0.034362
0.029759
0.052638
0.057118
0.026613
0.039051
0.042806
0.014295
0.030887
0.013289
0.058654
0.063603
0.029260
0.046888
0.041918
0.063337
0.035925
0.008658
0.027118
0.060171
0.030074
0.061817
0.028547
0.012675
0.017107
0.007676
0.131660
0.052060
0.076148
0.051087
0.015290
0.011672
0.098800
0.026267
0.030395
0.055159
0.056508
0.061993
0.028929
0.028321
0.059458
0.059063
0.043784
0.024597
0.024092
0.046244
0.066397
0.104670
0.028257
0.118928
0.025085
0.067652
0.043828
0.036294
0.030503
0.038160
0.080493
0.045636
0.047292
0.025423
0.060595
0.024435
0.063029
0.066986
0.030920
0.124968
0.012932
0.010297
0.018799
0.186679
0.049045
0.033219
0.016682
0.066556
0.030371
0.036726
0.042864
0.036040
0.017100
0.052282
0.065221
0.038065
0.065807
0.053903
0.027726
0.031843
0.122776
0.148812
0.054386
0.032312
0.117866
0.009651
0.013924
0.107431
0.015238
0.018420
0.027057
0.105870
0.063171
0.063566
0.090530
0.074041
0.091501
0.107065
0.076035
0.059191
0.060705
0.066195
0.144460
0.060757
0.047675
0.017011
0.023792
0.049726
0.088299
0.115883
0.072422
0.195806
0.108321
0.055442
0.019696
0.021064
0.066295
0.087052
0.042703
0.042686
0.022192
0.086347
0.021344
0.170522
0.019868
0.103751
0.055486
0.066087
0.101834
0.094048
0.031959
0.105335
0.029436
0.097996
0.069867
0.052411
0.020916
0.118211
0.039558
0.026653
0.061495
0.079827
0.082804
0.107339
0.033788
0.025483
0.081902
0.033313
0.115301
0.066867
0.046467
0.061839
0.081423
0.017829
0.005261
0.042270
0.015573
0.035097
0.045308
0.016849
0.033674
0.042141
0.035051
0.081690
0.057563
0.149843
0.051981
0.014364
0.041263
0.035599
0.099904
0.042713
0.121593
0.110146
0.065863
0.022232
0.062267
0.085867
0.124215
0.135859
0.042610
0.100597
0.050950
0.121426
0.030861
0.072079
0.057076
0.035254
0.032135
0.030773
0.069476
0.135823
0.061062
0.034298
0.048465
0.089135
0.046866
0.052178
0.124595
0.049125
0.021918
0.048295
0.061822
0.021540
0.096540
0.075933
0.099780
0.091709
0.023079
0.015682
0.082055
0.103110
0.032003
0.030157
0.046652
0.061432
0.044700
0.129374
0.064099
0.121519
0.051329
0.091354
0.054772
0.111159
0.079541
0.014154
0.131631
0.050526
0.121201
0.021508
0.053587
0.025814
0.058552
0.058039
0.167095
0.038884
0.088473
0.065137
0.066949
0.035821
0.038388
0.060448
0.030832
0.064470
0.056071
0.027412
0.049124
0.025785
0.047697
0.026590
0.057902
0.053307
0.026786
0.096446
0.061064
0.048060
0.016040
0.062917
0.028292
0.036426
0.092335
0.040065
0.023438
0.079451
0.025239
0.050639
0.031426
0.012758
0.097758
0.021346
0.014730
0.026746
0.019409
0.035867
0.116386
0.033743
0.059818
0.036262
0.026316
0.075222
0.059026
0.057962
0.029013
0.072284
0.016599
0.036235
0.055551
0.053634
0.038146
0.030745
0.003897
0.019240
0.012016
0.099922
0.032493
0.009343
0.021192
0.012469
0.038151
0.149930
0.046436
0.077390
0.009056
0.020077
0.036936
0.035268
0.066109
0.043725
0.013090
0.035955
0.009708
0.033001
0.019242
0.009707
0.046545
0.046654
0.074187
0.063352
0.036452
0.034051
0.027138
0.037392
0.041569
0.039417
0.008306
0.023252
0.020713
0.041671
0.087564
0.029352
0.049331
0.014276
0.163748
0.035563
0.018726
0.031663
0.019980
0.017979
0.007998
0.037301
0.026399
0.037672
0.026955
0.011209
0.101194
0.063519
0.056474
0.020114
0.065028
0.022842
0.011113
0.050714
0.015454
0.007908
0.092338
0.025725
0.096744
0.056774
0.028737
0.061912
0.085499
0.036081
0.062224
0.031802
0.005266
0.020936
0.025380
0.010887
0.026259
0.122915
0.017288
0.007992
0.086844
0.003909
0.007007
0.146498
0.116619
0.039913
0.050002
0.030952
0.006315
0.019451
0.034762
0.109240
0.030302
0.145907
0.004510
0.076207
0.052327
0.038797
0.077696
0.016908
0.061120
0.021317
0.044341
0.045867
0.037343
0.054018
0.012662
0.076695
0.040355
0.047390
0.109998
0.044499
0.039810
0.022834
0.097675
0.097018
0.028990
0.025842
0.005514
0.037348
0.213006
0.044070
0.025059
0.139678
0.123453
0.026105
0.013557
0.027668
0.026625
0.007298
0.045498
0.078424
0.080953
0.070976
0.091096
0.139906
0.115735
0.042682
0.053923
0.062025
0.092656
0.068625
0.034657
0.040805
0.026991
0.038343
0.029648
0.034685
0.016021
0.046898
0.056471
0.074401
0.088938
0.105865
0.091619
0.014533
0.098146
0.068191
0.093356
0.059563
0.041344
0.045430
0.076013
0.059638
0.069371
0.081554
0.024215
0.018409
0.064871
0.037934
0.099322
0.095598
0.036313
0.024823
0.084996
0.086043
0.068486
0.070608
0.049220
0.048405
0.072879
0.060145
0.059195
0.155733
0.018817
0.034112
0.014649
0.055927
0.034984
0.081826
0.062376
0.068026
0.026552
0.034582
0.113195
0.022713
0.022993
0.101283
0.011327
0.102772
0.087054
0.105566
0.024796
0.057839
0.049099
0.046280
0.034270
0.051694
0.032916
0.080779
0.021825
0.125142
0.079030
0.024337
0.037844
0.032786
0.031665
0.057306
0.010429
0.025364
0.056466
0.016188
0.040987
0.009039
0.273156
0.056581
0.053726
0.015923
0.090207
0.163906
0.059956
0.070306
0.094778
0.089051
0.026457
0.077211
0.062786
0.069004
0.036828
0.126379
0.034310
0.056555
0.041028
0.165159
0.063474
0.013629
0.026855
0.089249
0.060738
0.042534
0.056489
0.033249
0.050456
0.061205
0.050452
0.045431
0.056513
0.094712
0.004174
0.030052
0.068784
0.054671
0.010183
0.016848
0.014952
0.028468
0.029741
0.060928
0.131216
0.016632
0.084956
0.083658
0.022860
0.026142
0.028418
0.062248
0.015716
0.034366
0.009268
0.032295
0.131318
0.068299
0.013038
0.034649
0.020617
0.108492
0.059943
0.051776
0.153080
0.120875
0.034025
0.043203
0.062064
0.043110
0.074758
0.009235
0.100626
0.158907
0.136578
0.060708
0.049641
0.052173
0.126756
0.049681
0.053466
0.029614
0.033686
0.035121
0.090563
0.054015
0.026601
0.019022
0.073007
0.096668
0.029404
0.011706
0.034790
0.075712
0.014244
0.055264
0.041019
0.024838
0.044659
0.066050
0.180041
0.031308
0.022398
0.052490
0.051638
0.036028
0.052797
0.025418
0.024173
0.101382
0.042962
0.060956
0.067669
0.243241
0.095473
0.174426
0.079922
0.043269
0.083316
0.034164
0.069598
0.015985
0.083561
0.121103
0.015227
0.169334
0.024586
0.032913
0.081705
0.083181
0.069204
0.127936
0.043315
0.044099
0.032410
0.021987
0.057463
0.020384
0.031850
0.058472
0.014229
0.024822
0.102729
0.037450
0.003631
0.018756
0.017583
0.064479
0.023483
0.070484
0.009800
0.019354
0.035823
0.028581
0.030134
0.021329
0.008380
0.026495
0.017218
0.005231
0.018739
0.057551
0.026098
0.039664
0.013425
0.016958
0.067907
0.019981
0.130992
0.063023
0.021522
0.019296
0.013614
0.049239
0.020631
0.048438
0.050848
0.007212
0.015274
0.002451
0.043583
0.009077
0.038659
0.024816
0.018371
0.015305
0.045856
0.019750
0.043380
0.012152
0.010664
0.036167
0.056750
0.108377
0.022432
0.050612
0.007309
0.008397
0.059686
0.019937
0.116989
0.021746
0.035093
0.034514
0.096961
0.029715
0.038280
0.029645
0.021889
0.025428
0.007281
0.030120
0.014791
0.003598
0.021923
0.002667
0.037206
0.098913
0.033276
0.010208
0.013746
0.019839
0.040883
0.035183
0.043198
0.068644
0.030316
0.034037
0.192217
0.022307
0.021792
0.083089
0.038345
0.009633
0.022979
0.051030
0.005505
0.065154
0.044116
0.011239
0.004395
0.063429
0.036929
0.043738
0.046576
0.026125
0.017195
0.022248
0.045276
0.080154
0.033821
0.025505
0.008282
0.036110
0.026940
0.034322
0.019919
0.028720
0.008043
0.026805
0.077102
0.108265
0.046188
0.097178
0.046266
0.033054
0.037930
0.029834
0.089750
0.075399
0.061196
0.010095
0.060646
0.029698
0.069589
0.071441
0.019547
0.009626
0.060493
0.004853
0.073141
0.045176
0.070940
0.018776
0.078501
0.161898
0.029042
0.052276
0.014281
0.016944
0.008603
0.089671
0.023848
0.053641
0.033535
0.026523
0.026129
0.033301
0.034722
0.018573
0.044386
0.057329
0.023997
0.010097
0.022727
0.032612
0.027277
0.041165
0.005059
0.011235
0.009471
0.114529
0.048606
0.085162
0.008135
0.012558
0.048389
0.023961
0.047707
0.008513
0.026586
0.019085
0.065607
0.112324
0.047503
0.072501
0.006115
0.112003
0.021180
0.082279
0.042483
0.101659
0.008727
0.076873
0.010100
0.082393
0.026843
0.162579
0.039347
0.010477
0.016801
0.031360
0.067056
0.054629
0.030465
0.097186
0.103438
0.044566
0.055296
0.054375
0.038787
0.130119
0.022496
0.034210
0.030042
0.036174
0.024608
0.036554
0.052581
0.045555
0.048372
0.069817
0.032231
0.054786
0.082337
0.043373
0.025669
0.071997
0.043043
0.034907
0.021511
0.015460
0.028529
0.079463
0.034703
0.082050
0.035475
0.033795
0.092862
0.035265
0.006854
0.065998
0.046369
0.051708
0.028960
0.058633
0.062549
0.033802
0.082864
0.018669
0.030847
0.037727
0.048867
0.044807
0.034261
0.068792
0.019304
0.033557
0.123137
0.076760
0.076982
0.030468
0.028362
0.031560
0.045929
0.085421
0.108300
0.073950
0.019700
0.023413
0.064135
0.084211
0.027041
0.050910
0.112272
0.031552
0.019137
0.008238
0.108737
0.015594
0.026841
0.010042
0.024752
0.054732
0.087096
0.032793
0.043078
0.068342
0.075816
0.030263
0.040540
0.052385
0.140662
0.057595
0.016656
0.080117
0.040285
0.019782
0.055938
0.184087
0.042601
0.114818
0.050570
0.102519
0.012614
0.081784
0.051517
0.047629
0.070603
0.093899
0.075417
0.035026
0.047696
0.010681
0.031602
0.096703
0.016125
0.027563
0.022535
0.055606
0.096215
0.042632
0.114795
0.020418
0.032314
0.031938
0.039807
0.060913
0.018178
0.059614
0.020034
0.071979
0.033919
0.053109
0.029632
0.068574
0.097830
0.015939
0.050292
0.043008
0.057897
0.035629
0.029233
0.026439
0.009956
0.050260
0.033543
0.029892
0.034606
0.035163
0.061893
0.011975
0.077285
0.029678
0.022618
0.015685
0.020779
0.017132
0.010580
0.046672
0.089933
0.014051
0.181165
0.030683
0.026315
0.028458
0.023792
0.042671
0.128419
0.071456
0.062564
