2.302725
2.318256
2.303979
2.304029
2.302227
2.294148
2.321680
2.282404
2.279459
2.273137
2.186860
2.712216
2.218962
2.282212
2.299821
2.300827
2.302130
2.305305
2.303760
2.304847
2.305756
2.303078
2.302212
2.301778
2.305466
2.302993
2.306724
2.307315
2.298445
2.305129
2.299697
2.299523
2.301270
2.300549
2.306055
2.296628
2.287786
2.335285
2.295407
2.310733
2.296342
2.300550
2.298408
2.304162
2.300383
2.301644
2.301344
2.301162
2.301150
2.301634
2.305189
2.294591
2.294842
2.296116
2.316632
2.284675
2.277022
2.290253
2.268256
2.251214
2.246110
2.251716
2.269953
2.278342
2.293314
2.203686
2.207150
2.219912
2.215228
2.164623
2.177677
2.109923
2.227963
2.141034
2.095303
2.160289
2.146251
2.134122
2.187726
2.097477
2.090970
2.087259
2.076131
2.054212
2.078416
2.203622
2.085328
2.118078
2.057453
2.039348
2.194983
2.018356
2.060534
2.083923
2.091990
2.014582
2.115522
2.052781
2.097918
2.089278
2.074202
2.042519
2.056994
2.084765
2.038552
2.076296
2.036825
1.999004
2.091456
1.972707
1.887620
2.079582
1.928193
1.939320
1.953486
2.072844
2.018538
1.957275
1.985139
1.905779
2.003875
2.018856
2.039694
1.908647
1.870383
1.917302
1.865302
1.861653
1.929274
2.149558
1.949762
1.854111
1.912367
1.856467
1.921266
1.858544
1.896919
1.974785
1.956595
1.818601
1.821406
1.859622
1.915216
1.864592
1.779616
1.887670
1.988272
1.821382
1.823564
1.889751
1.954339
1.849382
1.806317
1.700042
1.874782
1.824374
2.021127
1.829046
1.796915
1.846721
1.787564
1.837236
1.766641
1.751635
1.736421
1.783301
1.727460
1.928456
1.739508
1.823760
1.778080
1.795323
1.796746
1.774071
1.810636
1.766867
1.720282
1.776712
1.814980
1.576712
1.749868
1.642027
1.784565
1.769471
1.766330
1.759379
1.698849
1.692553
1.668423
1.765599
1.734556
1.807890
1.789990
1.748469
1.668235
1.832454
1.664268
1.675210
1.751803
1.718542
1.698524
1.836604
1.824090
1.690016
1.740016
1.926826
1.672408
1.627536
1.838186
1.649508
1.711460
1.704438
1.581571
1.723302
1.772262
1.716849
1.845645
1.699791
1.658993
1.633928
1.585682
1.690195
1.712042
1.562068
1.738375
1.880998
1.704147
1.608412
1.644246
1.616890
1.710171
1.712950
1.509475
1.646161
1.666373
1.629099
1.639438
1.567907
1.600346
1.741595
1.627837
1.566381
1.559181
1.545342
1.617803
1.553154
1.802963
1.741940
1.573897
1.694777
1.565666
1.616424
1.735056
1.581956
1.881566
1.793802
1.642698
1.743906
1.646706
1.640846
1.661932
1.641326
1.549130
1.663190
1.589554
1.850220
1.585911
1.526384
1.722208
1.714763
1.557960
1.642756
2.034832
1.597575
1.827312
1.638641
1.681432
1.719136
1.762575
1.641186
1.707043
1.722612
1.816145
1.523928
1.549571
1.675301
1.684273
1.662991
1.692968
1.556148
1.621920
1.719248
1.616854
1.656692
1.601018
1.686174
1.652518
1.451506
1.800954
1.709269
1.732650
1.658888
1.646848
1.564900
1.648084
1.591418
1.476026
1.493060
1.570259
1.680486
1.538934
1.643898
1.717914
1.567129
1.684045
1.567032
1.594368
1.616801
1.666273
1.637600
1.690380
1.798668
1.627011
1.530247
1.622221
1.622266
1.674693
1.458653
1.750270
1.558369
1.752145
1.538208
1.688484
1.601525
1.558913
1.632947
1.635954
1.673998
1.592809
1.603362
1.639702
1.600403
1.698580
1.516491
1.557266
1.734527
1.530732
1.484541
1.462665
1.472052
1.602736
1.644553
1.585746
1.586048
1.558250
1.608890
1.656580
1.491675
1.506215
1.606445
1.680133
1.640191
1.390975
1.669120
1.564251
1.498530
1.611130
1.481027
1.542359
1.607909
1.554620
1.645565
1.545869
1.458326
1.609205
1.573844
1.729589
1.603680
1.713639
1.535464
1.574929
1.544630
1.367208
1.500392
1.701661
1.501068
1.482189
1.456248
1.565107
1.497558
1.538971
1.582496
1.544598
1.623771
1.565012
1.442790
1.516264
1.597288
1.543510
1.525617
1.540588
1.679644
1.423943
1.672967
1.424573
1.486535
1.380235
1.557814
1.427685
1.533246
1.473371
1.474742
1.422900
1.364437
1.612473
1.504421
1.542090
1.613316
1.442476
1.494686
1.538424
1.384157
1.571554
1.644349
1.518983
1.536156
1.461401
1.407768
1.633388
1.517717
1.563347
1.445291
1.602610
1.539211
1.773058
1.510274
1.546950
1.632614
1.442801
1.504509
1.485497
1.329050
1.568695
1.460724
1.663884
1.545524
1.533061
1.346814
1.613543
1.720850
1.540426
1.554612
1.535136
1.565060
1.529975
1.458028
1.519079
1.529149
1.593018
1.659025
1.485906
1.493365
1.368447
1.626363
1.338996
1.307528
1.399084
1.410859
1.393040
1.468577
1.399019
1.467719
1.420926
1.548839
1.464827
1.486680
1.379363
1.547611
1.558062
1.444513
1.369277
1.437925
1.545239
1.362849
1.245160
1.445990
1.299540
1.418054
1.451539
1.251793
1.577965
1.457355
1.428819
1.374331
1.418328
1.468394
1.394649
1.591296
1.397162
1.575686
1.330759
1.225604
1.380818
1.578320
1.323214
1.337873
1.341711
1.331444
1.349065
1.244630
1.567578
1.269026
1.437320
1.525054
1.462979
1.473103
1.313407
1.576379
1.394874
1.225469
1.414572
1.596722
1.495282
1.374293
1.510854
1.368155
1.459189
1.371653
1.320568
1.351709
1.519829
1.337413
1.398394
1.419619
1.378839
1.482469
1.312125
1.603051
1.315476
1.318393
1.353833
1.301231
1.342041
1.339124
1.335564
1.307604
1.292393
1.246171
1.393275
1.273180
1.632957
1.410915
1.312144
1.436560
1.447130
1.375459
1.574580
1.549873
1.330505
1.267074
1.303620
1.500767
1.420637
1.331775
1.437576
1.592141
1.406323
1.449608
1.206953
1.432366
1.297794
1.407737
1.413669
1.274834
1.419387
1.341641
1.360670
1.267381
1.421905
1.339237
1.249124
1.435055
1.257196
1.253681
1.466057
1.292001
1.143812
1.456365
1.306217
1.420666
1.404126
1.278891
1.474498
1.352841
1.223984
1.304242
1.317401
1.366394
1.395925
1.407459
1.306210
1.527958
1.332391
1.336483
1.288813
1.339766
1.365746
1.525063
1.117925
1.169635
1.186765
1.420146
1.232599
1.240805
1.285759
1.310724
1.226162
1.215906
1.231522
1.215089
1.408396
1.393597
1.436056
1.389871
1.556272
1.358245
1.350114
1.377935
1.191676
1.305875
1.281253
1.240159
1.329094
1.404577
1.143285
1.201183
1.237965
1.297374
1.436350
1.316846
1.115825
1.312498
1.160143
1.339837
1.354845
1.247588
1.297355
1.239072
1.304074
1.264665
1.209350
1.189143
1.439585
1.336438
1.113269
1.198985
1.393264
1.146069
1.261585
1.352549
1.160612
1.214009
1.241061
1.167141
1.134548
1.294556
1.129692
1.255492
1.263436
1.314057
1.357023
1.285952
1.205955
1.301277
1.327161
1.229623
1.262607
1.177350
1.157651
1.348218
1.193219
1.257408
1.224472
1.088009
1.128264
1.293261
1.343465
1.229851
1.327067
1.115970
1.165241
1.356447
1.197837
1.462056
1.262092
1.296597
1.345062
1.423794
1.379103
1.220020
1.229414
1.232473
1.242729
1.351578
1.274978
1.171932
1.219878
1.216667
1.003828
1.371096
1.304641
1.316610
1.278975
1.095447
1.205949
1.234743
1.169261
1.172158
1.401918
1.249398
1.219013
1.157459
1.161496
1.133225
1.221226
1.097675
1.205209
1.125916
1.228631
1.069366
1.493714
1.310022
1.275088
1.151936
1.120538
1.210083
1.142713
1.181298
1.299369
1.175150
1.340259
1.137032
1.050133
1.265417
1.159927
1.235041
1.247945
1.155341
1.263894
1.212285
1.144724
1.110128
1.131150
1.115498
1.042313
1.002631
1.268183
1.211130
1.092653
1.245835
1.167983
1.269085
0.976663
1.059959
1.159811
1.226351
1.312829
1.120046
1.059182
1.102412
0.890932
1.025954
1.129829
1.304962
1.056157
1.085945
1.157265
1.271346
1.406522
1.086773
1.090850
1.123808
0.967885
1.095069
1.188500
1.074419
1.260301
1.089109
0.926071
1.065905
1.087142
1.186431
1.166837
1.149764
1.104255
1.239256
1.056767
1.063219
1.054516
1.121766
1.163710
1.153246
1.015976
0.863892
1.009817
1.058008
1.293528
1.072190
1.035184
1.016086
1.048589
1.073779
1.167185
0.941786
1.029922
1.114510
1.353255
1.072566
1.135025
0.981946
1.077651
1.032227
1.243513
1.015757
1.122141
0.896865
1.147214
1.249040
1.177541
1.260067
1.408319
1.246387
1.380063
1.134081
1.153849
1.081392
1.044474
1.128396
1.145204
1.168400
0.988517
1.003006
0.948361
1.120210
1.079511
1.252376
1.194898
1.008896
0.968511
1.094419
1.150169
1.014626
1.200516
1.123978
1.050208
0.926170
1.238073
1.026279
1.237563
1.091381
1.072858
1.017040
1.039837
1.078645
1.026416
1.251244
1.025299
1.105581
1.180729
1.110971
1.194512
1.001246
1.021230
1.103148
1.017688
0.994834
1.103709
1.080578
1.110501
1.256453
1.110148
1.054694
1.119925
1.210825
0.970963
1.149809
1.186264
0.975631
1.144929
1.072199
1.020337
1.177579
1.111090
1.152866
1.074045
1.038460
0.953474
0.972210
0.891057
1.182966
1.019719
1.002618
0.978454
1.205600
0.920236
0.942527
1.083916
1.191858
1.095027
1.159749
1.162699
0.802343
1.048441
0.986006
1.171099
1.237086
1.082569
1.158551
1.103681
0.847880
1.198161
1.145544
1.043524
1.104332
0.920031
1.059596
1.033027
0.987058
1.071000
1.165392
0.986715
1.061165
0.924416
1.028592
0.885879
1.161392
0.924661
1.063303
1.126317
0.997647
1.020598
1.056831
1.164230
1.040427
1.117087
1.102535
0.938728
1.257362
1.185709
0.887398
1.249118
1.090400
1.086998
1.026232
0.982069
1.052105
0.953074
1.130318
1.278334
0.887955
1.005199
0.980564
1.122816
1.279400
1.000898
1.001983
1.164811
0.953669
1.026285
1.096369
0.994134
1.057777
0.934974
1.029352
1.001920
0.908926
1.157743
1.130422
1.045112
0.926181
1.117469
1.043024
1.096842
1.020483
1.176887
1.071980
1.076069
0.967303
1.025856
0.994582
0.920274
1.013744
0.882282
0.883949
1.066754
1.033564
1.059605
1.132969
1.029758
0.815370
1.047441
1.119517
1.121367
1.053323
1.134909
0.863383
1.058914
1.047701
1.263520
0.998240
0.961782
0.948054
1.207239
1.109119
0.917410
0.851535
1.006141
1.014895
1.031608
0.931788
0.942454
0.953615
0.994455
0.969495
1.128680
0.910431
0.961619
1.009088
0.989998
0.934459
0.958226
1.108737
0.959816
1.099680
0.842196
1.083675
1.121584
0.955914
1.018879
0.933242
1.037031
0.922238
1.050822
0.836056
0.919072
1.112923
0.856550
0.988206
1.128511
1.049337
0.872737
0.985599
1.065638
0.877474
0.948533
1.023346
1.029900
0.892362
1.039683
1.067445
1.105987
0.891172
0.970896
0.870486
1.068668
1.059843
0.943473
0.887257
1.024199
1.057710
0.999383
0.916538
1.145026
0.894255
0.966228
0.757384
1.064610
1.008620
0.996245
1.171378
1.011990
1.006173
0.948240
0.930440
1.085469
0.908591
0.994276
0.818002
1.105023
0.861107
0.910612
0.949109
1.247367
0.873230
0.778037
1.091589
1.029806
0.974209
1.043188
0.912301
0.868230
0.965035
0.939200
1.030551
0.997195
0.966172
0.942149
0.824204
0.934465
0.851272
0.820886
0.805587
0.888735
0.994579
0.799136
0.958930
0.819957
0.953886
1.066527
0.893896
0.989590
1.156935
0.784472
0.839127
0.852209
0.932947
1.002317
0.896640
1.019080
0.831930
0.971915
0.955269
1.143643
0.973778
0.912091
0.946233
0.951596
1.014918
0.852359
0.792394
1.218392
0.725627
1.036764
0.970173
1.015080
0.994813
0.886938
0.969997
1.041047
0.960197
1.068961
1.056014
1.024023
1.094066
0.985341
1.004198
0.969308
0.930646
0.920692
0.839502
0.970709
0.871271
1.024942
0.840279
0.898271
0.843556
0.992073
0.964596
0.895895
0.857677
0.963993
0.934935
0.952078
0.834958
0.837580
0.829453
0.992283
0.967048
0.772885
0.886160
0.981306
0.930914
0.837870
0.756880
0.765402
0.871979
0.671750
0.807757
0.878409
0.772782
0.912434
0.794813
0.740581
0.921146
0.730472
0.693092
0.940442
1.029170
1.036051
0.822111
0.969815
0.759208
0.905019
0.779709
0.801407
0.804717
1.047014
0.993711
0.940294
1.016499
0.922996
0.741904
0.880594
0.871863
0.928556
0.900692
0.951493
0.953687
0.951327
0.863673
0.934575
0.847121
0.979615
0.725947
0.783959
0.740080
0.823684
0.795252
0.826871
0.827103
0.922780
0.885971
0.770341
0.918704
0.971218
0.883468
1.014852
1.110837
0.697464
0.852774
1.142990
0.958363
1.042144
1.001378
0.910937
0.854675
0.836874
0.821997
0.880961
0.850655
0.924373
0.884596
0.940796
0.643211
0.731443
0.726319
0.939471
0.736856
0.719190
0.748560
0.876447
1.101515
1.071066
1.059915
0.988769
0.825020
0.743951
0.785676
0.948913
0.844541
0.892572
0.922087
0.935098
0.880182
0.838909
0.892070
0.992203
0.761546
0.905337
0.733927
0.719412
0.885473
0.935272
0.933090
0.898465
0.852621
0.809138
0.863798
0.897978
0.760710
0.972771
0.687994
0.909271
0.938098
0.942909
0.793323
0.755855
0.903507
1.091694
1.041916
0.930209
0.856479
1.071641
1.035657
0.882667
0.926707
1.009563
0.994710
0.805470
0.862457
0.910389
0.857774
1.022507
0.798722
0.838985
0.839399
0.828248
0.947784
0.858659
0.897925
0.822300
0.843582
0.876848
1.069872
1.023083
0.798757
0.995062
0.689106
0.826935
1.012122
0.793046
0.927237
0.919832
0.938499
0.871969
0.834589
0.814097
0.759942
0.818282
0.863545
0.992407
0.760997
0.773034
0.922931
0.648592
0.796999
1.010366
0.790094
1.015307
0.916658
0.897034
0.995509
0.893591
0.859939
0.852254
0.924475
0.872085
0.977099
0.912133
0.904285
1.014622
0.644198
0.937500
0.944577
0.692795
0.766052
0.905911
0.893399
0.839452
0.960029
0.963677
1.205640
0.941319
0.967244
0.755569
0.984385
0.741044
0.784036
0.881340
0.812906
0.786423
0.695299
0.700876
0.921192
0.745420
1.074099
0.865843
0.847639
0.813107
0.829421
0.921515
0.693860
0.802098
0.863612
0.760865
0.711978
0.888312
0.823924
0.717763
1.154010
0.973992
0.904799
0.895598
1.009776
0.826016
0.652671
0.818001
0.759243
0.807872
0.814928
0.886753
0.888259
0.823697
0.861641
0.827986
0.894417
0.828565
0.919500
0.953600
0.921677
0.808807
1.003870
0.651878
0.792643
0.967472
0.705800
0.872882
0.743057
0.765413
0.650392
0.781535
0.759880
0.795667
0.784525
0.928202
0.662815
0.849750
0.923861
0.818928
0.720728
1.081393
0.694344
0.704480
0.900723
0.872663
0.894953
0.937946
0.841202
0.960167
0.693967
0.918430
0.708185
0.803389
0.828811
0.805749
0.881746
0.974797
0.770482
0.697793
0.887681
0.996243
0.808198
0.761095
0.869550
0.713075
0.841447
0.933629
0.723406
0.868918
0.780727
0.683600
0.814497
0.716088
0.887616
0.961283
0.817360
0.785834
0.907505
0.905787
0.907448
0.826337
0.922697
0.958790
0.950614
0.942345
0.816341
1.015772
0.855727
0.801965
0.947978
0.832963
0.916532
0.810066
0.837557
0.688563
0.940071
0.998404
0.849531
0.715012
0.874639
0.927465
0.791376
0.830970
1.028663
0.712527
0.851709
0.744325
0.999979
0.737338
0.973921
0.898774
0.960718
0.926771
0.685608
0.803942
0.737994
0.748053
0.705130
0.830981
0.821072
0.910537
0.883274
0.799772
0.734071
0.899839
0.824140
0.856835
0.709440
0.644791
0.861065
0.759781
0.773261
0.869569
0.843812
0.994453
0.632791
0.859752
0.724616
0.542006
0.926779
0.685341
0.853506
0.813191
0.702057
0.862376
0.734095
0.800237
0.843768
0.897087
0.992329
0.680231
0.761337
1.034684
0.929556
0.732796
0.748775
0.806167
0.824881
1.006312
0.900680
0.901443
0.653606
0.808367
0.652630
0.848405
0.979939
0.787234
0.887698
0.666598
0.799676
0.730417
0.853577
0.768476
0.771048
0.939083
0.663130
0.791741
0.903900
0.844745
0.765130
0.796708
0.686285
0.746535
0.687691
0.729892
0.688494
0.819462
0.762857
0.804197
0.787747
0.605363
0.964245
0.663654
0.670250
0.735157
0.713031
0.681865
0.784775
0.857480
0.686875
0.677955
0.614022
0.760863
0.858632
0.742523
0.706905
0.553116
0.667891
0.692627
0.808487
0.661499
0.751901
0.836813
0.718641
0.700001
0.797622
0.708259
0.802862
0.703466
0.633887
0.787899
0.758780
0.585041
0.808332
0.637202
0.861823
0.686668
0.649294
0.662003
0.863585
0.822517
0.626831
0.545339
0.639486
0.693528
0.614503
0.797412
0.651698
0.786518
0.767726
0.736754
0.784897
0.883564
0.626302
0.551047
0.557997
0.908189
0.802769
0.735354
0.754710
0.776222
0.786631
0.763317
0.666495
0.668482
0.657248
0.645100
0.823198
0.957343
0.720908
0.749018
0.690124
0.782543
0.825894
0.702352
0.824011
0.734524
0.890777
0.760234
0.793141
0.710710
0.900417
0.588482
0.681504
0.643068
0.739992
0.651441
0.929149
0.739563
0.759961
0.804501
0.711351
0.769484
0.797261
0.677366
0.876901
0.863334
0.746155
0.707135
0.698879
0.712040
0.640357
0.689209
0.743349
0.758618
0.587926
0.594440
0.686171
0.721246
0.775093
0.731661
0.644510
0.663740
0.687317
0.757927
0.840434
0.874783
0.635030
0.591068
0.765716
0.738659
0.645850
0.672199
0.720539
0.781527
0.527693
0.921984
0.719134
0.951548
0.556241
0.805196
0.618132
0.649177
0.544355
0.594703
0.734361
0.632220
0.685898
0.808610
0.681591
0.756397
0.637648
0.914216
0.887486
0.731987
0.697981
0.651545
0.845581
0.928156
0.684213
0.719774
0.809275
0.863067
0.900685
0.651545
0.659132
0.909878
0.792628
0.692294
0.640634
0.554385
0.715365
0.651534
0.618897
0.566062
0.726153
0.893366
0.906768
0.876449
0.609807
0.565045
0.565877
0.755818
0.798937
0.639150
0.605207
0.829281
0.737584
0.653544
0.721111
0.611163
0.580586
0.804484
0.660028
0.660249
0.737459
0.859784
0.788467
0.575778
0.862258
0.627845
0.698987
1.005327
0.562315
0.668893
0.722102
0.762747
0.765473
0.707637
0.759336
0.649481
0.682152
0.590330
0.622809
0.806098
0.661002
0.662822
0.757821
0.619149
0.724253
0.849087
0.717888
0.740170
0.688280
0.881768
0.760508
0.823895
0.807462
0.656604
0.753892
0.806597
0.786364
0.673593
0.838650
0.779669
0.716753
0.767380
0.740281
0.856198
0.885881
0.571918
0.664758
0.553453
0.731705
0.679615
0.647713
0.820711
0.742423
0.932600
0.815275
0.758449
0.730370
0.595178
0.794401
0.668010
0.596586
0.734996
0.791103
0.743900
0.740123
0.811022
0.792727
0.953147
0.704771
0.738533
0.613449
0.629522
0.748157
0.666151
0.697886
0.806185
0.686304
0.657976
0.623728
0.863754
0.722361
0.681604
0.659877
0.654698
0.704209
0.614847
0.607139
0.755893
0.691897
0.754156
0.700067
0.726167
0.698668
0.589402
0.738958
0.610198
0.602774
0.560511
0.660593
0.866575
0.533218
0.874111
0.787806
0.753441
0.695130
0.565194
0.665260
0.724797
1.020660
0.785000
0.710056
0.696327
0.676508
0.793861
0.773174
0.692462
0.686780
0.693202
0.761150
0.707077
0.815320
0.639655
0.678087
0.682148
0.689448
0.705401
0.683828
0.652868
0.755373
0.740284
0.822701
0.845083
0.635581
0.927763
0.737581
0.697865
0.742009
0.871359
0.788661
0.912070
0.668767
0.724504
0.680755
0.749478
0.740518
0.564341
0.621123
0.818909
0.812172
0.912093
0.874329
0.598606
0.717205
0.582684
0.674465
0.703357
0.819557
0.741875
0.685586
0.803339
0.631733
0.523246
0.648662
0.681361
0.921264
0.749550
0.661876
0.710088
0.685192
0.800215
0.612552
0.782452
0.518003
0.671367
0.764419
0.626095
0.595853
0.664624
0.695963
1.112252
0.473847
0.745740
0.711937
0.492742
0.564873
0.655694
0.630107
0.553783
0.614690
0.503295
0.581893
0.521244
0.489635
0.549331
0.578242
0.775738
0.474227
0.627222
0.463075
0.414011
0.499706
0.467567
0.488009
0.756882
0.433020
0.620365
0.750986
0.534354
0.687514
0.694798
0.699910
0.632913
0.626301
0.793118
0.758409
0.814677
0.463644
0.671831
0.780182
0.659398
0.451852
0.702061
0.621917
0.632473
0.536458
0.674228
0.842537
0.697426
0.586716
0.541307
0.650875
0.599938
0.681058
0.636947
0.818958
0.496874
0.586034
0.535506
0.613083
0.659238
0.515889
0.566858
0.606866
0.678773
0.591992
0.635902
0.628150
0.623937
0.721461
0.711949
0.722832
0.577057
0.780141
0.376545
0.690003
0.517301
0.589531
0.536375
0.537497
0.652947
0.644280
0.551922
0.662876
0.726391
0.470288
0.725365
0.686023
0.815661
0.601881
0.473037
0.539186
0.564359
0.469981
0.560453
0.790212
0.616476
0.621988
0.556487
0.767432
0.485545
0.568993
0.442109
0.438505
0.673794
0.748494
0.486200
0.623122
0.715646
0.503233
0.582175
0.656731
0.624095
0.638422
0.568831
0.643467
0.569156
0.651636
0.581475
0.646644
0.693539
0.470853
0.664276
0.649257
0.591244
0.583251
0.631577
0.661781
0.643315
0.704515
0.639477
0.613817
0.584206
0.598712
0.680155
0.689523
0.784323
0.576685
0.522892
0.683178
0.711369
0.563364
0.693670
0.626410
0.651034
0.615757
0.646027
0.600961
0.773578
0.623502
0.676480
0.585140
0.615859
0.534179
0.621746
0.569873
0.542824
0.610045
0.567779
0.562048
0.666994
0.673299
0.540148
0.588743
0.609259
0.559607
0.489913
0.459765
0.822950
0.590595
0.518652
0.723653
0.634832
0.573446
0.621609
0.644409
0.639963
0.626958
0.653591
0.559187
0.632012
0.798024
0.522245
0.528766
0.719061
0.703284
0.671327
0.690531
0.515774
0.487236
0.843185
0.786437
0.484442
0.615472
0.591806
0.686067
0.632160
0.603831
0.560678
0.584752
0.920459
0.676430
0.805747
0.584981
0.671069
0.760372
0.668773
0.660336
0.714288
0.705218
1.070107
0.714825
0.610975
0.620989
0.902210
0.695693
0.744735
0.721058
0.630560
0.570743
0.571691
0.776519
0.591808
0.646025
0.701025
0.676954
0.659478
0.519270
0.607798
0.676475
0.674667
0.736509
0.759541
0.765759
0.679367
0.645457
0.673996
0.547404
0.534866
0.526762
0.495995
0.842108
0.776115
0.577896
0.697121
0.688224
0.677651
0.653583
0.744089
0.620804
0.650197
0.532784
0.497405
0.611590
0.537648
0.742775
0.689673
0.566214
0.601444
0.705565
0.519285
0.615472
0.621164
0.569563
0.688981
0.504291
0.508119
0.621416
0.542866
0.503039
0.568356
0.474817
0.539752
0.503899
0.687770
0.689356
0.620860
0.608926
0.599084
0.616398
0.615229
0.583200
0.810993
0.641567
0.718882
0.541200
0.526502
0.577567
0.851695
0.547523
0.736173
0.588414
0.683443
0.808317
0.601933
0.578095
0.638443
0.581557
0.648317
0.716103
0.581085
0.494075
0.774163
0.594997
0.611331
0.593076
0.537253
0.532715
0.655525
0.610753
0.611779
0.524928
0.693163
0.670113
0.735361
0.718291
0.698732
0.784726
0.621869
0.739043
0.701991
0.754844
0.756862
0.705907
0.624763
0.886766
0.573016
0.633262
0.542029
0.578941
0.604170
0.696768
0.587652
0.521173
0.544473
0.721436
0.684271
0.460511
0.540844
0.645895
0.544155
0.684283
0.573172
0.653475
0.476921
0.656717
0.743212
0.554613
0.709484
0.619657
0.614652
0.602867
0.720249
0.611054
0.620341
0.697243
0.680849
0.731403
0.777154
0.680871
0.792668
0.613811
0.659297
0.646205
0.644215
0.554630
0.587363
0.734058
0.502688
0.933176
0.657200
0.638677
0.587832
0.680140
0.487129
0.615205
0.551779
0.687722
0.589632
0.703304
0.756469
0.414801
0.474421
0.510118
0.619823
0.767768
0.500443
0.544960
0.404552
0.688149
0.716821
0.622665
0.578846
0.716629
0.504831
0.423217
0.399341
0.558524
0.458606
0.481140
0.336311
0.655125
0.425265
0.541871
0.479717
0.503463
0.507801
0.554029
0.549759
0.450000
0.524649
0.477166
0.514202
0.401742
0.738208
0.467479
0.644293
0.498411
0.418488
0.434497
0.548597
0.646974
0.492933
0.506471
0.608838
0.543666
0.509890
0.553839
0.509678
0.721725
0.407660
0.627581
0.447018
0.668585
0.476056
0.390843
0.642032
0.646731
0.496450
0.534879
0.647807
0.732217
0.535677
0.502544
0.560812
0.465755
0.590144
0.518905
0.471640
0.493317
0.529562
0.470093
0.504878
0.372662
0.463375
0.390644
0.457846
0.553466
0.465303
0.591451
0.493395
0.554279
0.447914
0.551194
0.619332
0.507966
0.451771
0.557272
0.438607
0.358535
0.423383
0.494466
0.419905
0.558744
0.482978
0.463275
0.626409
0.538938
0.506861
0.533254
0.651866
0.422801
0.489352
0.391370
0.542205
0.549988
0.370063
0.590109
0.453980
0.587653
0.431633
0.498489
0.441117
0.379287
0.447179
0.453142
0.614739
0.500416
0.419882
0.565113
0.558068
0.595817
0.455091
0.567144
0.495941
0.459104
0.390119
0.431025
0.323571
0.551366
0.502339
0.607377
0.453106
0.343169
0.595066
0.574893
0.450944
0.392506
0.510306
0.546189
0.446921
0.620435
0.487948
0.428958
0.649711
0.423829
0.611721
0.486732
0.622684
0.575386
0.542030
0.524282
0.571224
0.670814
0.438224
0.610977
0.554075
0.561740
0.495174
0.429953
0.539048
0.557642
0.650812
0.817479
0.510664
0.403832
0.482942
0.556508
0.413061
0.549554
0.474220
0.552482
0.516380
0.513677
0.512414
0.486221
0.807821
0.510972
0.512894
0.598887
0.543787
0.582184
0.469627
0.501165
0.588707
0.505096
0.500873
0.600855
0.544960
0.464886
0.564196
0.623343
0.482504
0.508358
0.505716
0.447457
0.480808
0.504964
0.664821
0.513263
0.430489
0.457387
0.599958
0.539658
0.531699
0.535528
0.418120
0.545756
0.637557
0.544511
0.709595
0.548485
0.741894
0.594893
0.534055
0.362410
0.568737
0.530584
0.673260
0.350159
0.542264
0.517862
0.433008
0.484712
0.684080
0.462755
0.536442
0.442190
0.545691
0.400750
0.427419
0.456239
0.676155
0.600638
0.355750
0.489428
0.502157
0.652466
0.549328
0.553882
0.483890
0.569289
0.547647
0.605865
0.541907
0.490505
0.537429
0.559425
0.615639
0.635102
0.367813
0.517775
0.580026
0.563939
0.479401
0.573179
0.432073
0.402139
0.413137
0.476708
0.487950
0.575203
0.468727
0.608627
0.572434
0.770111
0.687747
0.495469
0.516701
0.554447
0.457947
0.651418
0.690372
0.476407
0.420103
0.578571
0.584611
0.468994
0.494880
0.511988
0.537618
0.544894
0.441904
0.658413
0.551020
0.478288
0.582059
0.460719
0.569078
0.597636
0.495164
0.474505
0.556460
0.783337
0.487146
0.557354
0.588146
0.533744
0.571461
0.535369
0.685571
0.618240
0.616433
0.470771
0.548739
0.485689
0.559194
0.590539
0.529605
0.706775
0.555330
0.651432
0.640619
0.585197
0.513245
0.433582
0.426832
0.554069
0.393863
0.414880
0.430245
0.621832
0.637833
0.585370
0.514656
0.405976
0.649616
0.438851
0.528950
0.692643
0.588201
0.457492
0.509209
0.408828
0.548042
0.512149
0.618885
0.604785
0.590762
0.548546
0.421171
0.455369
0.576223
0.419261
0.599131
0.599611
0.655355
0.550217
0.507426
0.481460
0.440071
0.462019
0.626991
0.563096
0.557538
0.544476
0.539570
0.555951
0.614582
0.516439
0.397211
0.491909
0.544892
0.535535
0.528422
0.638825
0.640298
0.606170
0.528981
0.479512
0.577544
0.455883
0.673015
0.638033
0.636834
0.600318
0.779022
0.432638
0.506663
0.479397
0.554744
0.620392
0.608360
0.550028
0.566920
0.586909
0.557454
0.643463
0.598503
0.528150
0.691741
0.634464
0.546158
0.874780
0.654378
0.682241
0.661984
0.467229
0.467699
0.626173
0.509102
0.727409
0.547203
0.454760
0.531288
0.496183
0.471980
0.489889
0.431616
0.453783
0.396797
0.415629
0.511411
0.364902
0.353068
0.326825
0.283514
0.352519
0.465512
0.530730
0.446749
0.398054
0.408819
0.414629
0.333352
0.305767
0.364170
0.504837
0.337898
0.364916
0.423532
0.466881
0.296307
0.393225
0.437134
0.379214
0.539991
0.321571
0.320438
0.406015
0.494264
0.485707
0.525022
0.378496
0.537914
0.425351
0.414807
0.319031
0.495769
0.477381
0.546499
0.350721
0.484015
0.444051
0.373552
0.370531
0.422428
0.418292
0.372896
0.355067
0.456390
0.345320
0.280115
0.306705
0.506341
0.430888
0.475934
0.267582
0.439551
0.362673
0.407101
0.292376
0.524072
0.417008
0.377642
0.449308
0.459696
0.680228
0.413977
0.509040
0.413131
0.453043
0.472834
0.360493
0.521872
0.602808
0.329119
0.618916
0.375221
0.370467
0.467412
0.265451
0.468960
0.346364
0.491972
0.386794
0.422274
0.387915
0.406466
0.503537
0.390272
0.352457
0.538700
0.447002
0.456747
0.455445
0.377265
0.465129
0.579176
0.431647
0.644601
0.347420
0.510938
0.491016
0.571688
0.482611
0.543986
0.565756
0.591522
0.478413
0.372858
0.397554
0.487750
0.549092
0.419154
0.592304
0.496451
0.476705
0.388175
0.454351
0.526351
0.238851
0.445885
0.466422
0.374081
0.411185
0.463974
0.447495
0.428651
0.511855
0.473666
0.453290
0.336249
0.544704
0.309147
0.452090
0.381303
0.412827
0.592954
0.504753
0.553947
0.390455
0.579873
0.543905
0.411890
0.334342
0.403426
0.506901
0.576428
0.425358
0.318771
0.443528
0.302260
0.376848
0.534968
0.452396
0.483850
0.470892
0.376641
0.587100
0.399056
0.358599
0.412138
0.333739
0.549016
0.539290
0.407769
0.371656
0.432852
0.303913
0.468143
0.410671
0.519957
0.548632
0.335566
0.510491
0.399529
0.342359
0.323283
0.604115
0.447897
0.441507
0.493332
0.488945
0.521376
0.676271
0.370597
0.475389
0.431249
0.465183
0.386933
0.444891
0.399034
0.480554
0.425467
0.354353
0.339700
0.443474
0.455601
0.555416
0.536835
0.463341
0.450669
0.261734
0.494888
0.447691
0.528076
0.407992
0.267845
0.543450
0.454730
0.361839
0.385117
0.477027
0.341239
0.485056
0.535137
0.592030
0.575543
0.477077
0.361139
0.540466
0.404764
0.461946
0.307012
0.365680
0.492193
0.428633
0.533087
0.531137
0.334361
0.498141
0.512287
0.512438
0.414971
0.383810
0.419667
0.595743
0.481235
0.480793
0.531218
0.476279
0.461305
0.581034
0.465042
0.487268
0.435795
0.377778
0.484504
0.379835
0.487543
0.462136
0.476140
0.532332
0.541185
0.549367
0.489531
0.458623
0.588220
0.559838
0.403966
0.554457
0.470808
0.449269
0.606661
0.584016
0.548489
0.644958
0.403651
0.413741
0.568358
0.340434
0.486713
0.543140
0.590939
0.370560
0.459634
0.451151
0.367637
0.590613
0.517873
0.569673
0.546146
0.513760
0.515102
0.344877
0.513081
0.602705
0.530508
0.527520
0.473796
0.566570
0.318189
0.536652
0.572381
0.556881
0.408760
0.499706
0.452324
0.387292
0.401914
0.383292
0.605856
0.445491
0.410652
0.497700
0.455749
0.486615
0.458317
0.290823
0.576653
0.501794
0.466325
0.479413
0.399825
0.366621
0.519729
0.556744
0.373413
0.586231
0.514433
0.346055
0.341783
0.518992
0.458014
0.513441
0.444860
0.540781
0.330073
0.398057
0.492896
0.626168
0.343491
0.564635
0.495593
0.571997
0.552572
0.495938
0.434758
0.624133
0.431166
0.445259
0.450717
0.577569
0.723458
0.571324
0.626503
0.453421
0.441673
0.468208
0.465990
0.501243
0.496609
0.361115
0.367129
0.448444
0.563661
0.380684
0.420232
0.375005
0.451289
0.698066
0.402381
0.469048
0.447163
0.491975
0.483105
0.370614
0.324416
0.493874
0.360278
0.577551
0.432250
0.608496
0.555985
0.465694
0.466388
0.475765
0.514321
0.389265
0.529999
0.523394
0.512680
0.418793
0.336199
0.461140
0.476694
0.414648
0.398170
0.291366
0.321246
0.391542
0.343878
0.424905
0.291507
0.342292
0.461171
0.354733
0.365911
0.232358
0.285547
0.299220
0.340547
0.411555
0.245651
0.321454
0.422369
0.328036
0.329921
0.394639
0.289201
0.342827
0.243643
0.394089
0.368822
0.485626
0.282156
0.377292
0.213190
0.368850
0.311528
0.392924
0.286138
0.211620
0.353610
0.409565
0.458757
0.395533
0.290076
0.330321
0.480941
0.528772
0.314903
0.376744
0.230508
0.300441
0.289730
0.311913
0.463906
0.419614
0.272750
0.403951
0.469134
0.204622
0.336083
0.478124
0.345815
0.247292
0.327811
0.358835
0.460768
0.270597
0.408086
0.308941
0.436500
0.307994
0.317699
0.299649
0.452625
0.419301
0.450913
0.349659
0.374594
0.380690
0.239747
0.382301
0.365480
0.343797
0.344375
0.431804
0.401948
0.564997
0.413301
0.432548
0.220687
0.339468
0.357607
0.337475
0.391460
0.390385
0.293820
0.440485
0.337510
0.333515
0.334362
0.460248
0.427635
0.371694
0.394161
0.396923
0.527476
0.437271
0.456110
0.369874
0.391825
0.369302
0.408535
0.390912
0.441014
0.423207
0.369906
0.394208
0.281755
0.416320
0.437808
0.506076
0.399001
0.276688
0.250890
0.388899
0.378545
0.342112
0.358616
0.420297
0.413932
0.240136
0.252859
0.368184
0.314750
0.319403
0.348460
0.346094
0.411909
0.342158
0.411057
0.388456
0.392561
0.390463
0.397590
0.472589
0.331410
0.361118
0.465040
0.472148
0.344867
0.304272
0.323258
0.351633
0.413135
0.412026
0.320736
0.339766
0.373035
0.417684
0.433765
0.370706
0.496042
0.493933
0.413028
0.468283
0.523917
0.287602
0.445943
0.524122
0.383946
0.527195
0.367288
0.363646
0.323277
0.343221
0.241807
0.325506
0.638604
0.331484
0.436106
0.325156
0.534614
0.343104
0.346804
0.445246
0.419277
0.495856
0.488243
0.510986
0.366869
0.275365
0.408477
0.316078
0.500561
0.636009
0.405710
0.417221
0.513324
0.481064
0.308234
0.376633
0.398864
0.400916
0.411913
0.333813
0.459098
0.476609
0.390396
0.403493
0.423146
0.435013
0.405992
0.461483
0.330486
0.296127
0.338498
0.357121
0.285145
0.443289
0.364043
0.408078
0.294842
0.425126
0.367557
0.375876
0.507676
0.541752
0.355855
0.362657
0.328283
0.553278
0.532130
0.405319
0.383175
0.402541
0.534992
0.405187
0.500417
0.334935
0.525885
0.506964
0.534471
0.437609
0.479049
0.393142
0.447748
0.348565
0.282364
0.530440
0.384417
0.462449
0.525133
0.350043
0.501356
0.312004
0.580191
0.446338
0.399891
0.336037
0.485405
0.454960
0.499433
0.326142
0.488757
0.455224
0.394509
0.405524
0.506494
0.447075
0.319382
0.480339
0.329075
0.347648
0.385364
0.339502
0.484139
0.435936
0.559765
0.383708
0.321723
0.335914
0.502442
0.293733
0.508001
0.395771
0.329552
0.321093
0.382544
0.408541
0.417713
0.419629
0.355693
0.539510
0.455995
0.493953
0.386873
0.254815
0.320138
0.439662
0.458271
0.469325
0.397363
0.344792
0.460965
0.384749
0.310253
0.430837
0.296891
0.263553
0.506774
0.349304
0.299624
0.441292
0.387220
0.325777
0.374419
0.375195
0.550468
0.535371
0.239267
0.486528
0.335405
0.371365
0.342106
0.251858
0.524921
0.441273
0.445601
0.486779
0.362750
0.402460
0.389355
0.252550
0.403993
0.386215
0.333017
0.582691
0.429500
0.339686
0.272708
0.470269
0.497156
0.310339
0.271434
0.277063
0.327909
0.496478
0.223858
0.328875
0.446289
0.425392
0.264449
0.406515
0.449467
0.322980
0.421189
0.406390
0.477681
0.349232
0.372372
0.374419
0.415375
0.460032
0.380242
0.365016
0.461086
0.497302
0.441562
0.361765
0.384705
0.328499
0.277826
0.370256
0.358755
0.451731
0.382724
0.409401
0.413353
0.532169
0.397059
0.493506
0.392263
0.518554
0.608995
0.449309
0.389821
0.525979
0.547391
0.376260
0.335579
0.352990
0.266743
0.223191
0.295668
0.300154
0.261070
0.423252
0.307530
0.274654
0.372691
0.287644
0.241425
0.283823
0.360857
0.358610
0.277468
0.392225
0.289562
0.418510
0.244576
0.273008
0.341237
0.349853
0.231375
0.364886
0.267197
0.297847
0.335939
0.449432
0.263291
0.266426
0.264559
0.202778
0.303222
0.255685
0.364567
0.352969
0.358123
0.291690
0.203415
0.449648
0.443746
0.336301
0.285637
0.254808
0.214995
0.301336
0.310421
0.405949
0.271123
0.306558
0.245929
0.204534
0.313093
0.331138
0.309407
0.293918
0.395487
0.463261
0.358478
0.325416
0.260309
0.290708
0.331252
0.215358
0.267716
0.313508
0.284909
0.340919
0.316852
0.349264
0.324408
0.279427
0.277842
0.166355
0.398182
0.385950
0.245226
0.296128
0.358189
0.432274
0.422770
0.416722
0.351172
0.304002
0.451686
0.360973
0.369319
0.289908
0.297565
0.291962
0.320483
0.459677
0.318411
0.346820
0.397608
0.241096
0.337594
0.374631
0.315819
0.360825
0.395181
0.224061
0.422243
0.264169
0.218068
0.431107
0.383859
0.235824
0.323946
0.257383
0.299983
0.302555
0.350157
0.335061
0.449983
0.370923
0.309199
0.209191
0.349431
0.364812
0.288932
0.518791
0.388698
0.334819
0.278904
0.509250
0.360659
0.485414
0.330686
0.368574
0.376642
0.375506
0.322540
0.308514
0.339946
0.353149
0.301761
0.291934
0.439088
0.266779
0.366525
0.277390
0.260960
0.266513
0.319525
0.539428
0.281231
0.362874
0.310283
0.455801
0.238743
0.398882
0.374797
0.417735
0.415890
0.427968
0.342093
0.476506
0.530041
0.336837
0.303169
0.423984
0.329089
0.377529
0.399269
0.285146
0.394455
0.411728
0.292012
0.331445
0.286052
0.315098
0.177196
0.381994
0.246476
0.238507
0.390471
0.382865
0.252124
0.269703
0.267569
0.243311
0.170414
0.262780
0.355998
0.243995
0.234399
0.327931
0.308874
0.332905
0.266079
0.237119
0.321863
0.346046
0.350964
0.296831
0.313073
0.306727
0.244162
0.263665
0.384441
0.386182
0.219587
0.335309
0.383613
0.245971
0.367106
0.273011
0.358684
0.355222
0.262390
0.410423
0.332696
0.495548
0.384670
0.394178
0.297046
0.249370
0.266126
0.408451
0.323051
0.327119
0.309857
0.354498
0.276781
0.242749
0.254134
0.254505
0.287369
0.444001
0.332634
0.268668
0.323116
0.333161
0.336257
0.273603
0.263002
0.401290
0.346438
0.217891
0.303546
0.226790
0.535171
0.390951
0.344941
0.411711
0.362827
0.320018
0.366195
0.293000
0.450195
0.296246
0.317936
0.397220
0.330452
0.363765
0.361653
0.326166
0.238387
0.491865
0.245552
0.424579
0.340869
0.328568
0.218543
0.402437
0.251573
0.220969
0.285963
0.371695
0.490004
0.341570
0.250773
0.367501
0.444164
0.262772
0.469098
0.438790
0.418881
0.364550
0.366811
0.436570
0.451391
0.273553
0.438125
0.361690
0.423046
0.332471
0.344231
0.391378
0.387595
0.356981
0.341868
0.402714
0.402434
0.345980
0.328396
0.275778
0.569354
0.417164
0.335502
0.250251
0.457169
0.420889
0.322957
0.292689
0.439473
0.292531
0.338966
0.439147
0.274606
0.489994
0.253254
0.244898
0.412047
0.493438
0.230361
0.364282
0.347180
0.456794
0.325849
0.388944
0.410528
0.396471
0.331578
0.270382
0.373134
0.378549
0.357359
0.305101
0.347258
0.333626
0.359131
0.299482
0.360837
0.363729
0.342338
0.368668
0.332674
0.307964
0.460096
0.293092
0.509721
0.475639
0.282098
0.385744
0.272937
0.513156
0.422108
0.473255
0.292804
0.293498
0.402948
0.538855
0.472412
0.347502
0.413507
0.457866
0.347143
0.448667
0.279903
0.243853
0.285120
0.398706
0.427010
0.428710
0.429163
0.337284
0.346171
0.311920
0.352319
0.311315
0.331738
0.386148
0.256880
0.316429
0.357979
0.388371
0.241480
0.179658
0.262591
0.373716
0.392482
0.349025
0.196807
0.323248
0.297890
0.321811
0.280325
0.265887
0.291074
0.289587
0.260365
0.245747
0.135684
0.253947
0.193679
0.263452
0.231744
0.269061
0.174073
0.195847
0.193627
0.222548
0.210064
0.311703
0.286426
0.324245
0.109876
0.266636
0.194725
0.163893
0.250289
0.276869
0.195890
0.321098
0.205496
0.297788
0.260393
0.327900
0.410583
0.206739
0.212680
0.226374
0.181856
0.435123
0.206857
0.332849
0.245084
0.264989
0.301642
0.238576
0.215608
0.356121
0.287761
0.328246
0.317750
0.182842
0.184598
0.200866
0.203850
0.186274
0.278694
0.344887
0.191388
0.164762
0.257505
0.249015
0.157364
0.330190
0.265845
0.267359
0.349552
0.234335
0.387281
0.356313
0.304809
0.284240
0.209268
0.225817
0.300004
0.361458
0.400891
0.233409
0.199941
0.236400
0.310565
0.249443
0.257751
0.296181
0.314857
0.259757
0.309315
0.201903
0.327873
0.222469
0.148426
0.287668
0.390477
0.226852
0.198526
0.315402
0.355930
0.165704
0.263673
0.271356
0.292779
0.252300
0.385306
0.299057
0.259039
0.232782
0.249927
0.381874
0.384540
0.195949
0.259679
0.203638
0.221607
0.266140
0.214060
0.264790
0.329964
0.393982
0.141466
0.249757
0.218286
0.279361
0.168722
0.174203
0.228468
0.250650
0.310355
0.262378
0.172844
0.359800
0.228692
0.271437
0.188075
0.199686
0.317667
0.272983
0.363131
0.330307
0.244619
0.269172
0.230227
0.316839
0.494263
0.285103
0.184181
0.200301
0.328463
0.413332
0.274113
0.326297
0.477589
0.249202
0.225255
0.261734
0.248070
0.280776
0.305848
0.430171
0.371239
0.364971
0.221822
0.283705
0.295288
0.298237
0.366363
0.235882
0.276763
0.285237
0.496515
0.238339
0.252635
0.359908
0.252676
0.499026
0.203398
0.193317
0.333270
0.327220
0.379373
0.406724
0.352434
0.315121
0.190748
0.162595
0.349744
0.336184
0.413862
0.296473
0.310220
0.240543
0.235075
0.239487
0.252462
0.344553
0.379879
0.211219
0.380092
0.260020
0.207266
0.229724
0.365388
0.218376
0.217425
0.280946
0.338260
0.277927
0.302879
0.282653
0.285658
0.230678
0.477372
0.223058
0.352537
0.291992
0.256381
0.255341
0.435601
0.203959
0.309938
0.284080
0.409731
0.272805
0.311785
0.271848
0.383454
0.365423
0.346293
0.338269
0.339388
0.293372
0.265292
0.291092
0.502409
0.252255
0.255537
0.234315
0.368787
0.328922
0.330484
0.355323
0.233020
0.295063
0.361006
0.243337
0.254610
0.438277
0.298874
0.381908
0.203640
0.351418
0.244975
0.407964
0.309555
0.238219
0.226011
0.213478
0.285947
0.238748
0.310064
0.478949
0.361327
0.103342
0.296296
0.416725
0.359419
0.379825
0.338960
0.280382
0.226997
0.325168
0.244255
0.274830
0.357693
0.353554
0.353473
0.261101
0.282310
0.337694
0.332000
0.261745
0.281833
0.304338
0.282105
0.336965
0.183026
0.299770
0.387150
0.347622
0.339063
0.274435
0.363596
0.262160
0.221134
0.218418
0.304987
0.389473
0.323065
0.302078
0.280284
0.387229
0.223463
0.246431
0.279725
0.251632
0.500667
0.294914
0.338363
0.341287
0.229539
0.340678
0.279478
0.297399
0.362082
0.250929
0.388782
0.339368
0.304569
0.362831
0.303891
0.306711
0.399365
0.340629
0.402516
0.355839
0.304503
0.391839
0.356540
0.478429
0.283634
0.307509
0.343555
0.270896
0.331024
0.293199
0.334751
0.312488
0.295622
0.216541
0.283732
0.274780
0.371752
0.272305
0.368727
0.258761
0.262968
0.231674
0.355520
0.398191
0.357627
0.306113
0.234334
0.240212
0.269550
0.436669
0.289773
0.358883
0.299129
0.299605
0.286724
0.284444
0.435766
0.337543
0.291454
0.332426
0.263144
0.398065
0.388650
0.234461
0.257700
0.462090
0.264607
0.238206
0.327353
0.255782
0.396851
0.365203
0.255615
0.302991
0.305485
0.254995
0.347681
0.398403
0.343991
0.365989
0.289100
0.387442
0.324200
0.492689
0.215706
0.383999
0.285208
0.271220
0.251067
0.315583
0.295596
0.346420
0.187782
0.285683
0.206175
0.161427
0.259540
0.220270
0.248711
0.198850
0.192433
0.159970
0.145374
0.208329
0.224722
0.188896
0.175350
0.200842
0.154162
0.192738
0.185201
0.230102
0.146828
0.200991
0.392478
0.167765
0.207240
0.299832
0.102142
0.174768
0.197166
0.243582
0.218706
0.189157
0.195577
0.284232
0.297259
0.134915
0.238029
0.178175
0.205328
0.145221
0.092040
0.217578
0.213950
0.191101
0.272253
0.234473
0.189012
0.250275
0.168891
0.192064
0.159241
0.236812
0.183741
0.178113
0.224377
0.145177
0.151653
0.177182
0.186895
0.163779
0.317860
0.158985
0.142276
0.175984
0.178431
0.272466
0.267916
0.198173
0.164766
0.276408
0.257101
0.162135
0.151203
0.252251
0.207221
0.218570
0.213097
0.137741
0.262641
0.213017
0.272505
0.379687
0.352308
0.238248
0.128827
0.241711
0.149614
0.281314
0.506388
0.362466
0.248074
0.225203
0.234842
0.266899
0.217297
0.197531
0.176498
0.238019
0.250192
0.313583
0.178925
0.241928
0.187451
0.226695
0.236713
0.253967
0.192845
0.122033
0.223466
0.176290
0.251158
0.293074
0.173990
0.202318
0.329771
0.339241
0.252078
0.239255
0.255619
0.135611
0.197318
0.269454
0.196095
0.228138
0.223317
0.234647
0.261990
0.207162
0.162668
0.203616
0.151897
0.243016
0.154057
0.264582
0.243766
0.250399
0.160532
0.218438
0.169571
0.159669
0.188099
0.145093
0.218180
0.255687
0.242817
0.222115
0.141082
0.110083
0.277056
0.167632
0.220858
0.338890
0.258801
0.236151
0.170370
0.214859
0.256166
0.306090
0.214537
0.288217
0.174439
0.234569
0.300300
0.168428
0.325554
0.241833
0.106310
0.233849
0.263193
0.209220
0.205361
0.448116
0.156891
0.262873
0.257527
0.167615
0.185139
0.255456
0.294224
0.295282
0.257262
0.301681
0.303832
0.281597
0.197284
0.178865
0.377702
0.306611
0.447321
0.373248
0.249204
0.277880
0.214407
0.318724
0.353437
0.356948
0.338569
0.238831
0.165590
0.317018
0.242331
0.379135
0.272058
0.321594
0.210580
0.201646
0.278504
0.252670
0.344529
0.154093
0.185344
0.287138
0.227690
0.322294
0.164389
0.465761
0.279901
0.290784
0.198368
0.255167
0.228879
0.340645
0.185441
0.252341
0.320021
0.131404
0.318043
0.296445
0.190006
0.163246
0.268451
0.209101
0.241906
0.351005
0.186296
0.244141
0.138110
0.202342
0.304674
0.283723
0.191379
0.223729
0.222517
0.348360
0.310215
0.192745
0.168241
0.181872
0.304951
0.281150
0.174194
0.238104
0.373861
0.283476
0.406311
0.214747
0.294409
0.295189
0.447614
0.317558
0.136686
0.250089
0.242299
0.210371
0.269911
0.287779
0.205952
0.369855
0.212298
0.295133
0.205725
0.240779
0.254829
0.320406
0.235781
0.169240
0.317255
0.223465
0.291652
0.148484
0.193147
0.157362
0.324610
0.250489
0.252624
0.304420
0.335400
0.234515
0.354644
0.268815
0.165444
0.329519
0.257984
0.327579
0.242598
0.100572
0.249460
0.209570
0.466629
0.311618
0.218080
0.279140
0.385373
0.218110
0.218595
0.199257
0.288312
0.232273
0.359640
0.227755
0.260278
0.358742
0.203791
0.276091
0.197815
0.120380
0.275273
0.307904
0.305449
0.179849
0.206546
0.359576
0.332873
0.254405
0.508987
0.346354
0.209958
0.356006
0.339883
0.194883
0.350939
0.324378
0.226997
0.334908
0.235118
0.291392
0.292090
0.324998
0.218173
0.157510
0.249190
0.266433
0.149780
0.385657
0.263117
0.244173
0.337495
0.277293
0.250716
0.217739
0.221659
0.287194
0.271800
0.202351
0.229686
0.255916
0.281229
0.243160
0.354722
0.269863
0.270171
0.271641
0.491109
0.279985
0.205377
0.347964
0.340857
0.279716
0.186929
0.233598
0.176071
0.155342
0.294574
0.241477
0.220527
0.345450
0.421261
0.266217
0.269260
0.217852
0.361460
0.229267
0.266672
0.387686
0.205548
0.126832
0.236320
0.228663
0.190282
0.261669
0.094583
0.190094
0.138399
0.171692
0.249783
0.198479
0.172789
0.114322
0.201550
0.107311
0.120427
0.237028
0.214782
0.188482
0.277193
0.163972
0.235277
0.190398
0.277459
0.139722
0.166792
0.152752
0.190119
0.093786
0.155904
0.233247
0.174745
0.206113
0.253821
0.134336
0.118723
0.260161
0.322863
0.087835
0.215662
0.155660
0.201116
0.233405
0.263465
0.236220
0.105409
0.153387
0.254069
0.183558
0.286530
0.236755
0.182002
0.134397
0.174259
0.095074
0.124228
0.186639
0.159066
0.195262
0.338119
0.135333
0.189451
0.114317
0.232700
0.210023
0.174727
0.231564
0.164343
0.135954
0.061248
0.239124
0.182362
0.156423
0.152693
0.181446
0.220907
0.142793
0.144379
0.187712
0.243578
0.204668
0.145723
0.173671
0.164091
0.207431
0.245498
0.327709
0.191256
0.220325
0.242390
0.165608
0.212805
0.154309
0.234873
0.212731
0.235247
0.182628
0.157627
0.131221
0.107035
0.232717
0.186026
0.176067
0.117798
0.231189
0.162106
0.159318
0.248686
0.190720
0.149329
0.194617
0.159673
0.374383
0.212732
0.203361
0.238090
0.116234
0.114613
0.138740
0.109523
0.094858
0.299238
0.321692
0.091356
0.134182
0.285308
0.269308
0.277995
0.224549
0.207909
0.280247
0.293725
0.142338
0.315743
0.108092
0.243379
0.261073
0.169549
0.173764
0.262106
0.148529
0.203156
0.196111
0.297750
0.232441
0.193359
0.233117
0.220468
0.334658
0.184379
0.299185
0.298022
0.147016
0.158189
0.135251
0.144116
0.102798
0.309799
0.118374
0.243124
0.164165
0.196640
0.171076
0.241410
0.140459
0.215246
0.240000
0.159790
0.087516
0.186527
0.181243
0.143433
0.297449
0.160421
0.222148
0.240396
0.152187
0.248537
0.202898
0.363657
0.107718
0.177553
0.160734
0.156027
0.216909
0.155446
0.104965
0.232407
0.182282
0.114405
0.275732
0.137647
0.168739
0.163591
0.226340
0.250455
0.237808
0.285453
0.181068
0.277416
0.294653
0.161310
0.166839
0.254427
0.205802
0.237035
0.188905
0.137998
0.192335
0.165910
0.195192
0.185536
0.242340
0.127812
0.121105
0.283199
0.175552
0.251398
0.194965
0.130663
0.186074
0.176823
0.162361
0.185431
0.147856
0.235735
0.211558
0.162775
0.320490
0.298257
0.204458
0.169987
0.240399
0.213600
0.181875
0.209912
0.264813
0.156351
0.178830
0.201763
0.184821
0.253977
0.211741
0.154258
0.295707
0.200459
0.136184
0.333387
0.317423
0.249693
0.242651
0.232559
0.263662
0.340366
0.222122
0.117322
0.153713
0.168172
0.155480
0.298036
0.251665
0.227468
0.232448
0.224792
0.244796
0.165333
0.143234
0.133566
0.213118
0.238265
0.323388
0.248571
0.213931
0.184670
0.251914
0.243069
0.201458
0.224127
0.158399
0.145423
0.273672
0.117960
0.321727
0.261601
0.224340
0.314344
0.151407
0.228195
0.296957
0.192749
0.271898
0.225129
0.123592
0.276237
0.276440
0.210639
0.228577
0.242340
0.297903
0.276444
0.234488
0.266334
0.161201
0.248678
0.196330
0.203497
0.247355
0.258444
0.349569
0.235755
0.249861
0.163381
0.216565
0.307057
0.208759
0.265652
0.238974
0.235096
0.331077
0.187258
0.157512
0.221193
0.171851
0.147047
0.099777
0.135795
0.226647
0.121004
0.262030
0.274498
0.355939
0.266129
0.331580
0.170075
0.110386
0.250225
0.400470
0.272290
0.277796
0.255164
0.151650
0.263540
0.196955
0.334023
0.165796
0.224182
0.199284
0.297812
0.430070
0.235501
0.218961
0.293144
0.191782
0.363521
0.265278
0.299830
0.288676
0.157731
0.143571
0.302711
0.144653
0.256312
0.198402
0.312152
0.184967
0.192325
0.217454
0.184529
0.111003
0.156669
0.110853
0.174297
0.338405
0.247957
0.190744
0.169897
0.189876
0.231548
0.249046
0.157440
0.361981
0.267488
0.242370
0.136576
0.342391
0.353263
0.272317
0.320651
0.211797
0.216306
0.170877
0.188204
0.210845
0.203519
0.323009
0.399638
0.223963
0.198111
0.134494
0.136457
0.165674
0.141045
0.105737
0.166939
0.172411
0.081578
0.244951
0.112378
0.161307
0.125077
0.187505
0.198112
0.160547
0.132613
0.128317
0.050466
0.119339
0.183091
0.151902
0.182469
0.163776
0.108589
0.120434
0.233861
0.131748
0.101440
0.120673
0.132363
0.169392
0.144697
0.161656
0.097794
0.174900
0.173669
0.136066
0.096633
0.117905
0.147410
0.259202
0.199737
0.142651
0.133114
0.275064
0.101374
0.130898
0.147625
0.242526
0.213481
0.147910
0.157639
0.145087
0.118262
0.161797
0.062116
0.182597
0.178410
0.121777
0.113609
0.159820
0.237578
0.203188
0.173581
0.096639
0.239217
0.205527
0.116312
0.157286
0.220962
0.088083
0.246092
0.209970
0.170403
0.124726
0.194674
0.168850
0.129514
0.158817
0.141648
0.112220
0.098801
0.180181
0.146139
0.113218
0.118015
0.144746
0.200767
0.230424
0.279860
0.169854
0.142467
0.165290
0.167611
0.134094
0.148865
0.164018
0.135029
0.125567
0.178467
0.123469
0.153825
0.154682
0.136054
0.192388
0.172445
0.166225
0.107801
0.212225
0.135828
0.154829
0.189047
0.238254
0.132848
0.099991
0.147707
0.070917
0.113988
0.135451
0.184350
0.063184
0.154282
0.197188
0.113568
0.131966
0.125540
0.176763
0.201957
0.164151
0.125656
0.169004
0.173222
0.159483
0.115770
0.149262
0.121545
0.147038
0.150197
0.098901
0.156516
0.064281
0.083568
0.143627
0.154022
0.338803
0.077462
0.111010
0.087791
0.138477
0.092944
0.072774
0.186236
0.144697
0.352459
0.162946
0.164080
0.113319
0.156978
0.121364
0.197558
0.175877
0.128888
0.201692
0.193078
0.216828
0.197947
0.162814
0.129628
0.219272
0.262623
0.227969
0.245318
0.314210
0.189282
0.195832
0.162338
0.212765
0.234683
0.311746
0.229782
0.295700
0.198121
0.231946
0.202419
0.191069
0.294120
0.217232
0.282368
0.285959
0.217456
0.188829
0.179402
0.232414
0.242615
0.178154
0.180138
0.149060
0.249239
0.172407
0.194487
0.246403
0.142641
0.103495
0.289828
0.189829
0.173515
0.204668
0.184200
0.241094
0.249736
0.244359
0.152900
0.103458
0.230849
0.315217
0.214519
0.192614
0.257521
0.089212
0.215639
0.198920
0.188692
0.288399
0.295111
0.149339
0.115287
0.184150
0.128311
0.150564
0.126538
0.155240
0.305423
0.175591
0.172409
0.230600
0.171399
0.203844
0.198407
0.227961
0.156162
0.165778
0.115668
0.143699
0.214980
0.157998
0.220877
0.131317
0.124178
0.084216
0.198593
0.178356
0.138678
0.257607
0.149799
0.163938
0.224261
0.145210
0.096053
0.146286
0.229144
0.164728
0.120080
0.178877
0.115082
0.223711
0.194077
0.203879
0.157124
0.154558
0.120900
0.123552
0.194575
0.217425
0.119208
0.125177
0.216391
0.128747
0.246403
0.097360
0.143760
0.193911
0.184937
0.288015
0.136305
0.169190
0.209525
0.180226
0.229265
0.210666
0.119492
0.181311
0.214689
0.116434
0.106074
0.114184
0.180456
0.139213
0.227944
0.190768
0.157290
0.202053
0.112514
0.191666
0.264589
0.245102
0.147747
0.217553
0.179809
0.274689
0.183645
0.203914
0.198997
0.153079
0.250518
0.185148
0.220904
0.162204
0.264872
0.208978
0.167390
0.105690
0.161068
0.155470
0.186127
0.174509
0.195322
0.188441
0.234050
0.253435
0.156130
0.216316
0.131892
0.149144
0.265080
0.303208
0.218046
0.163951
0.238313
0.184187
0.126851
0.184034
0.273600
0.197024
0.162239
0.124307
0.137801
0.149173
0.208145
0.223487
0.178890
0.202902
0.278286
0.332285
0.126284
0.209300
0.244592
0.343286
0.230639
0.226940
0.217291
0.282227
0.152320
0.175298
0.249360
0.144664
0.136664
0.129393
0.337990
0.233815
0.233953
0.216097
0.262648
0.122746
0.162381
0.236683
0.157795
0.230967
0.206328
0.260875
0.266590
0.186239
0.293138
0.186429
0.294279
0.199729
0.246100
0.351710
0.239336
0.242104
0.099753
0.184514
0.105690
0.109546
0.083827
0.083950
0.147895
0.089702
0.109047
0.150221
0.162395
0.112623
0.191468
0.140300
0.171018
0.125904
0.166517
0.195655
0.113644
0.134677
0.168697
0.116348
0.089050
0.181269
0.058786
0.074451
0.233779
0.097622
0.073283
0.117247
0.246901
0.087261
0.293671
0.138126
0.085299
0.075010
0.079143
0.161474
0.165066
0.246684
0.094903
0.115917
0.092008
0.122097
0.104618
0.093584
0.208477
0.112402
0.159804
0.124220
0.134023
0.157365
0.179484
0.107584
0.091730
0.130245
0.169100
0.150849
0.085672
0.111458
0.086478
0.073487
0.293496
0.190496
0.108227
0.229864
0.114178
0.084271
0.091507
0.233153
0.120752
0.226600
0.196426
0.136858
0.159412
0.182213
0.183948
0.167190
0.164089
0.162519
0.227021
0.112439
0.158832
0.175022
0.241881
0.181754
0.190671
0.199630
0.129358
0.128736
0.181861
0.187739
0.189658
0.145714
0.131233
0.229858
0.178421
0.092843
0.065763
0.145591
0.171584
0.197909
0.238868
0.071045
0.206678
0.271083
0.107621
0.104870
0.108123
0.111997
0.091250
0.165752
0.134192
0.174585
0.174114
0.065287
0.131072
0.102391
0.132085
0.097342
0.186830
0.152277
0.074769
0.049332
0.040670
0.149374
0.153901
0.122229
0.081334
0.173774
0.128509
0.137752
0.109139
0.127900
0.105328
0.178396
0.149471
0.080788
0.153126
0.165433
0.098059
0.172980
0.106424
0.086679
0.117155
0.158159
0.178121
0.191263
0.245831
0.120134
0.205665
0.143220
0.212352
0.103978
0.139352
0.139139
0.240110
0.249865
0.098666
0.155869
0.146561
0.251992
0.114940
0.154429
0.200471
0.098132
0.128022
0.166620
0.225039
0.182902
0.181778
0.204882
0.220870
0.249960
0.201333
0.121164
0.225177
0.254101
0.189276
0.115077
0.134832
0.153171
0.120455
0.148022
0.174917
0.093088
0.162965
0.107747
0.132327
0.144621
0.296482
0.173917
0.229899
0.110211
0.124356
0.094440
0.143702
0.172197
0.231404
0.117688
0.162357
0.137988
0.148741
0.129294
0.145484
0.149922
0.117689
0.245467
0.084507
0.106318
0.150635
0.159028
0.132608
0.098345
0.193324
0.109722
0.237290
0.072548
0.206837
0.147500
0.171311
0.206267
0.133944
0.190687
0.163577
0.160635
0.213507
0.146078
0.200712
0.113889
0.216880
0.087453
0.075411
0.183036
0.165089
0.234841
0.203331
0.153087
0.249351
0.336401
0.085693
0.196085
0.360441
0.236401
0.146725
0.250325
0.130629
0.158525
0.264052
0.130457
0.144107
0.159200
0.141834
0.135575
0.188924
0.203358
0.157431
0.199496
0.247282
0.145376
0.221211
0.134521
0.139072
0.125973
0.177438
0.139709
0.125003
0.186112
0.206746
0.239732
0.192893
0.174936
0.122260
0.190279
0.114429
0.061355
0.155321
0.120215
0.116609
0.122311
0.196728
0.083803
0.090057
0.084357
0.094802
0.148510
0.119754
0.189890
0.134046
0.094404
0.157633
0.095818
0.175703
0.130427
0.129908
0.119862
0.087951
0.232201
0.178811
0.258497
0.146210
0.142302
0.122494
0.134975
0.109126
0.306334
0.059923
0.252673
0.111593
0.319041
0.206881
0.249589
0.233165
0.194781
0.192680
0.312634
0.286578
0.089064
0.139525
0.114931
0.230485
0.175406
0.227322
0.181712
0.226847
0.179775
0.135900
0.260010
0.307972
0.405633
0.168762
0.207575
0.164662
0.191082
0.255276
0.182236
0.222436
0.179609
0.248681
0.202564
0.157991
0.206181
0.224702
0.280235
0.183153
0.159465
0.224114
0.149832
0.290935
0.255472
0.176197
0.106635
0.133839
0.187545
0.225541
0.105996
0.150197
0.195436
0.157567
0.233956
0.187877
0.128145
0.222405
0.197786
0.163895
0.206750
0.189589
0.112639
0.124779
0.166437
0.208501
0.264927
0.186979
0.120028
0.122803
0.143535
0.122069
0.157188
0.170284
0.080176
0.132556
0.168328
0.096298
0.176712
0.059295
0.197570
0.142375
0.117534
0.202051
0.158756
0.165031
0.097189
0.107239
0.166279
0.088305
0.115209
0.111898
0.188982
0.101975
0.077352
0.151540
0.097087
0.210260
0.134672
0.121650
0.101153
0.154643
0.067783
0.073790
0.112218
0.084737
0.123199
0.140330
0.069891
0.091150
0.093995
0.063599
0.082897
0.112898
0.140548
0.188751
0.072089
0.224105
0.134021
0.087063
0.155005
0.059038
0.186178
0.142993
0.048743
0.098567
0.065852
0.133074
0.063254
0.132893
0.121313
0.065617
0.113444
0.074324
0.135337
0.201810
0.044459
0.240285
0.188541
0.111503
0.106840
0.076995
0.113811
0.111439
0.204781
0.126409
0.147871
0.183609
0.119856
0.275775
0.175244
0.117542
0.183504
0.210430
0.129323
0.114454
0.108293
0.207595
0.220514
0.206914
0.222520
0.067304
0.141897
0.108508
0.078138
0.153913
0.263856
0.185299
0.141794
0.091298
0.169883
0.096571
0.262910
0.086176
0.129661
0.138197
0.127102
0.241542
0.229189
0.133959
0.202344
0.126089
0.208736
0.165146
0.195087
0.136587
0.115902
0.211601
0.144520
0.099597
0.078022
0.090671
0.201981
0.195485
0.102289
0.142890
0.144469
0.303658
0.220350
0.170786
0.124512
0.135962
0.174314
0.086236
0.083855
0.111446
0.101328
0.152034
0.124408
0.230520
0.088082
0.188315
0.164153
0.086197
0.180285
0.169780
0.123569
0.094103
0.104034
0.077931
0.079805
0.211844
0.093952
0.117515
0.182568
0.107581
0.176909
0.074811
0.111564
0.214720
0.123107
0.060800
0.168779
0.245405
0.180984
0.205064
0.120343
0.160024
0.105094
0.160926
0.129526
0.083181
0.211495
0.129955
0.207890
0.061855
0.248383
0.092618
0.076384
0.176319
0.130164
0.125656
0.119226
0.103239
0.178662
0.124348
0.199577
0.231827
0.287316
0.126314
0.153727
0.200063
0.149424
0.305457
0.202159
0.153209
0.232981
0.193799
0.127613
0.151711
0.249354
0.122329
0.159461
0.252194
0.298141
0.190347
0.176987
0.069729
0.153468
0.193097
0.156462
0.110504
0.096410
0.254842
0.076272
0.152144
0.085720
0.102107
0.196093
0.091433
0.193168
0.133251
0.146294
0.071445
0.239411
0.125826
0.112533
0.130653
0.188113
0.237682
0.112477
0.307217
0.200374
0.149142
0.123925
0.108923
0.177431
0.123358
0.140574
0.162087
0.093159
0.176022
0.337334
0.150099
0.198810
0.107445
0.170340
0.099315
0.134583
0.066386
0.154212
0.195014
0.249311
0.065692
0.094645
0.149721
0.132519
0.124790
0.139212
0.120488
0.160749
0.122373
0.185399
0.076602
0.179484
0.100693
0.159344
0.108837
0.143599
0.264992
0.105825
0.311193
0.146164
0.120690
0.204374
0.151310
0.123476
0.138334
0.140319
0.131681
0.152147
0.215701
0.104079
0.194121
0.151696
0.247200
0.198142
0.171287
0.185065
0.093931
0.106313
0.139534
0.124336
0.117274
0.128800
0.132171
0.145244
0.169803
0.180058
0.097007
0.156351
0.283924
0.267722
0.108854
0.138221
0.132114
0.139400
0.143945
0.299517
0.135937
0.152154
0.120326
0.136984
0.158363
0.181361
0.288721
0.165491
0.185045
0.123871
0.085859
0.105626
0.243499
0.166202
0.133068
0.237492
0.124702
0.222761
0.270146
0.114384
0.088183
0.195156
0.181389
0.130964
0.277213
0.154912
0.180623
0.151528
0.138938
0.143349
0.286054
0.188385
0.202387
0.072753
0.120883
0.199081
0.150752
0.148982
0.140763
0.158463
0.219699
0.142535
0.131135
0.189641
0.182492
0.285654
0.114305
0.134228
0.145820
0.105270
0.068420
0.159680
0.107805
0.110693
0.160496
0.152882
0.068640
0.203668
0.136820
0.127880
0.236372
0.133060
0.096741
0.030708
0.092538
0.111426
0.112837
0.200717
0.166891
0.162709
0.155013
0.096237
0.160947
0.315922
0.166023
0.169770
0.107424
0.094769
0.215444
0.156904
0.226167
0.151049
0.226473
0.126942
0.161517
0.069034
0.239378
0.199735
0.131066
0.187937
0.123420
0.185110
0.093783
0.143918
0.110019
0.159921
0.053379
0.202246
0.051759
0.083825
0.124101
0.120313
0.067328
0.073534
0.051703
0.117366
0.070052
0.037337
0.092075
0.053582
0.041229
0.071306
0.060091
0.064267
0.081586
0.108975
0.109139
0.123757
0.043417
0.050614
0.103722
0.104743
0.123020
0.055434
0.083218
0.198183
0.112513
0.098489
0.049890
0.061240
0.043205
0.156720
0.153249
0.060199
0.056775
0.102064
0.063406
0.036583
0.095910
0.092701
0.108325
0.101044
0.077335
0.115377
0.124566
0.113720
0.078124
0.073785
0.065021
0.120017
0.149743
0.075363
0.185931
0.165967
0.161208
0.076778
0.084888
0.129987
0.159717
0.074063
0.030131
0.063877
0.126418
0.221117
0.266286
0.074430
0.286493
0.122505
0.129302
0.108742
0.220752
0.218690
0.095742
0.168805
0.259143
0.245346
0.188373
0.124362
0.148052
0.177743
0.119380
0.102613
0.146993
0.124463
0.103072
0.110397
0.050108
0.114688
0.104289
0.164582
0.172211
0.211422
0.122111
0.110218
0.164390
0.103928
0.086779
0.117724
0.149068
0.194466
0.143016
0.045815
0.074074
0.249806
0.104141
0.091591
0.139485
0.126392
0.183484
0.151289
0.169765
0.116996
0.140703
0.118004
0.101085
0.201582
0.094215
0.063997
0.169769
0.046942
0.208446
0.095527
0.102359
0.163621
0.136252
0.146638
0.110568
0.093358
0.089075
0.082476
0.200457
0.101703
0.046971
0.081558
0.171641
0.068550
0.213282
0.267437
0.183234
0.200204
0.089619
0.167079
0.186762
0.101860
0.149601
0.167657
0.166037
0.214274
0.065534
0.133831
0.143570
0.147272
0.272731
0.088922
0.062263
0.149842
0.168729
0.106755
0.280044
0.143694
0.154067
0.175868
0.146428
0.229425
0.155393
0.237795
0.112732
0.219586
0.158347
0.086353
0.121071
0.181763
0.167434
0.173723
0.137889
0.272266
0.120277
0.152797
0.172436
0.117123
0.191909
0.239500
0.157918
0.093382
0.156576
0.205472
0.107166
0.079637
0.129733
0.133759
0.108353
0.104737
0.159145
0.117968
0.162773
0.118420
0.083860
0.345112
0.124310
0.081092
0.132912
0.117399
0.094620
0.097544
0.078483
0.146726
0.115670
0.178990
0.160918
0.075861
0.201972
0.068426
0.144230
0.129053
0.084670
0.083677
0.134476
0.168324
0.082594
0.124418
0.087382
0.172337
0.175757
0.180582
0.124209
0.055086
0.095780
0.155414
0.070144
0.183236
0.209307
0.129154
0.141779
0.109303
0.133997
0.149173
0.099556
0.077888
0.155578
0.193180
0.100792
0.035168
0.112634
0.088617
0.061956
0.131240
0.076131
0.112707
0.092151
0.107715
0.071795
0.066842
0.119211
0.133572
0.098405
0.162651
0.093898
0.206913
0.154788
0.093100
0.210918
0.222140
0.199074
0.108386
0.181503
0.148587
0.071599
0.100396
0.044447
0.101579
0.069285
0.101827
0.075248
0.111057
0.077839
0.249088
0.072168
0.105691
0.145219
0.100095
0.088168
0.085396
0.119953
0.116436
0.066758
0.103588
0.199817
0.105599
0.123495
0.117312
0.129399
0.112909
0.186486
0.118321
0.092710
0.129607
0.068533
0.092078
0.117335
0.126538
0.071593
0.221371
0.150780
0.058976
0.106211
0.161148
0.155941
0.207230
0.169122
0.157319
0.160087
0.121319
0.130449
0.144023
0.295425
0.185801
0.109638
0.114480
0.178792
0.110977
0.154780
0.070538
0.153722
0.163307
0.164543
0.122024
0.137771
0.243850
0.158263
0.204398
0.099476
0.076300
0.175116
0.151956
0.114609
0.080688
0.120169
0.225370
0.199402
0.172209
0.090055
0.155528
0.166936
0.222519
0.142708
0.156610
0.175468
0.184068
0.244263
0.089292
0.143746
0.095761
0.186807
0.288536
0.101916
0.151122
0.088707
0.296351
0.168725
0.171358
0.180253
0.163661
0.214557
0.137337
0.211941
0.100368
0.130052
0.161137
0.132549
0.101495
0.165912
0.158127
0.253186
0.087437
0.109091
0.161466
0.106392
0.148148
0.198865
0.083533
0.106385
0.131412
0.109395
0.149118
0.126404
0.152781
0.198922
0.218396
0.314363
0.060378
0.031451
0.052658
0.129452
0.075191
0.096407
0.158426
0.133859
0.061952
0.087691
0.047753
0.105362
0.177892
0.102314
0.120622
0.056750
0.140457
0.059438
0.037578
0.092385
0.195405
0.045155
0.065784
0.088179
0.123226
0.175209
0.044583
0.038085
0.068790
0.032070
0.039282
0.078080
0.025433
0.094967
0.129223
0.120394
0.065119
0.069434
0.045869
0.070710
0.186231
0.052421
0.065498
0.205793
0.087897
0.092787
0.049834
0.085227
0.228368
0.119813
0.128711
0.110771
0.083368
0.041856
0.070130
0.067408
0.035168
0.059959
0.035372
0.062483
0.121476
0.054514
0.120462
0.041360
0.061074
0.143210
0.037390
0.075447
0.039862
0.077090
0.206881
0.038177
0.109908
0.048746
0.167369
0.075958
0.054348
0.090144
0.084413
0.083624
0.105049
0.056644
0.106303
0.162016
0.087548
0.078974
0.057350
0.086087
0.107038
0.144974
0.084804
0.083097
0.068568
0.144477
0.104493
0.100823
0.089667
0.087474
0.076795
0.061299
0.121433
0.072376
0.148694
0.185787
0.099577
0.137561
0.069972
0.219570
0.112624
0.120791
0.176732
0.079325
0.144748
0.125591
0.041116
0.217504
0.180049
0.083358
0.050140
0.074620
0.127843
0.163974
0.101202
0.104122
0.097388
0.073481
0.112843
0.078764
0.113761
0.128023
0.178113
0.043839
0.063416
0.074065
0.082969
0.083940
0.127035
0.093066
0.050249
0.054469
0.159690
0.061854
0.089843
0.093309
0.077058
0.135997
0.064161
0.081850
0.146015
0.091750
0.108382
0.078271
0.269027
0.161026
0.103679
0.050757
0.098905
0.109074
0.087326
0.107605
0.100375
0.159328
0.160648
0.130006
0.040941
0.116519
0.197536
0.232551
0.137243
0.124384
0.047464
0.083165
0.117187
0.075140
0.109536
0.066938
0.161235
0.123961
0.053025
0.067362
0.090471
0.112178
0.083420
0.096936
0.128308
0.094379
0.071298
0.111472
0.080988
0.229125
0.169833
0.031227
0.183699
0.117808
0.065184
0.192246
0.087462
0.086317
0.121379
0.147967
0.269868
0.082073
0.121630
0.218327
0.099575
0.093206
0.231284
0.211824
0.144068
0.249915
0.098009
0.118424
0.185274
0.184444
0.118035
0.194156
0.178170
0.127889
0.110322
0.137378
0.173135
0.106518
0.112844
0.272099
0.081087
0.156272
0.113538
0.143679
0.177724
0.063312
0.084229
0.043574
0.129771
0.133648
0.127727
0.051881
0.140071
0.136373
0.086963
0.079148
0.053291
0.072870
0.036309
0.201187
0.152539
0.095449
0.095707
0.094231
0.107445
0.096392
0.131406
0.270597
0.093995
0.113932
0.082139
0.062811
0.046645
0.096740
0.159649
0.155652
0.095677
0.080633
0.163703
0.148533
0.156048
0.099131
0.106791
0.107760
0.054040
0.072777
0.084399
0.229519
0.093263
0.186648
0.100022
0.060164
0.168306
0.195364
0.160593
0.122871
0.199155
0.082972
0.038374
0.064610
0.081584
0.156400
0.132267
0.116636
0.130174
0.211443
0.091910
0.241954
0.087463
0.103910
0.201980
0.167199
0.097660
0.112237
0.150436
0.120745
0.172137
0.173145
0.134776
0.076212
0.189092
0.120585
0.118810
0.065372
0.156331
0.153318
0.101236
0.087781
0.191042
0.178439
0.155651
0.102591
0.057554
0.192755
0.185412
0.148256
0.089539
0.149690
0.103134
0.122992
0.120675
0.080790
0.050594
0.186890
0.113489
0.249104
0.078077
0.146806
0.224118
0.194851
0.118175
0.074047
0.132996
0.182888
0.099144
0.066605
0.110605
0.115665
0.118567
0.274868
0.254216
0.161686
0.156866
0.097198
0.177270
0.164128
0.172202
0.128425
0.145559
0.163440
0.290976
0.101823
0.161365
0.152539
0.102417
0.157291
0.106355
0.211989
0.132001
0.152075
0.190129
0.080934
0.116376
0.221697
0.069696
0.082551
0.061904
0.217032
0.126404
0.118082
0.101544
0.087661
0.118136
0.142738
0.174822
0.132137
0.088567
0.099562
0.147079
0.078249
0.164127
0.079782
0.100302
0.143939
0.093509
0.170677
0.073138
0.101669
0.175695
0.107674
0.072036
0.085485
0.109749
0.080161
0.104891
0.054160
0.117090
0.059755
0.063437
0.056028
0.105311
0.267310
0.092373
0.016851
0.109300
0.073888
0.132156
0.023564
0.031249
0.110838
0.035664
0.083166
0.079691
0.142647
0.086818
0.081628
0.059871
0.096920
0.143622
0.256167
0.072370
0.070627
0.126207
0.313975
0.202864
0.072787
0.064525
0.082617
0.205001
0.049729
0.031999
0.071757
0.077670
0.070664
0.136168
0.105258
0.062219
0.057823
0.067018
0.081674
0.063610
0.158200
0.102420
0.076543
0.035453
0.131314
0.140313
0.184304
0.023953
0.097059
0.031880
0.041740
0.129896
0.029039
0.079658
0.073250
0.066370
0.038061
0.119235
0.084508
0.080846
0.097301
0.172349
0.212665
0.049218
0.105715
0.105238
0.055955
0.103327
0.052444
0.115246
0.074109
0.040116
0.074881
0.064928
0.154549
0.055527
0.102615
0.095450
0.063352
0.068035
0.119333
0.074854
0.062060
0.114989
0.167236
0.046653
0.068713
0.160786
0.062953
0.066318
0.073015
0.167667
0.087529
0.092749
0.105331
0.143169
0.077891
0.122527
0.055920
0.097224
0.071618
0.110332
0.136619
0.052352
0.066475
0.099618
0.066224
0.031206
0.051093
0.053137
0.061269
0.047535
0.067293
0.038858
0.101761
0.131326
0.031057
0.143592
0.043181
0.071916
0.064656
0.056880
0.124318
0.084592
0.145664
0.105317
0.054447
0.079299
0.093878
0.123223
0.125880
0.059928
0.083052
0.094802
0.096837
0.070287
0.064774
0.099219
0.117878
0.050396
0.070573
0.078792
0.067477
0.088194
0.125367
0.114087
0.033228
0.110354
0.100961
0.106611
0.043739
0.219040
0.096308
0.077503
0.080261
0.044710
0.095908
0.029719
0.022650
0.103853
0.102579
0.043607
0.053476
0.142382
0.273990
0.141290
0.171345
0.050281
0.076334
0.098760
0.234126
0.059426
0.125742
0.091433
0.124794
0.066722
0.119304
0.037231
0.122709
0.112656
0.063339
0.073757
0.221284
0.053449
0.056142
0.090882
0.079700
0.135777
0.136720
0.143108
0.236777
0.124377
0.161347
0.128030
0.160248
0.109504
0.185454
0.097877
0.239642
0.068061
0.070448
0.170534
0.123068
0.100887
0.133486
0.096965
0.106439
0.161403
0.142905
0.149549
0.096047
0.091734
0.188095
0.193007
0.166776
0.126557
0.107092
0.117110
0.212301
0.140431
0.116546
0.133995
0.102333
0.130791
0.130170
0.064471
0.103753
0.074880
0.048776
0.045594
0.021003
0.102510
0.055257
0.118040
0.112457
0.104459
0.063408
0.159819
0.074664
0.048499
0.060565
0.097216
0.124027
0.117857
0.184685
0.087262
0.222777
0.121825
0.206312
0.066454
0.146376
0.135886
0.232322
0.199311
0.083804
0.084266
0.161322
0.127114
0.051715
0.093069
0.106609
0.109051
0.065532
0.170449
0.078225
0.061225
0.109105
0.122979
0.083778
0.173614
0.126061
0.118688
0.111280
0.097190
0.124693
0.117022
0.239711
0.066078
0.114497
0.090129
0.116415
0.072013
0.215289
0.055275
0.076950
0.087520
0.127247
0.139906
0.075947
0.075586
0.123194
0.107949
0.140408
0.084449
0.112483
0.037864
0.140305
0.109912
0.109551
0.115169
0.078010
0.107928
0.063818
0.086759
0.155564
0.087615
0.151118
0.117974
0.165027
0.180090
0.095465
0.110242
0.128766
0.108511
0.199540
0.105418
0.091938
0.249265
0.107236
0.141929
0.124511
0.218597
0.115800
0.072089
0.179222
0.049394
0.104028
0.220830
0.217457
0.118290
0.123995
0.188048
0.070913
0.138978
0.180015
0.117701
0.091417
0.248880
0.108363
0.106210
0.204614
0.120399
0.125400
0.246537
0.211668
0.100660
0.141683
0.201592
0.103910
0.198837
0.176952
0.130674
0.129969
0.159086
0.129944
0.193628
0.173497
0.100900
0.072469
0.098261
0.192494
0.103230
0.090592
0.075679
0.098450
0.105462
0.085865
0.093630
0.070049
0.048286
0.084840
0.148091
0.144955
0.183141
0.088659
0.130817
0.034916
0.068599
0.063650
0.211116
0.080285
0.059431
0.038296
0.116507
0.107785
0.098561
0.111240
0.156141
0.090419
0.081492
0.111187
0.094538
0.025435
0.031435
0.042820
0.063762
0.053470
0.042318
0.042638
0.089432
0.034058
0.066033
0.065951
0.079726
0.018039
0.069076
0.037475
0.101385
0.033069
0.095518
0.137168
0.074496
0.096967
0.135009
0.034213
0.025890
0.127344
0.086304
0.034958
0.122501
0.021781
0.037072
0.083876
0.160788
0.030301
0.036150
0.080369
0.047308
0.139913
0.177724
0.201363
0.049433
0.081010
0.041441
0.049124
0.053536
0.119839
0.064598
0.081267
0.139857
0.094848
0.094087
0.015629
0.064770
0.035730
0.049759
0.172823
0.056853
0.089758
0.169789
0.074660
0.018196
0.132395
0.076059
0.182683
0.080721
0.115928
0.141715
0.067918
0.012496
0.095687
0.165956
0.098342
0.150064
0.146185
0.110771
0.049620
0.193530
0.117352
0.180732
0.080522
0.093939
0.097767
0.237711
0.078945
0.035510
0.070669
0.051800
0.074318
0.111759
0.073186
0.061512
0.164258
0.040383
0.066958
0.050665
0.090722
0.046229
0.034191
0.087911
0.100520
0.099292
0.083000
0.023298
0.185228
0.045627
0.076802
0.095699
0.013812
0.036045
0.043186
0.052159
0.202171
0.087295
0.033203
0.073671
0.047708
0.047247
0.085267
0.060428
0.041206
0.054326
0.082080
0.118161
0.025934
0.044514
0.104920
0.061579
0.027317
0.105039
0.091533
0.163812
0.066376
0.025368
0.034443
0.047892
0.117393
0.093160
0.099171
0.053949
0.061522
0.011795
0.056325
0.017278
0.046382
0.105208
0.022104
0.022824
0.107913
0.111901
0.073887
0.041090
0.091386
0.082828
0.086561
0.019843
0.118476
0.170572
0.205590
0.036872
0.121194
0.098032
0.118739
0.086335
0.104586
0.087102
0.108946
0.092246
0.054493
0.063679
0.080954
0.105487
0.070764
0.098702
0.074290
0.040462
0.072870
0.024803
0.034666
0.071565
0.110196
0.036092
0.081136
0.094699
0.046163
0.150012
0.043167
0.123315
0.072780
0.128768
0.041317
0.095479
0.115092
0.128963
0.150594
0.111574
0.254534
0.038469
0.073050
0.061529
0.200602
0.095592
0.089334
0.139068
0.146627
0.093820
0.117632
0.082051
0.147802
0.102821
0.087886
0.053576
0.125660
0.050837
0.156204
0.089324
0.053432
0.084162
0.236003
0.165835
0.167131
0.065615
0.073715
0.123468
0.085443
0.086129
0.101447
0.072857
0.062969
0.101006
0.112417
0.099613
0.157606
0.075310
0.133307
0.125855
0.154342
0.119243
0.066790
0.048837
0.205456
0.132356
0.184312
0.089492
0.079375
0.106930
0.163922
0.131591
0.264754
0.104732
0.142622
0.135341
0.223057
0.311607
0.185224
0.075834
0.063435
0.112676
0.075004
0.160836
0.124952
0.121485
0.134154
0.127768
0.164453
0.097912
0.161207
0.084080
0.079933
0.073060
0.167852
0.115487
0.187005
0.084898
0.125900
0.105403
0.156716
0.047388
0.060311
0.073933
0.090774
0.116874
0.130088
0.127762
0.042908
0.123872
0.039625
0.137675
0.063716
0.100184
0.080006
0.143832
0.069729
0.116677
0.029564
0.052675
0.066916
0.039573
0.089642
0.089426
0.054091
0.133547
0.122252
0.084016
0.062613
0.064836
0.041070
0.118748
0.039577
0.061205
0.100989
0.052729
0.078057
0.097037
0.031642
0.119609
0.125649
0.162201
0.072876
0.114903
0.116835
0.050360
0.063405
0.102581
0.034887
0.064132
0.063711
0.175361
0.157190
0.140018
0.039920
0.077760
0.186011
0.110405
0.028630
0.069579
0.142718
0.163471
0.122438
0.065083
0.111916
0.099937
0.079164
0.154147
0.085013
0.056008
0.060331
0.061100
0.038636
0.141193
0.226947
0.091666
0.083967
0.115929
0.216247
0.152490
0.205125
0.176427
0.100307
0.120831
0.197987
0.161286
0.228974
0.155587
0.145401
0.148969
0.152735
0.105451
0.083810
0.155433
0.103589
0.363353
0.133232
0.151310
0.168461
0.220122
0.199996
0.352602
