2.476863
2.503371
2.181028
2.179272
2.141690
1.959582
2.149505
1.913741
1.883102
1.833715
1.809566
1.767750
1.988661
1.696539
1.878826
1.795574
1.736132
1.678343
1.730873
1.721077
1.562993
1.767676
1.498115
1.605405
1.555274
1.739907
1.742668
1.687740
1.787724
1.551655
1.731862
1.660962
1.709705
1.580681
1.567392
1.592743
1.581753
1.692385
1.814792
1.500768
1.505006
1.424704
1.416880
1.634302
1.547826
1.438308
1.467979
1.573200
1.534566
1.361534
1.406075
1.490603
1.479057
1.625132
1.553876
1.432168
1.468395
1.458194
1.294007
1.374651
1.381276
1.428198
1.337908
1.313323
1.489186
1.472422
1.094677
1.450783
1.585568
1.420058
1.476979
1.380463
1.481669
1.407929
1.386009
1.460108
1.549003
1.294396
1.457843
1.437053
1.301013
1.349341
1.347240
1.241350
1.300481
1.301228
1.416510
1.395606
1.468374
1.207510
1.484788
1.348672
1.384816
1.318116
1.305081
1.083718
1.326178
1.204669
1.270533
1.161320
1.364292
1.188812
1.303280
1.341315
1.361695
1.578977
1.409582
1.416823
1.324005
1.224176
1.364654
1.244439
1.298462
1.263124
1.234955
1.357359
1.303473
1.213324
1.185325
1.191446
1.326064
1.289665
1.512238
1.191720
1.346536
1.181012
1.343954
1.463292
1.231048
1.315558
1.256754
1.195914
1.189807
1.329592
1.269360
1.289474
1.409233
1.260797
1.381478
1.275384
1.144629
1.191087
1.272179
1.180281
1.073824
1.294434
1.143975
1.224390
1.221425
1.225941
1.215464
1.206452
1.223216
1.162264
1.410144
1.174345
1.306951
1.167922
1.191367
1.320084
1.292437
1.238226
1.220304
1.131337
1.178661
1.188660
1.139582
1.181369
1.067424
1.083767
1.156284
1.189100
1.110214
1.018410
1.252731
1.169484
1.098863
1.142073
1.048789
1.002052
1.076083
1.228467
1.163889
1.270501
1.047600
1.329150
1.134875
1.171148
1.007578
1.100241
1.110460
1.137048
1.445595
1.219489
1.109508
1.032526
1.036673
1.102613
1.130201
1.105322
1.181639
1.316122
1.177679
1.170447
0.907436
1.237928
1.085706
1.140910
1.201597
0.946127
1.185260
1.023493
1.090291
1.159171
1.129426
1.158501
1.241247
1.068977
0.936477
1.192878
1.153337
0.896994
1.069164
1.076448
1.092219
1.222061
0.976163
1.157293
1.042755
0.918117
0.943560
1.161786
0.997764
1.214560
1.028805
0.941635
0.901273
1.039463
1.143605
1.237788
0.973920
1.010387
0.997378
1.127954
0.951024
0.855752
1.029277
1.113074
0.936275
1.235939
0.971717
1.059594
1.054206
0.880864
1.240531
1.057021
0.980987
1.247863
1.027904
1.138313
1.118226
1.141503
1.034510
0.886708
1.042695
1.200128
0.997361
1.057959
1.174078
1.146000
1.039863
1.054437
0.998555
0.997220
1.175742
0.994251
1.045152
0.966227
1.003211
0.933083
1.082793
1.013245
1.039068
1.049806
0.927045
0.931413
1.119421
0.950224
1.123159
0.937352
0.990427
1.066785
0.912006
0.968451
0.928715
1.101830
1.056833
0.871588
1.062713
1.153859
1.071587
0.945747
1.113252
0.903309
1.153081
0.861603
0.968661
1.098413
1.114117
1.032622
0.924073
0.871752
0.933855
0.912628
0.888985
0.803962
0.943218
1.007713
0.931571
0.997351
1.149761
1.153087
1.067057
0.729254
0.872963
0.969777
1.074837
0.812151
0.956622
0.827173
0.900139
1.006359
0.822381
1.124007
0.982445
1.065840
0.933298
1.022184
1.054579
0.899779
0.979096
0.918567
0.974725
0.923510
0.921536
0.931155
0.976291
0.891687
0.961672
0.842859
0.887071
0.912888
1.049719
1.112363
1.092995
1.083871
0.880801
0.992738
0.985694
0.964632
1.149623
0.851836
0.920049
0.985241
1.061708
0.944286
0.943318
0.856611
0.855528
0.881068
0.907787
0.880995
0.789749
0.921149
0.854367
0.888687
0.936182
0.830252
1.040010
0.895314
0.929866
0.983737
0.633247
0.811603
1.113549
1.001417
0.858942
0.764965
1.000013
0.937440
0.834926
0.724247
0.785909
1.002847
0.942141
0.870681
0.627146
0.754894
0.803320
0.821008
0.890015
0.993123
0.629120
0.994028
0.919962
0.815925
0.712113
0.877007
0.864945
0.823805
0.831597
0.707207
0.740988
0.829599
0.906718
0.745439
0.804312
0.806968
0.715786
0.868514
0.801437
0.556744
0.814652
0.955748
0.699279
0.803962
0.677426
0.689977
1.009806
0.790837
0.954641
0.857820
0.857324
0.761911
0.968991
0.790821
0.841763
0.909375
0.819319
0.784565
0.872275
0.675067
1.079787
0.776779
0.927888
0.913901
0.812733
0.859668
0.998892
0.888991
0.743023
0.954639
0.826052
0.879685
0.787923
0.908909
0.790902
0.761317
0.746495
0.764109
0.748324
0.751654
0.672514
0.677370
0.667680
0.633976
0.698246
0.770780
0.877229
0.937417
0.771239
0.728623
0.903463
0.765525
0.866864
0.766626
0.781724
1.036281
0.929291
0.922775
0.828766
0.791137
0.763843
0.970691
0.805747
0.746779
0.716466
0.849548
0.806225
0.803971
0.797301
0.803784
0.864935
0.774109
0.690825
0.767098
0.803308
1.026007
0.833796
0.865800
0.628460
0.646416
0.773441
0.841462
0.656945
0.867136
0.642056
0.845649
0.784782
0.658185
0.873901
0.715535
0.778435
0.992759
0.947545
0.911952
0.801252
0.913301
0.818965
0.694038
0.926159
0.851240
0.805515
0.717571
0.768137
0.739812
0.705749
0.714837
0.735315
0.825115
0.979339
0.813853
0.770117
0.699411
0.750054
0.767492
0.641753
0.857351
0.661422
0.735128
0.840572
0.734741
0.785746
0.746483
0.635115
0.634146
0.653052
0.835252
0.687236
0.676218
0.923950
0.717986
0.682064
0.574544
0.799178
0.835121
0.822146
0.729221
0.633075
0.680410
0.665733
0.890987
0.702434
0.804786
0.781802
0.897342
0.784787
0.826728
0.636048
0.716252
0.740916
0.832888
0.872472
0.728773
0.747605
0.725191
0.719941
0.597480
0.708447
0.860825
0.798735
0.848507
0.748012
0.753918
0.774505
0.739678
0.712985
0.834414
0.566881
0.787771
0.818166
0.663739
0.726398
0.773190
0.588197
0.799298
0.772964
0.672069
0.884154
0.786304
0.844513
0.889734
0.671350
0.683999
0.760792
0.605767
0.714442
0.907875
0.718419
0.454130
0.731422
0.794924
0.745920
0.784539
0.740629
0.708740
0.750534
0.735271
0.743258
0.726157
0.698506
0.795303
0.734886
0.705357
0.842958
0.780304
0.807485
0.916859
0.706721
0.714467
0.713618
0.662214
0.633975
0.750639
0.766731
0.815245
0.682734
0.577111
0.809288
0.753376
0.604305
0.607683
0.494602
0.852392
0.675591
0.729825
0.614178
0.734952
0.708462
0.694166
0.623639
0.643763
0.826966
0.780089
0.719218
0.888405
0.755229
0.723096
0.750130
0.993668
0.664445
0.706818
0.824484
0.616811
0.711897
0.712167
0.610241
0.681383
0.712977
0.660879
0.845794
0.830568
0.727653
0.578813
0.701953
0.615156
0.761760
0.678290
0.583636
0.826123
0.606039
0.615896
0.858094
0.740831
0.479154
0.666659
0.681442
0.646198
0.738649
0.595737
0.752232
0.724356
0.668135
1.044136
0.787384
0.801183
0.693078
0.734761
0.746698
0.684748
0.632873
0.653487
0.751837
0.718895
0.787617
0.621271
0.714975
0.603069
0.587965
0.765741
0.748877
0.782805
0.628661
0.579437
0.741722
0.541849
0.739866
0.694024
0.749531
0.686307
0.720149
0.733659
0.566626
0.466353
0.714349
0.677440
0.699426
0.547262
0.697764
0.595012
0.743890
0.852937
0.732546
0.598696
0.610372
0.642605
0.609396
0.828157
0.720006
0.660555
0.773149
0.644844
0.598716
0.606450
0.739631
0.697742
0.736183
0.616507
0.894134
0.620736
0.742731
0.720267
0.712387
0.697763
0.673840
0.645910
0.818265
0.827228
0.650270
0.588149
0.631688
0.816753
0.505476
0.726943
0.694701
0.824765
0.774283
0.640189
0.692500
0.571299
0.634206
0.609345
0.637178
0.774989
0.510928
0.639280
0.679128
0.731111
0.971173
0.610189
0.546661
0.761181
0.431032
0.514779
0.454343
0.515943
0.656246
0.533526
0.629406
0.518176
0.589395
0.634759
0.797302
0.650319
0.558672
0.659528
0.561739
0.561005
0.603304
0.730373
0.397482
0.641595
0.646987
0.414351
0.466176
0.483280
0.576842
0.642147
0.533211
0.702357
0.609066
0.709008
0.539190
0.562814
0.552572
0.589684
0.631616
0.599786
0.626644
0.597569
0.516519
0.586492
0.576137
0.484114
0.554342
0.496564
0.559128
0.572523
0.669293
0.693425
0.917947
0.642977
0.644134
0.517331
0.568321
0.500208
0.733029
0.688564
0.499947
0.525915
0.558878
0.392155
0.612215
0.560580
0.539232
0.655326
0.487534
0.692794
0.433165
0.741888
0.674732
0.594992
0.604463
0.644418
0.518979
0.506139
0.674807
0.484838
0.821041
0.702623
0.948305
0.567810
0.482552
0.581982
0.554209
0.759836
0.558308
0.684763
0.747135
0.519512
0.801431
0.555133
0.608419
0.598026
0.564632
0.507825
0.610722
0.549351
0.691845
0.824108
0.566474
0.584183
0.694252
0.638010
0.483370
0.551134
0.739584
0.641095
0.815309
0.573885
0.485838
0.700095
0.676629
0.678942
0.697185
0.702805
0.528356
0.664228
0.441024
0.617872
0.474888
0.461194
0.560483
0.603679
0.606290
0.552963
0.481745
0.803237
0.456244
0.663607
0.613124
0.416025
0.677667
0.575000
0.730051
0.693675
0.436081
0.508447
0.726912
0.423199
0.578542
0.705346
0.695518
0.573826
0.438085
0.621558
0.643018
0.563136
0.637230
0.691284
0.651720
0.628679
0.523618
0.564066
0.677223
0.742268
0.567084
0.508557
0.707997
0.671628
0.558646
0.575790
0.515469
0.521958
0.467291
0.648234
0.463908
0.776887
0.569144
0.478915
0.648812
0.509509
0.587650
0.485734
0.336144
0.594047
0.731686
0.657195
0.666553
0.564547
0.527970
0.593676
0.713126
0.539388
0.681864
0.491525
0.712296
0.547119
0.489377
0.401500
0.372339
0.591852
0.378782
0.561882
0.524777
0.582180
0.526631
0.598305
0.498697
0.510763
0.574872
0.547033
0.649388
0.621164
0.579382
0.531684
0.536545
0.525759
0.569571
0.539221
0.590518
0.593143
0.636515
0.421107
0.551135
0.599907
0.560575
0.781805
0.527322
0.486782
0.664163
0.576383
0.717826
0.693928
0.727006
0.520693
0.608878
0.552629
0.807802
0.547322
0.512456
0.512368
0.518588
0.614919
0.461549
0.478433
0.580325
0.623885
0.573879
0.541872
0.479509
0.408395
0.460326
0.443428
0.560031
0.423772
0.404952
0.517133
0.627159
0.477082
0.552166
0.587612
0.544784
0.553872
0.429713
0.542017
0.678684
0.483524
0.515467
0.522847
0.594215
0.458253
0.439698
0.539025
0.615403
0.570545
0.446917
0.590766
0.648590
0.547569
0.567682
0.519276
0.496993
0.532693
0.486044
0.520933
0.649253
0.471198
0.688798
0.668792
0.770489
0.470721
0.505651
0.613816
0.487282
0.767632
0.680588
0.556039
0.672768
0.548966
0.481037
0.615032
0.657891
0.524766
0.696129
0.451524
0.651991
0.475646
0.563373
0.847200
0.680674
0.652456
0.562946
0.451150
0.752025
0.463065
0.546658
0.604909
0.804505
0.380933
0.592932
0.673693
0.835730
0.515577
0.590944
0.597076
0.547178
0.606825
0.548380
0.575982
0.616531
0.531553
0.448493
0.481732
0.585556
0.606001
0.549788
0.543230
0.508721
0.470899
0.460063
0.509713
0.522316
0.551031
0.428745
0.579601
0.422012
0.538266
0.653701
0.416219
0.505028
0.672888
0.541431
0.452264
0.452977
0.476602
0.602232
0.507966
0.520970
0.556302
0.563219
0.652322
0.537621
0.572338
0.567276
0.486838
0.493530
0.678091
0.433814
0.488344
0.678167
0.493776
0.477104
0.722192
0.595607
0.468771
0.653285
0.478691
0.642780
0.619964
0.654286
0.499216
0.651625
0.615619
0.592316
0.638191
0.495523
0.537607
0.595724
0.499376
0.547965
0.429194
0.568268
0.467851
0.447996
0.596934
0.582217
0.607847
0.643786
0.488518
0.712359
0.600694
0.606390
0.346699
0.375267
0.419919
0.434118
0.420341
0.401066
0.465033
0.504984
0.445020
0.507681
0.308536
0.337487
0.448252
0.349868
0.379412
0.569971
0.361293
0.471561
0.411496
0.541518
0.416530
0.345743
0.411892
0.504315
0.540657
0.537167
0.331277
0.474860
0.434881
0.405527
0.466648
0.476084
0.378222
0.475204
0.514455
0.348062
0.532821
0.420199
0.438432
0.522052
0.372882
0.474384
0.422267
0.496278
0.545081
0.416540
0.471281
0.511721
0.439040
0.410973
0.299193
0.481037
0.420517
0.540589
0.438207
0.416331
0.338200
0.421514
0.428543
0.531104
0.482633
0.576676
0.461042
0.481649
0.617595
0.321292
0.363185
0.608215
0.422127
0.523162
0.367547
0.542507
0.516907
0.460195
0.370611
0.417933
0.434509
0.499012
0.376110
0.439008
0.286290
0.299742
0.327536
0.479368
0.408220
0.382160
0.398485
0.400141
0.489395
0.452404
0.632186
0.378240
0.385008
0.362597
0.476875
0.449132
0.415023
0.442024
0.424809
0.519141
0.532758
0.408964
0.534449
0.483290
0.353619
0.486471
0.620583
0.313696
0.617943
0.477742
0.486904
0.465031
0.394935
0.384776
0.435544
0.508145
0.480034
0.482681
0.376448
0.364583
0.419181
0.447002
0.424004
0.323761
0.446015
0.584287
0.505718
0.513929
0.374670
0.343942
0.355939
0.376420
0.429805
0.444147
0.440463
0.410113
0.380430
0.426597
0.520403
0.571593
0.377564
0.391415
0.393741
0.447839
0.479569
0.307894
0.476512
0.430995
0.447126
0.336145
0.739110
0.623497
0.355940
0.589639
0.253804
0.441589
0.410199
0.498675
0.470674
0.420372
0.497278
0.426284
0.494042
0.402009
0.313522
0.516698
0.464624
0.520773
0.369945
0.376754
0.408255
0.403741
0.324399
0.527096
0.277255
0.617565
0.621404
0.353009
0.533267
0.347159
0.394930
0.371102
0.418890
0.301603
0.458948
0.588248
0.357334
0.582842
0.304111
0.407077
0.467319
0.359189
0.411060
0.370157
0.502373
0.527981
0.593126
0.543597
0.539418
0.426512
0.536341
0.467860
0.646309
0.365441
0.301985
0.477641
0.413943
0.387064
0.424766
0.361754
0.395073
0.526780
0.448425
0.444665
0.454516
0.505119
0.477516
0.542229
0.313638
0.554022
0.510345
0.426456
0.474414
0.552856
0.458992
0.381605
0.516810
0.645201
0.484216
0.409206
0.462921
0.443075
0.428112
0.401893
0.372744
0.488109
0.371220
0.491411
0.628989
0.515939
0.474276
0.478647
0.539179
0.411414
0.619999
0.459892
0.530289
0.489820
0.596480
0.479281
0.265957
0.412356
0.313437
0.530997
0.429786
0.456710
0.240846
0.457059
0.313277
0.531217
0.421735
0.478605
0.469006
0.473009
0.596088
0.475363
0.500663
0.565122
0.343206
0.442181
0.444702
0.630754
0.519782
0.537739
0.460877
0.545674
0.323162
0.409830
0.353903
0.477852
0.589938
0.467562
0.476711
0.525322
0.241275
0.427805
0.431151
0.615723
0.432563
0.416439
0.678246
0.347808
0.416794
0.540914
0.396197
0.494418
0.434792
0.378054
0.510056
0.324773
0.585957
0.481926
0.445619
0.385815
0.618672
0.479486
0.580427
0.458792
0.387867
0.510868
0.523912
0.480066
0.452454
0.547931
0.366395
0.350778
0.570919
0.515963
0.566700
0.456637
0.380629
0.409967
0.544226
0.694382
0.487682
0.496094
0.449672
0.447283
0.480522
0.377518
0.456467
0.354347
0.422036
0.335683
0.378989
0.354083
0.589289
0.438526
0.481753
0.480239
0.398715
0.562551
0.333693
0.370222
0.431736
0.410225
0.579028
0.522905
0.548701
0.346785
0.500610
0.613116
0.395621
0.510669
0.323661
0.480674
0.509708
0.360265
0.386992
0.582339
0.520189
0.596757
0.350816
0.452584
0.456437
0.380432
0.509227
0.386435
0.535300
0.416397
0.417909
0.549640
0.350294
0.373208
0.498205
0.628269
0.575916
0.445062
0.432718
0.518351
0.457553
0.441679
0.338999
0.517312
0.533405
0.537328
0.393836
0.516650
0.345785
0.389291
0.315365
0.471687
0.332187
0.468296
0.399570
0.297330
0.364667
0.369092
0.360667
0.270489
0.256618
0.386124
0.371679
0.350460
0.423578
0.329805
0.227357
0.323525
0.251891
0.428386
0.309012
0.347155
0.315606
0.379834
0.234568
0.372134
0.302895
0.262360
0.596096
0.309623
0.344422
0.244430
0.254104
0.361130
0.412653
0.251745
0.295184
0.263468
0.298992
0.308127
0.422576
0.310278
0.254724
0.285056
0.269036
0.303568
0.266523
0.264972
0.271828
0.378541
0.326925
0.366420
0.348229
0.255887
0.403111
0.224246
0.271563
0.453614
0.226209
0.309646
0.297044
0.375749
0.357984
0.374760
0.360495
0.388400
0.370249
0.629927
0.277536
0.380284
0.230009
0.329655
0.415174
0.432279
0.373996
0.394566
0.347387
0.381184
0.305697
0.403754
0.413505
0.354144
0.244522
0.520094
0.315898
0.437686
0.408594
0.448919
0.483888
0.271930
0.383476
0.327368
0.434017
0.378096
0.410044
0.467080
0.299350
0.282242
0.259164
0.314063
0.304066
0.434042
0.312181
0.452625
0.240655
0.334128
0.328750
0.248596
0.391992
0.303035
0.372050
0.256554
0.462885
0.304174
0.430065
0.243614
0.306923
0.473126
0.340481
0.258869
0.317715
0.258218
0.316694
0.240632
0.322038
0.406612
0.346289
0.517827
0.431378
0.320216
0.264163
0.454223
0.303202
0.272487
0.221299
0.385117
0.365765
0.475065
0.332516
0.231989
0.269463
0.343085
0.418014
0.347493
0.211378
0.271191
0.307364
0.255166
0.282132
0.328015
0.309041
0.401189
0.341116
0.497886
0.337625
0.361128
0.213689
0.365974
0.316831
0.233347
0.298081
0.338706
0.440012
0.295464
0.343729
0.389569
0.299209
0.408850
0.163869
0.515754
0.718439
0.425840
0.166384
0.434970
0.422581
0.443565
0.382659
0.380386
0.483305
0.462314
0.473182
0.332201
0.355419
0.482942
0.365460
0.413553
0.266907
0.306262
0.415955
0.431768
0.430234
0.376738
0.337537
0.370456
0.445197
0.416520
0.220966
0.252541
0.546143
0.419061
0.341447
0.331481
0.376857
0.225098
0.344797
0.347761
0.476773
0.323948
0.386242
0.430201
0.364273
0.359212
0.453721
0.267250
0.188384
0.355232
0.347224
0.403898
0.369563
0.401688
0.453870
0.447629
0.352466
0.394813
0.448072
0.329308
0.335333
0.361120
0.260453
0.352164
0.330945
0.404904
0.390657
0.482382
0.404848
0.268021
0.430164
0.464966
0.349452
0.321475
0.321829
0.336867
0.308560
0.373412
0.482961
0.409763
0.392198
0.405221
0.398396
0.304222
0.421557
0.394071
0.406815
0.281211
0.389743
0.285504
0.405246
0.260462
0.310633
0.256888
0.452794
0.364103
0.277315
0.536698
0.326495
0.397792
0.400199
0.456971
0.360277
0.306731
0.363829
0.403299
0.282074
0.316963
0.454931
0.348139
0.306785
0.478761
0.348303
0.555386
0.393926
0.313639
0.307602
0.325913
0.291941
0.311116
0.321864
0.323290
0.382277
0.414376
0.322449
0.446895
0.359866
0.303856
0.298567
0.373698
0.423327
0.282825
0.343759
0.324605
0.417545
0.420465
0.366655
0.271777
0.270823
0.252137
0.255138
0.371605
0.346464
0.346216
0.270224
0.501579
0.378965
0.473358
0.286307
0.307514
0.365772
0.342615
0.270858
0.331835
0.437698
0.412009
0.396782
0.369672
0.490493
0.427855
0.358389
0.275593
0.342422
0.322273
0.371021
0.400156
0.417634
0.351508
0.369297
0.364003
0.383359
0.322921
0.406126
0.291420
0.332645
0.423081
0.407666
0.441268
0.547094
0.345243
0.413341
0.407623
0.527749
0.529235
0.329539
0.287466
0.310749
0.326573
0.230912
0.337399
0.315727
0.333856
0.261003
0.406043
0.345091
0.510508
0.395132
0.290611
0.437307
0.419773
0.310753
0.379249
0.398663
0.283711
0.362507
0.439175
0.346089
0.462452
0.422665
0.304506
0.591576
0.563074
0.382946
0.372638
0.368803
0.335537
0.316205
0.405460
0.328795
0.379994
0.392357
0.305747
0.333186
0.341975
0.369057
0.539197
0.172233
0.420563
0.343345
0.261406
0.247212
0.183572
0.276887
0.223379
0.243413
0.188444
0.195691
0.263799
0.291604
0.217988
0.273701
0.244161
0.164239
0.168157
0.164043
0.227384
0.158087
0.156684
0.207330
0.280266
0.250773
0.187119
0.297965
0.206063
0.263731
0.358691
0.258427
0.239685
0.260059
0.293376
0.170875
0.349454
0.146110
0.295074
0.368755
0.300330
0.157854
0.262880
0.263976
0.219714
0.185386
0.186144
0.290297
0.292103
0.204530
0.265798
0.214897
0.172962
0.296466
0.242074
0.450272
0.152045
0.246744
0.175305
0.180477
0.255080
0.219282
0.141504
0.263222
0.320535
0.297282
0.233067
0.352576
0.276081
0.265272
0.378230
0.206878
0.214902
0.328945
0.161765
0.293608
0.278541
0.255821
0.195799
0.416201
0.305440
0.261971
0.200762
0.185952
0.420493
0.213309
0.276573
0.211925
0.210605
0.244546
0.176275
0.206952
0.285584
0.215504
0.250355
0.490502
0.157157
0.219583
0.316960
0.393159
0.242558
0.238128
0.218828
0.187821
0.307377
0.256483
0.143570
0.268403
0.237576
0.201591
0.246841
0.428494
0.283885
0.215717
0.244237
0.278611
0.242414
0.241099
0.241580
0.202021
0.253691
0.263768
0.176523
0.406872
0.223504
0.282069
0.283597
0.393045
0.378206
0.309740
0.340498
0.350369
0.267197
0.224940
0.318262
0.350332
0.349304
0.260334
0.243279
0.305263
0.317704
0.391011
0.263282
0.293355
0.430993
0.314670
0.369106
0.209362
0.382924
0.244505
0.320688
0.361198
0.274773
0.313875
0.329141
0.181401
0.207807
0.287418
0.378374
0.344210
0.396839
0.357908
0.281448
0.352320
0.233789
0.274977
0.315970
0.223911
0.316187
0.259933
0.282303
0.335827
0.404942
0.209846
0.326222
0.237145
0.307897
0.306337
0.296927
0.267995
0.233100
0.213147
0.246294
0.222838
0.283617
0.283374
0.259163
0.170337
0.173800
0.341786
0.258612
0.239019
0.235740
0.156398
0.197816
0.322244
0.296203
0.297026
0.260940
0.407214
0.400821
0.336159
0.317619
0.424963
0.275327
0.291334
0.169424
0.299493
0.181134
0.192103
0.421371
0.179738
0.280659
0.326010
0.433805
0.285906
0.302540
0.251347
0.327870
0.242973
0.222232
0.182041
0.272927
0.314934
0.411645
0.240805
0.260679
0.300023
0.326255
0.277717
0.300617
0.401627
0.316563
0.292294
0.216546
0.380241
0.372760
0.138892
0.374995
0.150591
0.342513
0.473618
0.305587
0.173580
0.380844
0.347597
0.253923
0.357351
0.373968
0.313554
0.260288
0.212657
0.339031
0.348742
0.243638
0.390296
0.305941
0.382483
0.320797
0.232838
0.271038
0.223262
0.258160
0.189582
0.204682
0.196731
0.327857
0.210185
0.332111
0.162814
0.319526
0.213101
0.186025
0.156647
0.284591
0.186016
0.424900
0.162119
0.356546
0.416896
0.231232
0.209284
0.234239
0.289281
0.235339
0.188313
0.282276
0.239300
0.386927
0.194542
0.325628
0.309656
0.339909
0.297046
0.112054
0.260157
0.231725
0.326857
0.202047
0.370404
0.199201
0.257268
0.328073
0.347065
0.320742
0.264432
0.266296
0.248856
0.255455
0.218660
0.268906
0.237184
0.468630
0.244113
0.390674
0.274567
0.285135
0.374731
0.226123
0.374414
0.363143
0.316969
0.392372
0.435346
0.226598
0.284947
0.205115
0.316749
0.264436
0.204185
0.264163
0.253590
0.422617
0.202406
0.244063
0.255252
0.389060
0.387860
0.307255
0.309216
0.233930
0.218229
0.249314
0.369509
0.255754
0.227633
0.445943
0.210217
0.238822
0.368423
0.377650
0.202476
0.319265
0.217957
0.274327
0.338946
0.444633
0.318501
0.252751
0.231305
0.424777
0.287933
0.195077
0.272776
0.327941
0.277593
0.249010
0.309089
0.205909
0.500834
0.242788
0.323888
0.290158
0.357709
0.200341
0.354466
0.227102
0.292570
0.300000
0.303699
0.279172
0.307362
0.357166
0.301113
0.331053
0.371080
0.318661
0.265082
0.162740
0.389964
0.414446
0.302837
0.309653
0.319667
0.203957
0.155760
0.182548
0.384055
0.146336
0.173031
0.108772
0.244340
0.140235
0.182555
0.212339
0.200554
0.176431
0.124091
0.161141
0.153413
0.144715
0.126026
0.208711
0.153563
0.291189
0.131709
0.127252
0.193047
0.221117
0.106398
0.169287
0.254612
0.220101
0.209766
0.164997
0.142259
0.184597
0.151658
0.165156
0.176825
0.142391
0.222848
0.120365
0.163858
0.073621
0.088264
0.273600
0.196870
0.137495
0.192653
0.104415
0.219434
0.090339
0.109739
0.136237
0.186492
0.261223
0.139618
0.334468
0.297468
0.199252
0.184671
0.238728
0.113763
0.236616
0.174915
0.159981
0.239340
0.184679
0.141913
0.263880
0.294343
0.161370
0.142569
0.180978
0.205557
0.097191
0.228393
0.222414
0.276046
0.140786
0.358182
0.299676
0.270086
0.177848
0.312587
0.331744
0.272830
0.229046
0.261973
0.274907
0.221476
0.218609
0.260542
0.177702
0.221735
0.132031
0.172056
0.153880
0.223082
0.153685
0.231183
0.115786
0.142848
0.199461
0.159854
0.191778
0.168859
0.131901
0.174193
0.351870
0.140169
0.207206
0.211785
0.158668
0.223396
0.196293
0.148950
0.184563
0.122239
0.156738
0.166174
0.103899
0.153433
0.308842
0.259219
0.131516
0.246551
0.166164
0.109129
0.109512
0.164560
0.228466
0.239063
0.272286
0.098227
0.225010
0.165990
0.274952
0.217122
0.108408
0.192573
0.238191
0.199898
0.122664
0.255270
0.288041
0.185250
0.100145
0.115102
0.247337
0.304994
0.363965
0.288499
0.263627
0.192549
0.249458
0.185805
0.180817
0.170074
0.313026
0.183782
0.297873
0.115247
0.207330
0.176876
0.263246
0.220551
0.262671
0.113207
0.201360
0.446566
0.138964
0.175159
0.124900
0.216080
0.211990
0.333868
0.285775
0.214471
0.229559
0.181315
0.278045
0.243324
0.256108
0.196176
0.233967
0.216024
0.201925
0.216682
0.225887
0.187416
0.203618
0.201121
0.171950
0.251052
0.206664
0.181244
0.214282
0.189099
0.202823
0.241154
0.374259
0.172328
0.247485
0.140948
0.232773
0.160632
0.270108
0.100216
0.212447
0.293122
0.260504
0.219211
0.220131
0.117495
0.210326
0.196601
0.194102
0.146260
0.225840
0.134488
0.123304
0.233224
0.248124
0.086874
0.210599
0.264597
0.276582
0.182758
0.214072
0.132251
0.285267
0.191543
0.220616
0.183570
0.241503
0.321785
0.329767
0.174596
0.085254
0.186218
0.224991
0.320722
0.240116
0.222088
0.179494
0.201714
0.160687
0.160098
0.201042
0.223062
0.204043
0.241105
0.237083
0.234960
0.313658
0.151355
0.272496
0.198543
0.156708
0.204835
0.303290
0.223952
0.154043
0.226264
0.243220
0.209986
0.168078
0.350099
0.303194
0.261191
0.141433
0.205711
0.264182
0.170682
0.302955
0.232337
0.263143
0.239027
0.224659
0.272177
0.266522
0.297049
0.181247
0.204733
0.168479
0.201019
0.286139
0.268473
0.209564
0.228179
0.156001
0.175406
0.324299
0.243691
0.227511
0.265286
0.295997
0.241875
0.216661
0.240428
0.278829
0.236938
0.210143
0.208058
0.109938
0.328101
0.124418
0.235380
0.120978
0.226704
0.225888
0.212693
0.194040
0.235725
0.265495
0.171893
0.289866
0.277887
0.279818
0.297288
0.127180
0.215575
0.334484
0.222321
0.290387
0.326251
0.260745
0.326163
0.114223
0.167344
0.318453
0.179273
0.300403
0.274004
0.312538
0.348770
0.369324
0.322508
0.156255
0.249660
0.198458
0.257065
0.195776
0.272565
0.246886
0.191693
0.235161
0.223143
0.221559
0.191521
0.139168
0.259237
0.290670
0.196878
0.220559
0.200435
0.237684
0.263443
0.380741
0.169881
0.287265
0.191031
0.290511
0.302322
0.265583
0.118418
0.263931
0.321893
0.189599
0.212354
0.267481
0.308431
0.184882
0.193685
0.301579
0.414761
0.206271
0.197170
0.276134
0.185559
0.188383
0.324892
0.219703
0.240193
0.250716
0.241980
0.188046
0.308292
0.150139
0.398237
0.150510
0.122187
0.167174
0.154910
0.147185
0.251372
0.133832
0.160848
0.179855
0.097371
0.100555
0.163642
0.136969
0.163901
0.107676
0.068136
0.215194
0.164264
0.097291
0.103094
0.190031
0.073672
0.128899
0.086787
0.137135
0.178235
0.115510
0.102007
0.146368
0.126013
0.083017
0.077243
0.090321
0.206096
0.263493
0.114527
0.082270
0.119698
0.109635
0.208962
0.085459
0.161087
0.235511
0.096126
0.081792
0.131123
0.093722
0.079415
0.199482
0.118990
0.158512
0.167696
0.057378
0.126842
0.213153
0.052752
0.056792
0.074228
0.112289
0.139119
0.117798
0.188175
0.249462
0.127048
0.098632
0.094598
0.185688
0.092670
0.085499
0.120779
0.134222
0.098574
0.105904
0.164820
0.156140
0.189620
0.203511
0.267858
0.067508
0.153699
0.166383
0.060218
0.161731
0.246628
0.137151
0.345328
0.074147
0.186360
0.122314
0.122510
0.121762
0.460249
0.193100
0.082422
0.224198
0.134003
0.122208
0.175660
0.213814
0.220304
0.100068
0.138906
0.159741
0.233773
0.197605
0.160352
0.213134
0.135971
0.193146
0.084712
0.225022
0.152970
0.167880
0.143024
0.185417
0.165055
0.194406
0.251954
0.216647
0.168277
0.208022
0.286172
0.142774
0.260297
0.180299
0.194795
0.141823
0.091047
0.104499
0.154343
0.186075
0.121555
0.181856
0.137746
0.184277
0.177625
0.183916
0.120672
0.120551
0.156149
0.071297
0.263110
0.132673
0.191303
0.180096
0.185382
0.183186
0.170025
0.306314
0.107559
0.186635
0.090780
0.067780
0.083798
0.075262
0.080010
0.174724
0.195091
0.153207
0.187763
0.197564
0.131554
0.146433
0.152685
0.121857
0.208113
0.189888
0.129186
0.187483
0.122934
0.215209
0.138732
0.254446
0.180389
0.140517
0.166807
0.174166
0.231098
0.157420
0.165080
0.103277
0.127927
0.116154
0.228289
0.137726
0.222049
0.143287
0.309328
0.153456
0.194613
0.297001
0.232310
0.275603
0.339858
0.148667
0.156951
0.149412
0.156482
0.233358
0.099417
0.293545
0.142383
0.260272
0.167010
0.119690
0.195578
0.175712
0.080576
0.233147
0.132723
0.138274
0.138364
0.160600
0.197396
0.121978
0.139535
0.171065
0.174786
0.126935
0.188470
0.195891
0.082633
0.116550
0.178402
0.191862
0.170458
0.156898
0.118316
0.116618
0.167514
0.100442
0.215378
0.110648
0.131866
0.158459
0.043536
0.235193
0.206384
0.085518
0.230192
0.071346
0.256875
0.181409
0.179093
0.249639
0.171129
0.123883
0.139622
0.095990
0.117786
0.199641
0.264602
0.234667
0.082428
0.149422
0.227735
0.286333
0.113995
0.184070
0.147680
0.163283
0.195063
0.329761
0.299241
0.150812
0.132165
0.134394
0.264036
0.060552
0.232637
0.156330
0.193114
0.142834
0.232153
0.176479
0.180016
0.239866
0.212792
0.161284
0.198798
0.170992
0.130679
0.208965
0.158051
0.173283
0.051067
0.100196
0.143332
0.171328
0.158365
0.225420
0.144839
0.111106
0.165995
0.151743
0.235277
0.301582
0.188905
0.190341
0.376486
0.174657
0.272971
0.167795
0.122277
0.104725
0.142016
0.137827
0.155496
0.151157
0.115582
0.118883
0.155469
0.098738
0.160365
0.093397
0.182551
0.130356
0.127682
0.242777
0.203839
0.162200
0.241722
0.092707
0.080467
0.330149
0.155279
0.221951
0.229993
0.269927
0.117817
0.102433
0.138390
0.174985
0.304438
0.171288
0.218972
0.192649
0.229206
0.117955
0.160330
0.047761
0.127100
0.170106
0.247591
0.236502
0.116502
0.196365
0.191757
0.214209
0.202650
0.071286
0.245608
0.224515
0.272026
0.193037
0.069029
0.177209
0.104000
0.108773
0.254124
0.114277
0.151201
0.162252
0.191065
0.195570
0.158170
0.135439
0.104912
0.138370
0.164737
0.199146
0.336079
0.200785
0.135082
0.203719
0.281495
0.104499
0.099855
0.105816
0.255979
0.240387
0.194381
0.106844
0.156796
0.175955
0.122374
0.096476
0.238280
0.113062
0.138409
0.154630
0.234342
0.090958
0.059988
0.072911
0.163583
0.070363
0.202390
0.143050
0.090779
0.041061
0.085595
0.076907
0.104604
0.101935
0.145990
0.237406
0.048317
0.068004
0.052320
0.094911
0.213870
0.070762
0.157358
0.092208
0.068930
0.119245
0.047996
0.084432
0.063555
0.081083
0.203243
0.167168
0.136277
0.106540
0.096123
0.176945
0.107502
0.070780
0.061915
0.141573
0.065446
0.148595
0.122216
0.129022
0.128009
0.049383
0.084032
0.090498
0.173138
0.107896
0.141621
0.095339
0.092351
0.068840
0.100220
0.038554
0.093275
0.173527
0.145797
0.267605
0.103965
0.183020
0.170532
0.203890
0.050352
0.169306
0.140282
0.150710
0.112997
0.067038
0.036996
0.083307
0.123569
0.108531
0.145580
0.174035
0.058910
0.053088
0.066896
0.132704
0.097815
0.098136
0.080975
0.113304
0.126710
0.195897
0.105959
0.142134
0.163163
0.142228
0.207346
0.161096
0.105058
0.096088
0.084764
0.108870
0.235613
0.129725
0.126505
0.160860
0.184940
0.110754
0.174300
0.187090
0.112067
0.115000
0.192382
0.145257
0.170051
0.166859
0.125894
0.137030
0.128120
0.083368
0.132236
0.154881
0.090138
0.114013
0.101594
0.075480
0.095828
0.099745
0.188601
0.090328
0.070343
0.144682
0.124759
0.136019
0.125717
0.129566
0.096869
0.139374
0.115552
0.093575
0.042912
0.108427
0.197325
0.065785
0.152117
0.090478
0.124434
0.095139
0.121522
0.107670
0.075894
0.267407
0.072892
0.061212
0.182723
0.079133
0.287646
0.157698
0.072595
0.067761
0.151722
0.074117
0.127661
0.114600
0.090722
0.097451
0.038023
0.132444
0.115588
0.126172
0.114648
0.099126
0.150393
0.175044
0.033744
0.208778
0.110593
0.123473
0.223655
0.109760
0.080172
0.117036
0.122295
0.119876
0.080352
0.115173
0.091523
0.134292
0.102271
0.195205
0.135821
0.209595
0.074137
0.174945
0.117173
0.122922
0.124062
0.192945
0.106103
0.116416
0.146020
0.165962
0.131146
0.141787
0.099284
0.197319
0.158400
0.096976
0.077668
0.224532
0.101193
0.087087
0.153609
0.189944
0.089621
0.205387
0.076676
0.141223
0.166462
0.120548
0.105786
0.082895
0.085663
0.058135
0.063532
0.129284
0.218501
0.105539
0.121130
0.082748
0.120721
0.135868
0.311864
0.168359
0.128970
0.054523
0.155334
0.052553
0.184463
0.099343
0.057880
0.194762
0.146231
0.106914
0.066470
0.091705
0.134730
0.093988
0.174130
0.138065
0.151195
0.164816
0.171201
0.127451
0.089845
0.069779
0.202502
0.183221
0.132325
0.081862
0.139716
0.159416
0.228120
0.246470
0.165316
0.149100
0.176343
0.147931
0.125723
0.147897
0.102867
0.284184
0.111945
0.167562
0.050449
0.096134
0.133226
0.097481
0.112387
0.169910
0.165882
0.156968
0.183632
0.057216
0.251231
0.130561
0.192929
0.111376
0.138559
0.218343
0.089100
0.186047
0.097576
0.080035
0.168100
0.199149
0.154950
0.159014
0.382209
0.255009
0.129263
0.160297
0.233672
0.182447
0.154615
0.082801
0.258585
0.096784
0.205339
0.158863
0.276604
0.194706
0.182509
0.182160
0.133895
0.062054
0.124324
0.153743
0.085262
0.141923
0.163270
0.198104
0.046295
0.102944
0.168892
0.209526
0.184863
0.129544
0.229925
0.074041
0.137027
0.165778
0.156529
0.214941
0.193944
0.136845
0.103137
0.124832
0.155288
0.077393
0.184395
0.130470
0.191557
0.128010
0.178183
0.131607
0.136154
0.046060
0.189101
0.134622
0.074445
0.106079
0.151366
0.113510
0.165785
0.088212
0.062103
0.098889
0.147868
0.163061
0.120202
0.080060
0.078992
0.115683
0.075064
0.064832
0.091037
0.108595
0.130909
0.113568
0.204243
0.221633
0.091954
0.143079
0.197942
0.229857
0.137792
0.100041
0.082854
0.141393
0.108086
0.140298
0.076029
0.146034
0.163239
0.250421
0.158955
0.142219
0.166471
0.103684
0.064464
0.051777
0.146922
0.211813
0.113593
0.161907
0.140772
0.042282
0.075818
0.048420
0.059813
0.079543
0.103296
0.050101
0.087058
0.087616
0.187547
0.142010
0.084729
0.068372
0.123602
0.100733
0.130953
0.141541
0.116255
0.056970
0.090590
0.093430
0.060389
0.101208
0.114326
0.123213
0.104490
0.072420
0.216097
0.051806
0.128788
0.124584
0.078326
0.084229
0.111724
0.124309
0.098159
0.084732
0.059322
0.105489
0.038789
0.031283
0.145319
0.078182
0.046661
0.085531
0.204036
0.044269
0.081712
0.100780
0.117302
0.020267
0.126703
0.146918
0.095720
0.085415
0.150878
0.126840
0.315112
0.090840
0.165010
0.102731
0.110862
0.099983
0.048566
0.140369
0.083744
0.043316
0.065346
0.113581
0.117666
0.093814
0.136706
0.138705
0.102484
0.083590
0.081174
0.076315
0.030821
0.070326
0.126405
0.047075
0.194522
0.121407
0.133758
0.092654
0.073784
0.079061
0.098769
0.105249
0.067746
0.064642
0.116482
0.141162
0.167189
0.152934
0.081539
0.061138
0.054764
0.116024
0.033808
0.038753
0.133082
0.086548
0.033910
0.128530
0.057819
0.073263
0.146677
0.184406
0.118536
0.131294
0.059180
0.028848
0.053206
0.111643
0.106685
0.098443
0.068130
0.134789
0.029415
0.159945
0.188184
0.135691
0.140727
0.188220
0.068856
0.137194
0.088073
0.117496
0.122574
0.136348
0.184268
0.089147
0.109588
0.044324
0.107244
0.020104
0.041511
0.163417
0.064653
0.172146
0.120144
0.048753
0.151900
0.076987
0.121648
0.135015
0.118298
0.093696
0.090279
0.057103
0.133421
0.151914
0.084192
0.100077
0.073956
0.111245
0.043218
0.115374
0.101325
0.201330
0.059923
0.049999
0.081345
0.066995
0.117315
0.102844
0.089747
0.124945
0.070728
0.080756
0.095247
0.076427
0.146388
0.077725
0.097227
0.129748
0.078067
0.117103
0.199281
0.178349
0.066825
0.090735
0.042547
0.094549
0.110501
0.096436
0.281242
0.074079
0.105985
0.093678
0.038795
0.072425
0.127194
0.103614
0.135618
0.112482
0.105437
0.149268
0.088113
0.084368
0.034607
0.073679
0.030275
0.059865
0.063249
0.082142
0.082066
0.133279
0.055379
0.048523
0.082413
0.088096
0.070063
0.098230
0.160039
0.042130
0.072742
0.111611
0.043409
0.155507
0.084893
0.119448
0.105240
0.073877
0.122529
0.124943
0.112918
0.074204
0.158176
0.047816
0.059880
0.080896
0.102319
0.142592
0.108168
0.140494
0.114303
0.169641
0.116338
0.060101
0.046452
0.078716
0.091698
0.091418
0.157834
0.127472
0.203438
0.038359
0.115281
0.238398
0.133741
0.111556
0.168142
0.142256
0.106518
0.086804
0.155655
0.076679
0.159649
0.019551
0.073801
0.096453
0.112845
0.055378
0.070323
0.050481
0.062964
0.133121
0.051713
0.090339
0.061725
0.083597
0.165006
0.085345
0.095963
0.058558
0.052625
0.118172
0.093456
0.091635
0.122219
0.092498
0.084676
0.055254
0.041757
0.077421
0.153393
0.108536
0.093918
0.057075
0.155142
0.062954
0.136784
0.085345
0.034072
0.165400
0.023913
0.079079
0.044572
0.039398
0.256568
0.203422
0.145627
0.032802
0.118738
0.073126
0.269988
0.145643
0.060694
0.119240
0.135461
0.150321
0.105356
0.090859
0.174101
0.081671
0.156702
0.215908
0.076984
0.118297
0.150297
0.168194
0.087663
0.072537
0.077258
0.116839
0.269037
0.110225
0.243219
0.101506
0.104194
0.098382
0.055865
0.140766
0.077519
0.078684
0.117314
0.108518
0.152037
0.129501
0.080746
0.128872
0.084746
0.167870
0.101172
0.143488
0.092382
0.117736
0.120122
0.146952
0.183018
0.076552
0.129536
0.077863
0.071433
0.166517
0.050667
0.151884
0.161258
0.046457
0.122949
0.081878
0.081618
0.105678
0.109715
0.108881
0.130846
0.039950
0.119315
0.087136
0.061142
0.109947
0.083996
0.195076
0.133164
0.103346
0.053166
0.185720
0.095537
0.116372
0.057725
0.109595
0.075328
0.063560
0.160872
0.086215
0.106284
0.098150
0.135249
0.108863
0.062932
0.083860
0.090276
0.115720
0.040664
0.120484
0.062395
0.071673
0.071669
0.036450
0.043488
0.057205
0.060064
0.113109
0.048363
0.074289
0.104209
0.072175
0.060944
0.166751
0.151913
0.099589
0.086144
0.014790
0.064164
0.078097
0.070627
0.144793
0.126562
0.036044
0.111428
0.033451
0.012773
0.029162
0.074712
0.051332
0.178924
0.103815
0.178470
0.058254
0.102067
0.022137
0.071260
0.078990
0.116561
0.080483
0.089190
0.150123
0.026849
0.073882
0.098977
0.072037
0.053799
0.166579
0.115845
0.079119
0.094687
0.146782
0.107853
0.073107
0.074369
0.048924
0.041044
0.168759
0.152166
0.069799
0.154339
0.087593
0.040436
0.104134
0.048771
0.162993
0.112355
0.158369
0.075375
0.045545
0.084906
0.136667
0.065024
0.073025
0.097458
0.136507
0.075673
0.189418
0.091294
0.040224
0.048865
0.019176
0.105807
0.223217
0.019128
0.073074
0.024160
0.098135
0.033899
0.094993
0.077783
0.043625
0.024593
0.123154
0.105446
0.046182
0.183738
0.039564
0.109731
0.112059
0.099174
0.064304
0.042904
0.104120
0.058637
0.081000
0.027256
0.077914
0.068067
0.021221
0.196989
0.051831
0.055620
0.094693
0.083823
0.078412
0.029557
0.050108
0.051889
0.072408
0.126570
0.039959
0.038346
0.070015
0.051512
0.039404
0.055199
0.146690
0.043364
0.079499
0.067317
0.101898
0.041051
0.036882
0.081559
0.028289
0.039344
0.084940
0.185979
0.069038
0.089887
0.214928
0.055324
0.016642
0.029157
0.076514
0.097724
0.128146
0.051322
0.113648
0.087643
0.147819
0.150025
0.058075
0.140256
0.081437
0.232441
0.030019
0.098712
0.097093
0.080203
0.158432
0.072759
0.144698
0.057384
0.055236
0.080999
0.161473
0.111921
0.149830
0.170646
0.070415
0.164272
0.129389
0.137567
0.074083
0.111859
0.182589
0.170197
0.248980
0.032545
0.077877
0.121060
0.091563
0.094929
0.110157
0.077372
0.198771
0.062972
0.062697
0.092273
0.158161
0.085368
0.091647
0.070561
0.153940
0.061713
0.085240
0.129256
0.096711
0.064977
0.043310
0.102847
0.056697
0.051351
0.038926
0.062114
0.090415
0.054603
0.188365
0.066930
0.114182
0.039183
0.058063
0.116216
0.092680
0.049921
0.124305
0.027604
0.091725
0.097149
0.116137
0.068186
0.154752
0.097160
0.113173
0.034357
0.084621
0.060575
0.066057
0.055426
0.070819
0.141274
0.080565
0.058222
0.092511
0.066084
0.150888
0.128446
0.051728
0.177012
0.085992
0.081739
0.100926
0.038017
0.052876
0.120807
0.121800
0.130213
0.152389
0.145475
0.090022
0.084765
0.083497
0.065216
0.188557
0.069713
0.106527
0.069725
0.096324
0.076981
0.057769
0.147301
0.089886
0.112669
0.091304
0.150097
0.027616
0.130027
0.105495
0.088388
0.033380
0.163337
0.031566
0.190687
0.081410
0.040504
0.164296
0.081298
0.135910
0.097642
0.052996
0.084084
0.049400
0.187102
0.080826
0.092568
0.130437
0.093826
0.083000
0.131675
0.017079
0.088754
0.071011
0.101877
0.126110
0.075292
0.182083
0.133328
0.064114
0.113454
0.140618
0.112593
0.055834
0.092879
0.079880
0.060237
0.028483
0.120950
0.123402
0.131700
0.118799
0.131249
0.101774
0.096668
0.121002
0.110787
0.104602
0.081968
0.086025
0.140121
0.167984
0.121581
0.122703
0.071582
0.045887
0.168724
0.043097
0.054610
0.131341
0.072691
0.099872
0.098704
0.026237
0.019725
0.063745
0.140470
0.029953
0.062433
0.046544
0.225192
0.043060
0.138561
0.126073
0.094195
0.127030
0.046075
0.089475
0.075216
0.093587
0.070091
0.093511
0.104207
0.114808
0.096996
0.057335
0.099999
0.118869
0.106972
0.098587
0.048756
0.148250
0.079219
0.096062
0.056361
0.115585
0.093670
0.123019
0.050258
0.069007
0.057800
0.299096
0.096410
0.126716
0.146448
0.084987
0.099183
0.022694
0.055426
0.137000
0.142067
0.085935
0.100179
0.079013
0.179536
0.014753
0.085816
0.084893
0.043769
0.028745
0.040514
0.081551
0.022301
0.026721
0.112680
0.036985
0.019858
0.015604
0.124295
0.027823
0.094488
0.101904
0.093801
0.082742
0.037964
0.071232
0.027145
0.124764
0.080743
0.055956
0.023113
0.093586
0.043270
0.078899
0.071584
0.055965
0.054386
0.073221
0.024573
0.074744
0.040336
0.092482
0.013593
0.109684
0.053436
0.107260
0.093716
0.041572
0.087028
0.053665
0.094358
0.028557
0.058204
0.032029
0.063701
0.032833
0.080489
0.025816
0.052510
0.062272
0.054933
0.113943
0.049430
0.057874
0.135760
0.064657
0.029299
0.080054
0.084083
0.043061
0.091083
0.067013
0.096240
0.096606
0.057976
0.044063
0.077780
0.061016
0.062225
0.034296
0.022182
0.028564
0.061474
0.100101
0.043720
0.017017
0.009027
0.024454
0.075266
0.046367
0.037516
0.065544
0.054567
0.061844
0.087105
0.206749
0.031408
0.042217
0.090727
0.059012
0.028683
0.056017
0.149078
0.076916
0.118210
0.089102
0.040954
0.070724
0.142687
0.057664
0.027875
0.051930
0.070675
0.140777
0.040428
0.065746
0.056670
0.113647
0.083922
0.099922
0.085849
0.092063
0.059806
0.142640
0.126863
0.112554
0.120440
0.053528
0.097963
0.078882
0.048620
0.053154
0.090679
0.083124
0.057668
0.088415
0.199818
0.103105
0.151049
0.091718
0.042859
0.067745
0.072510
0.128412
0.104479
0.109667
0.095147
0.027598
0.187988
0.084067
0.073877
0.074145
0.142884
0.033164
0.075747
0.051013
0.079770
0.078788
0.128417
0.094391
0.018950
0.131540
0.048319
0.159096
0.054445
0.160099
0.103866
0.088765
0.030109
0.083754
0.018048
0.123274
0.097870
0.087025
0.086022
0.108069
0.097557
0.077929
0.048525
0.059396
0.088220
0.065459
0.064861
0.060057
0.064647
0.028308
0.089281
0.079602
0.038566
0.050984
0.079634
0.052121
0.037084
0.168580
0.053949
0.110580
0.072294
0.061374
0.099160
0.031567
0.095427
0.127063
0.045233
0.044044
0.200131
0.041977
0.085618
0.104647
0.049540
0.025197
0.093646
0.114073
0.093332
0.076772
0.110477
0.148507
0.168398
0.067032
0.178322
0.061490
0.122797
0.036522
0.173097
0.075754
0.043602
0.079073
0.063293
0.118918
0.061876
0.124028
0.113683
0.047813
0.131692
0.085783
0.042860
0.047980
0.023589
0.082405
0.037138
0.089701
0.055609
0.048061
0.141523
0.134054
0.105113
0.020585
0.068494
0.087182
0.047539
0.163094
0.095602
0.076226
0.031001
0.089458
0.039888
0.006978
0.130615
0.054139
0.106485
0.160260
0.188153
0.141674
0.013648
0.051907
0.026344
0.088655
0.068887
0.085495
0.057368
0.049685
0.068019
0.039218
0.086529
0.087527
0.059062
0.074323
0.053760
0.064740
0.034587
0.029901
0.059610
0.095712
0.033852
0.055149
0.092867
0.097767
0.035739
0.135509
0.050939
0.084311
0.064213
0.089101
0.089005
0.067311
0.049397
0.166428
0.093773
0.057110
0.058299
0.059413
0.093449
0.194556
0.103814
0.042151
0.052962
0.098917
0.029048
0.080206
0.097222
0.127932
0.065796
0.100784
0.095484
0.047247
0.029082
0.121452
0.061782
0.083547
0.059928
0.127963
0.133677
0.075369
0.017376
0.090114
0.075926
0.096148
0.097413
0.132749
0.054720
0.026034
0.058458
0.092144
0.080504
0.053144
0.109777
0.066333
0.073672
0.105724
0.025256
0.104643
0.114117
0.108529
0.057487
0.115538
0.060729
0.120327
0.076691
0.082106
0.125925
0.133895
0.056451
0.062927
0.045336
0.048698
0.131479
0.106736
0.136505
0.171656
0.182208
0.051445
0.143632
0.048047
0.083708
0.095824
0.057064
0.146629
0.095649
0.136299
0.067582
0.092656
0.087705
0.092033
0.069424
0.151827
0.142130
0.098955
0.143964
0.135432
0.035940
0.061377
0.077661
0.108209
0.068255
0.191322
0.062391
0.071197
0.060576
0.162217
0.149541
0.125191
0.095277
0.103109
0.090670
0.130273
0.170024
0.062432
0.116696
0.026863
0.058128
0.032498
0.026778
0.093379
0.021751
0.023216
0.072601
0.076845
0.088807
0.066121
0.053067
0.138627
0.012525
0.050387
0.071046
0.070810
0.076865
0.040466
0.023007
0.012842
0.074156
0.011783
0.051407
0.086333
0.088691
0.033796
0.014278
0.017857
0.020406
0.049027
0.099835
0.043658
0.067081
0.050755
0.021773
0.042693
0.094976
0.027523
0.040930
0.112649
0.061472
0.037749
0.056102
0.110599
0.082258
0.139968
0.022157
0.065976
0.035201
0.050236
0.048455
0.019679
0.050037
0.050433
0.095637
0.021040
0.035102
0.052303
0.049930
0.056310
0.048747
0.057513
0.109652
0.038355
0.012714
0.053790
0.142708
0.026224
0.056716
0.063043
0.069880
0.050601
0.049557
0.094616
0.027550
0.043363
0.070665
0.031351
0.079108
0.028269
0.087207
0.127056
0.030384
0.038141
0.054972
0.016150
0.035129
0.173129
0.087271
0.033810
0.020474
0.038762
0.076998
0.027853
0.039262
0.102776
0.083138
0.044588
0.011830
0.062373
0.026843
0.050602
0.104088
0.052585
0.136993
0.102714
0.090188
0.069829
0.035462
0.012572
0.086516
0.030127
0.082943
0.030840
0.088010
0.134109
0.097207
0.045144
0.093819
0.058152
0.046361
0.065560
0.050340
0.035824
0.029644
0.049681
0.117345
0.039398
0.017587
0.071788
0.042172
0.059235
0.077828
0.050870
0.043942
0.062077
0.041324
0.055225
0.041645
0.035133
0.012274
0.083040
0.051070
0.077051
0.028303
0.062277
0.052828
0.017677
0.041415
0.058055
0.069561
0.100455
0.027459
0.116928
0.064094
0.027228
0.068057
0.061202
0.038306
0.042266
0.072981
0.031025
0.057848
0.045597
0.057800
0.013601
0.067404
0.027766
0.024898
0.025725
0.039943
0.095149
0.028594
0.104505
0.036506
0.039409
0.013767
0.017150
0.059596
0.074127
0.063647
0.058152
0.090370
0.053337
0.083963
0.039539
0.049943
0.022667
0.022273
0.027188
0.012722
0.111026
0.030384
0.135796
0.062484
0.084684
0.117911
0.119440
0.019986
0.163655
0.074050
0.037322
0.092548
0.147957
0.117381
0.063450
0.058037
0.083000
0.127565
0.080858
0.101282
0.129708
0.064012
0.112445
0.042138
0.024572
0.078924
0.060260
0.095617
0.061898
0.060245
0.064932
0.135316
0.050350
0.054873
0.075321
0.055909
0.023003
0.031691
0.064333
0.042169
0.069079
0.067558
0.072000
0.008960
0.118859
0.056412
0.060172
0.060144
0.094852
0.051804
0.139580
0.112173
0.120514
0.099644
0.025086
0.114450
0.072468
0.018110
0.117968
0.114417
0.117648
0.025788
0.088136
0.143207
0.090920
0.032352
0.082768
0.065317
0.161805
0.057826
0.032900
0.050620
0.082140
0.047900
0.062016
0.062848
0.078725
0.011696
0.039063
0.130632
0.038171
0.048679
0.092174
0.048436
0.058384
0.075425
0.048858
0.096050
0.073762
0.043241
0.058458
0.048631
0.076337
0.094762
0.027094
0.017959
0.078088
0.099297
0.083951
0.054031
0.137562
0.095637
0.069571
0.087680
0.057181
0.009275
0.078766
0.069974
0.057749
0.094760
0.160961
0.080956
0.069696
0.077386
0.116420
0.075271
0.091175
0.091339
0.063954
0.065757
0.104249
0.093036
0.126025
0.123891
0.074493
0.047265
0.137091
0.097296
0.141649
0.037536
0.083540
0.039819
0.041281
0.101449
0.088330
0.080732
0.079950
0.079556
0.041770
0.095932
0.038900
0.103328
0.064933
0.030154
0.086573
0.074835
0.110092
0.085792
0.084477
0.026769
0.111776
0.070546
0.058737
0.028066
0.120141
0.160580
0.183308
0.079382
0.057808
0.074945
0.029831
0.073470
0.117395
0.109348
0.095354
0.073477
0.081802
0.070056
0.060868
0.043839
0.025663
0.020607
0.067116
0.014820
0.042813
0.146336
0.140845
0.030486
0.070696
0.082697
0.057382
0.076483
0.098319
0.082253
0.038321
0.051089
0.025789
0.061808
0.114471
0.050247
0.167802
0.098844
0.124655
0.188408
0.076040
0.035418
0.200817
0.076572
0.091658
0.015311
0.056088
0.037696
0.056268
0.046484
0.071568
0.041323
0.048313
0.091754
0.017456
0.074642
0.076092
0.085969
0.089886
0.069932
0.057027
0.042365
0.042923
0.101873
0.044783
0.081686
0.046156
0.083586
0.032065
0.024267
0.015246
0.049952
0.052928
0.061964
0.028274
0.028119
0.017125
0.092094
0.057705
0.017970
0.016970
0.024693
0.035076
0.009973
0.030556
0.011674
0.079501
0.064567
0.008888
0.041933
0.023238
0.055503
0.019455
0.018018
0.039187
0.090429
0.058837
0.026983
0.050539
0.031177
0.025016
0.018332
0.042621
0.073878
0.043151
0.063634
0.018977
0.056765
0.057249
0.037298
0.113622
0.037089
0.038154
0.004266
0.095462
0.063315
0.032520
0.076347
0.021439
0.044604
0.018403
0.039356
0.069705
0.097638
0.045794
0.032630
0.037142
0.067793
0.020605
0.101660
0.101415
0.124662
0.082348
0.097585
0.116886
0.022771
0.044633
0.020620
0.045831
0.039389
0.081611
0.060123
0.060426
0.058506
0.087316
0.021921
0.011119
0.048926
0.030620
0.087209
0.069976
0.042568
0.063609
0.050659
0.071357
0.049722
0.031893
0.028322
0.034952
0.040815
0.052337
0.011716
0.035627
0.072718
0.059188
0.113948
0.046737
0.072255
0.048490
0.026301
0.087653
0.045202
0.048315
0.079125
0.063949
0.076029
0.008039
0.051058
0.028541
0.067691
0.104753
0.042515
0.037555
0.069145
0.038031
0.086859
0.068662
0.051341
0.117601
0.020199
0.078766
0.072392
0.055633
0.071450
0.051655
0.077279
0.161237
0.033092
0.096679
0.073928
0.143772
0.045371
0.059789
0.034852
0.056365
0.125440
0.066787
0.022589
0.093524
0.051110
0.045523
0.043184
0.050230
0.143353
0.190774
0.059020
0.067797
0.035720
0.122145
0.115382
0.210240
0.290011
0.066681
0.045142
0.067775
0.062161
0.101472
0.108641
0.025841
0.044528
0.157409
0.054989
0.172736
0.035610
0.097055
0.055315
0.030242
0.055154
0.057756
0.041995
0.058992
0.045498
0.089524
0.059174
0.151141
0.109957
0.064503
0.159232
0.032521
0.053006
0.055732
0.045562
0.114248
0.054778
0.179656
0.041281
0.054589
0.055023
0.126397
0.046865
0.031865
0.063566
0.055746
0.070403
0.079047
0.050217
0.118974
0.041218
0.013250
0.129981
0.081945
0.018532
0.055250
0.075355
0.093629
0.070224
0.036923
0.100192
0.023120
0.046822
0.086977
0.018512
0.012920
0.030785
0.112860
0.018412
0.041988
0.030209
0.082862
0.008203
0.026248
0.030431
0.041633
0.026046
0.012174
0.056088
0.034876
0.011133
0.040176
0.095523
0.045106
0.021120
0.049229
0.051716
0.040225
0.033250
0.080799
0.019119
0.057675
0.028917
0.026084
0.022459
0.052063
0.026302
0.039244
0.078574
0.036516
0.039017
0.062172
0.081579
0.016072
0.038873
0.027101
0.059471
0.037004
0.043079
0.189663
0.172776
0.081438
0.032493
0.069000
0.022544
0.061061
0.050430
0.204797
0.027820
0.125964
0.111742
0.055368
0.061759
0.030131
0.038485
0.090360
0.042025
0.046024
0.092506
0.067860
0.073097
0.072846
0.050324
0.126414
0.064373
0.083383
0.157190
0.041509
0.097254
0.131986
0.024463
0.051892
0.017851
0.174634
0.072528
0.057504
0.108936
0.101263
0.101783
0.094080
0.045310
0.146837
0.030836
0.067418
0.081520
0.050380
0.032220
0.013263
0.058870
0.115025
0.051909
0.072446
0.012251
0.105742
0.061668
0.080199
0.075073
0.140921
0.092811
0.069404
0.040049
0.066975
0.087017
0.048626
0.082325
0.030518
0.090061
0.031808
0.031737
0.138242
0.056092
0.093940
0.144614
0.064301
0.097555
0.053997
0.042820
0.048273
0.068285
0.047451
0.038241
0.147212
0.078309
0.137472
0.107097
0.030443
0.115092
0.129008
0.247735
0.031146
0.081473
0.044210
0.060582
0.056623
0.199936
0.067534
0.065745
0.114946
0.085624
0.063251
0.104583
0.156241
0.070214
0.056647
0.035547
0.063551
0.070964
0.092493
0.243769
0.086839
0.033646
0.075005
0.050396
0.022827
0.062005
0.080463
0.050589
0.120569
0.027558
0.035129
0.038110
0.096854
0.101135
0.070955
0.013556
0.073473
0.027794
0.015605
0.118721
0.039833
0.039499
0.032944
0.050605
0.036653
0.048149
0.020264
0.023302
0.007574
0.034241
0.029711
0.077811
0.058854
0.113391
0.041556
0.030698
0.069527
0.026587
0.044600
0.009358
0.064462
0.048141
0.049759
0.020068
0.007611
0.071492
0.051761
0.072387
0.016092
0.006167
0.059039
0.115271
0.049770
0.041538
0.020605
0.042034
0.011083
0.006154
0.042054
0.010238
0.026927
0.010987
0.068906
0.020015
0.100616
0.071046
0.017644
0.038344
0.078674
0.006108
0.044089
0.078732
0.021077
0.054975
0.097796
0.015943
0.064562
0.025393
0.034324
0.056673
0.014057
0.010641
0.011816
0.118968
0.067456
0.014664
0.175647
0.038017
0.041442
0.041660
0.055470
0.136960
0.052557
0.029599
0.054202
0.034289
0.085640
0.019706
0.063668
0.128133
0.035751
0.008871
0.106524
0.020230
0.032148
0.050940
0.133660
0.084903
0.067138
0.028664
0.068783
0.066800
0.076404
0.116858
0.063403
0.069560
0.072731
0.064774
0.017214
0.021002
0.048664
0.054681
0.064362
0.050136
0.055487
0.030668
0.112443
0.074396
0.023948
0.051710
0.161382
0.043869
0.022557
0.124435
0.024937
0.067078
0.029954
0.016711
0.054775
0.030798
0.037798
0.032450
0.015506
0.079372
0.044248
0.022903
0.023148
0.029316
0.084277
0.131827
0.038693
0.080589
0.040787
0.046878
0.070651
0.114437
0.046442
0.031401
0.096097
0.023120
0.032180
0.117998
0.042455
0.015691
0.034027
0.014228
0.048521
0.107125
0.020297
0.123528
0.042241
0.039136
0.071741
0.039961
0.121330
0.068248
0.018915
0.055098
0.083025
0.069293
0.172275
0.046462
0.038627
0.024977
0.013016
0.062102
0.040753
0.041205
0.043736
0.084335
0.089458
0.059148
0.035632
0.022539
0.098130
0.075978
0.015281
0.061169
0.036021
0.043771
0.092878
0.063120
0.068301
0.055155
0.014319
0.009585
0.010755
0.038519
0.130532
0.054114
0.031853
0.147051
0.068420
0.020589
0.061615
0.023998
0.026271
0.055963
0.045230
0.055219
0.035988
0.036502
0.024166
0.082257
0.151486
0.108998
0.050806
0.031523
0.039525
0.074427
0.011364
0.036593
0.022583
0.152008
0.038048
0.053023
0.045718
0.031691
0.108885
0.015800
0.025008
0.099011
0.066550
0.023719
0.035923
0.083911
0.095222
0.063421
0.048477
0.062897
0.087173
0.068304
0.064083
0.113695
0.056780
0.041387
0.077681
0.065374
0.043328
0.016140
0.106562
0.031282
0.042344
0.010813
0.094651
0.017106
0.026019
0.026378
0.061741
0.088102
0.018199
0.093368
0.119105
0.020856
0.085937
0.018664
0.047888
0.110336
0.026106
0.042534
0.207289
0.038674
0.082589
0.051275
0.043296
0.046571
0.056241
0.051592
0.016524
0.112801
0.055849
0.049553
0.070356
0.085900
0.095890
0.072369
0.062547
0.055126
0.056742
0.050661
0.022668
0.061099
0.069195
0.060552
0.106390
0.102364
0.031181
0.102396
0.024366
0.136068
0.056618
0.026853
0.066534
0.011088
0.080021
0.105441
0.017597
0.006228
0.052419
0.044855
0.035102
0.090781
0.108021
0.081669
0.043039
0.026412
0.026787
0.032737
0.071505
0.103842
0.056540
0.026783
0.041332
0.043441
0.030403
0.094292
0.050178
0.056606
0.047700
0.011397
0.054358
0.014024
0.037144
0.054707
0.041449
0.131357
0.010625
0.086904
0.038809
0.125103
0.059765
0.019733
0.157838
0.034161
0.070093
0.038773
0.027246
0.066549
0.033232
0.082278
0.095721
0.042587
0.082750
0.066204
0.037246
0.129215
0.058917
0.040267
0.049952
0.076998
0.094315
0.105367
0.036708
0.036988
0.063990
0.033615
0.026467
0.104748
0.083285
0.043437
0.047684
0.023402
0.058531
0.091911
0.064143
0.057253
0.078235
0.072831
0.068256
0.045559
0.130175
0.012302
0.084046
0.017822
0.052590
0.023076
0.101923
0.014417
0.023440
0.016056
0.065707
0.053366
0.039291
0.037929
0.065429
0.028021
0.057133
0.135280
0.021192
0.035965
0.055778
0.089463
0.012350
0.012759
0.089845
0.031414
0.098522
0.018954
0.022173
0.013914
0.034353
0.052404
0.031752
0.104918
0.079382
0.138892
0.014827
0.008819
0.034864
0.066033
0.020660
0.053856
0.061485
0.012932
0.062106
0.081296
0.042895
0.033571
0.015815
0.007206
0.080706
0.024078
0.014771
0.067405
0.021167
0.030927
0.044461
0.004743
0.056472
0.048000
0.032741
0.006352
0.022459
0.096369
0.040282
0.031054
0.008444
0.089374
0.032360
0.016596
0.043315
0.035302
0.016044
0.017504
0.117762
0.079740
0.009239
0.023564
0.045236
0.061228
0.038019
0.042339
0.051709
0.031775
0.019936
0.047772
0.062568
0.018284
0.169438
0.035477
0.094379
0.028028
0.043568
0.027357
0.073615
0.087559
0.032767
0.018041
0.025588
0.054970
0.056017
0.042704
0.020205
0.044240
0.024158
0.049704
0.048068
0.044890
0.027603
0.060113
0.026748
0.021164
0.041565
0.022050
0.055827
0.033110
0.013268
0.024948
0.001869
0.020584
0.056373
0.079413
0.044982
0.013737
0.015459
0.023086
0.004649
0.022967
0.016787
0.008365
0.032420
0.022679
0.037686
0.017642
0.018801
0.023172
0.049163
0.034777
0.018717
0.007148
0.008044
0.019998
0.028225
0.063698
0.034569
0.047965
0.012453
0.030070
0.009039
0.020737
0.071863
0.025663
0.064901
0.049563
0.107734
0.093331
0.003918
0.090164
0.056382
0.075970
0.039100
0.081212
0.164083
0.015432
0.035374
0.046127
0.088529
0.051573
0.041312
0.039463
0.056888
0.104332
0.100269
0.166649
0.030681
0.056735
0.029838
0.061852
0.053356
0.046596
0.048819
0.111399
0.117118
0.045304
0.093593
0.097863
0.061044
0.024738
0.076083
0.157787
0.133739
0.110318
0.053492
0.018587
0.040264
0.080870
0.026366
0.048665
0.114305
0.131273
0.041237
0.025916
0.050136
0.075985
0.041736
0.100326
0.044708
0.034417
0.068080
0.030101
0.017941
0.056915
0.100615
0.041704
0.051744
0.025087
0.053753
0.103627
0.090513
0.020149
0.108551
0.056317
0.068892
0.137118
0.106720
0.072255
0.104687
0.157696
0.026962
0.033569
0.017044
0.085513
0.044012
0.074608
0.012096
0.096965
0.154120
0.070286
0.059283
0.076054
0.082579
0.017423
0.034633
0.094267
0.072914
0.167519
0.078095
0.025698
0.046242
0.071684
0.061423
0.062243
0.097344
0.058624
0.014345
0.013774
0.079235
0.061604
0.066875
0.100351
0.104225
0.030317
0.040523
0.053863
0.072359
0.092965
0.040341
0.071076
0.075196
0.034100
0.097674
0.047128
0.064775
0.050573
0.028737
0.041951
0.038102
0.006265
0.013918
0.064457
0.031562
0.039117
0.051672
0.054759
0.079496
0.054740
0.035114
0.084450
0.015988
0.012073
0.013578
0.022799
0.035778
0.012203
0.027519
0.007630
0.011975
0.043408
0.039676
0.049339
0.032062
0.003780
0.012279
0.062959
0.017500
0.013941
0.006011
0.041933
0.032240
0.079379
0.018455
0.043533
0.055382
0.021296
0.026339
0.027629
0.046353
0.072346
0.019697
0.071524
0.010295
0.105900
0.002776
0.026379
0.008946
0.099684
0.090944
0.123111
0.059827
0.009525
0.147953
0.039616
0.130997
0.054061
0.052263
0.051956
0.020620
0.030508
0.041191
0.105867
0.076978
0.046294
0.032609
0.083119
0.052703
0.020251
0.030928
0.073292
0.128155
0.076616
0.041699
0.069485
0.062666
0.132757
0.125825
0.126654
0.031066
0.038693
0.037723
0.119423
0.074422
0.037584
0.065662
0.064045
0.055739
0.055006
0.050748
0.102925
0.057010
0.093976
0.040677
0.032142
0.064186
0.037509
0.033744
0.028508
0.094395
0.053417
0.036826
0.054586
0.099382
0.129968
0.096870
0.051972
0.052137
0.116538
0.009725
0.113886
0.058713
0.043748
0.079183
0.089882
0.047012
0.055429
0.056143
0.042090
0.014849
0.016229
0.020285
0.012320
0.064185
0.090410
0.024267
0.040382
0.022907
0.039434
0.050930
0.052155
0.045948
0.036244
0.020065
0.035513
0.049196
0.087381
0.009959
0.071140
0.038508
0.040681
0.011350
0.028703
0.046650
0.008434
0.037087
0.016404
0.082363
0.033861
0.047577
0.123804
0.019383
0.077623
0.054998
0.029729
0.003452
0.052026
0.022119
0.007955
0.023914
0.041724
0.013624
0.057322
0.065673
0.074212
0.122503
0.072534
0.032983
0.026351
0.059681
0.043824
0.022866
0.012207
0.019466
0.099749
0.262142
0.051774
0.053154
0.054149
0.007644
0.032930
0.006219
0.005187
0.078200
0.021636
0.060436
0.024356
0.021813
0.029565
0.020080
0.045687
0.017051
0.056468
0.046342
0.036017
0.011905
0.025111
0.011356
0.051347
0.020510
0.008927
0.003853
0.060694
0.026858
0.037058
0.026224
0.084259
0.038045
0.080503
0.029480
0.063193
0.029766
0.020120
0.062172
0.008625
0.018291
0.073447
0.042100
0.076705
0.074369
0.022417
0.022756
0.044887
0.019974
0.062343
0.109849
0.070018
0.076016
0.021467
0.055171
0.042828
0.013830
0.048771
0.033191
0.079052
0.048125
0.072158
0.082505
0.018025
0.008655
0.020775
0.028486
0.011789
0.043919
0.070971
0.026825
0.054586
0.078774
0.052542
0.051692
0.014291
0.014403
0.092815
0.025696
0.058780
0.036605
0.034445
0.102540
0.035439
0.104245
0.017077
0.025629
0.022804
0.053289
0.090481
0.128524
0.044799
0.049941
0.162778
0.053889
0.037856
0.085340
0.063470
0.026815
0.020430
0.060849
0.013647
0.039535
0.042909
0.080680
0.047087
0.017980
0.108951
0.021149
0.032307
0.013417
0.016833
0.062344
0.060637
0.033968
0.027792
0.025864
0.029551
0.095830
0.021770
0.055144
0.041891
0.017287
0.130363
0.050816
0.015314
0.071874
0.062066
0.058594
0.127425
0.073898
0.079065
0.104532
0.038682
0.046622
0.021654
0.006564
0.034715
0.024341
0.064335
0.061087
0.034890
0.023835
0.021279
0.063948
0.114403
0.014168
0.050043
0.027348
0.019113
0.020206
0.043018
0.094588
0.043402
0.079990
0.144145
0.040377
0.039234
0.052438
0.079493
0.016544
0.025346
0.080749
0.056251
0.034220
0.033754
0.011055
0.006884
0.081142
0.036810
0.029756
0.040880
0.058654
0.021294
0.027993
0.143904
0.080158
0.039584
0.125284
0.051486
0.027810
0.137234
0.071253
0.038683
0.029228
0.085376
0.065777
0.061882
0.056314
0.125869
0.049986
0.044627
0.032011
0.087719
0.073034
0.023226
0.074995
0.016106
0.149823
0.026818
0.035196
0.137777
0.033392
0.031540
0.087323
0.047119
0.109518
0.040363
0.036811
0.043400
0.056276
0.018358
0.084333
0.083555
0.130233
0.127200
0.013446
0.020298
0.034803
0.136200
0.068104
0.033201
0.077511
0.032708
0.108890
0.034420
0.027208
0.017628
0.053456
0.029002
0.029499
0.015252
0.067399
0.035697
0.190383
0.022630
0.121673
0.061011
0.022362
0.026522
0.023500
0.090910
0.021054
0.038181
0.022587
0.017632
0.051994
0.038117
0.039268
0.102388
0.040088
0.034132
0.057188
0.037085
0.019641
0.042259
0.027683
0.035229
0.042917
0.030653
0.040137
0.064203
0.071096
0.007171
0.066437
0.041487
0.056810
0.066630
0.043896
0.018472
0.013149
0.083157
0.027801
0.023568
0.014081
0.051145
0.010642
0.018261
0.026620
0.009915
0.011034
0.084123
0.024285
0.009960
0.083618
0.051850
0.028495
0.047984
0.047262
0.011744
0.073162
0.052129
0.012292
0.048367
0.017575
0.020184
0.038512
0.075427
0.058918
0.073380
0.009836
0.110450
0.049408
0.096066
0.048710
0.020740
0.035143
0.048383
0.035131
0.080546
0.120951
0.043443
0.060212
0.060324
0.075525
0.070543
0.035797
0.073525
0.021965
0.006370
0.098106
0.059198
0.103787
0.042427
0.092317
0.132444
0.029454
0.089028
0.032999
0.132124
0.029472
0.045803
0.051923
0.018073
0.023764
0.030687
0.030417
0.143917
0.114036
0.033055
0.071656
0.038413
0.026138
0.069511
0.032101
0.150879
0.016502
0.043556
0.047044
0.026684
0.073851
0.053649
0.026809
0.048241
0.197866
0.039951
0.030376
0.065437
0.061872
0.044945
0.034705
0.044970
0.015045
0.009016
0.069155
0.032224
0.028329
0.069325
0.003162
0.076294
0.055880
0.027661
0.040918
0.044752
0.025824
0.032359
0.013764
0.014217
0.039168
0.006440
0.018791
0.025950
0.042265
0.022383
0.020049
0.023499
0.045130
0.020265
0.027171
0.032894
0.007689
0.017081
0.027329
0.007285
0.013304
0.013447
0.017914
0.015146
0.013967
0.009950
0.024340
0.032934
0.018488
0.008247
0.017968
0.020095
0.060247
0.040950
0.006151
0.002059
0.015839
0.013797
0.028265
0.005814
0.032181
0.002491
0.012820
0.045930
0.035847
0.038228
0.029543
0.040535
0.019264
0.043205
0.008113
0.009912
0.025958
0.037684
0.028361
0.038395
0.057254
0.005060
0.007711
0.007131
0.031973
0.046468
0.014964
0.045653
0.012499
0.006583
0.039753
0.008215
0.020878
0.058212
0.112696
0.027647
0.019411
0.008051
0.016456
0.010799
0.039744
0.013776
0.021763
0.008686
0.018850
0.055126
0.048636
0.003704
0.051158
0.016491
0.011149
0.013332
0.010913
0.020907
0.057849
0.083971
0.020171
0.041267
0.031759
0.067350
0.022839
0.066219
0.013580
0.024689
0.056648
0.048765
0.070003
0.033452
0.025617
0.026928
0.019002
0.003995
0.033945
0.054197
0.044807
0.007070
0.042161
0.014995
0.040336
0.066754
0.030010
0.047210
0.016875
0.011128
0.061430
0.054845
0.005389
0.032106
0.019567
0.067683
0.040550
0.040469
0.029203
0.074552
0.005978
0.042200
0.084106
0.009025
0.064960
0.086713
0.025129
0.107251
0.063835
0.026329
0.055131
0.021061
0.063285
0.009886
0.040601
0.011530
0.029989
0.083541
0.134462
0.031732
0.083860
0.090657
0.033481
0.090032
0.185438
0.101072
0.040321
0.135072
0.148189
0.021061
0.039623
0.039778
0.122091
0.168768
0.142885
0.079443
0.037099
0.034124
0.045232
0.088307
0.049961
0.089714
0.110974
0.012430
0.136959
0.067036
0.079589
0.026438
0.047321
0.056163
0.105663
0.021666
0.166686
0.092913
0.061128
0.083723
0.052001
0.058993
0.050322
0.075560
0.043305
0.032492
0.110660
0.036345
0.046255
0.030107
0.031728
0.046101
0.028383
0.017373
0.056958
0.042074
0.051405
0.091029
0.044473
0.021047
0.053814
0.082612
0.053120
0.043287
0.038995
0.084805
0.064059
0.064585
0.087461
0.007571
0.034585
0.020198
0.025047
0.051310
0.013606
0.069898
0.155502
0.051998
0.041804
0.020828
0.120075
0.051712
0.041481
0.057325
0.075825
0.089021
0.111820
0.012465
0.129898
0.022110
0.102131
0.038130
0.014069
0.040989
0.109069
0.067555
0.029998
0.089238
0.045726
0.027505
0.089233
0.024835
0.075624
0.039217
0.054143
0.026611
0.056258
0.059911
0.049244
0.012662
0.049958
0.036851
0.022297
0.024245
0.063535
0.045478
0.035135
0.004202
0.010750
0.088000
0.042805
0.056969
0.037316
0.021997
0.122813
0.024929
0.024508
0.043031
0.044728
0.031810
0.050605
0.035418
0.040581
0.045933
0.031467
0.008687
0.087391
0.013271
0.020164
0.085340
0.070489
0.018682
0.043885
0.026443
0.009378
0.019258
0.011783
0.011590
0.060247
0.008567
0.059561
0.010761
0.033710
0.045543
0.190107
0.068772
0.011148
0.020557
0.027147
0.012694
0.078971
0.026334
0.065307
0.041616
0.067510
0.033766
0.011770
0.040765
0.008531
0.017328
0.039356
0.051586
0.016118
0.071406
0.076615
0.052448
0.046266
0.037775
0.031770
0.016361
0.038548
0.028727
0.058565
0.021439
0.017200
0.068594
0.030270
0.081870
0.047592
0.092214
0.013519
0.098325
0.029045
0.080542
0.068089
0.012127
0.036925
0.038479
0.023113
0.031938
0.063460
0.105179
0.043143
0.042347
0.024890
0.056648
0.108690
0.065003
0.188146
0.081894
0.072094
0.080200
0.034974
0.019100
0.019592
0.044138
0.036367
0.011987
0.042577
0.085410
0.063944
0.034360
0.013778
0.045751
0.016345
0.106663
0.034769
0.007492
0.057523
0.059811
0.026345
0.016268
0.008562
0.035281
0.034662
0.010707
0.017935
0.030335
0.016212
0.031538
0.018283
0.032973
0.010622
0.019742
0.037351
0.031376
0.031977
0.014539
0.011311
0.009512
0.080231
0.007448
0.046925
0.055888
0.010949
0.006571
0.054305
0.003377
0.042905
0.015494
0.080185
0.022906
0.080861
0.052792
0.097821
0.037803
0.050284
0.003785
0.039300
0.011294
0.041694
0.104345
0.079079
0.055933
0.191780
0.052069
0.038917
0.075486
0.051117
0.010768
0.050082
0.024157
0.032399
0.033447
0.041751
0.126350
0.008105
0.084857
0.041183
0.118554
0.044436
0.025617
0.038823
0.046406
0.047067
0.007214
0.022547
0.019314
0.070316
0.044231
0.029595
0.134130
0.016506
0.015449
0.090018
0.026105
0.057191
0.058335
0.065010
0.107905
0.018485
0.042024
0.093984
0.038795
0.011326
0.014868
0.013162
0.084884
0.049040
0.050944
0.085935
0.016644
0.035807
0.084390
0.042172
0.141956
0.028775
0.166117
0.035536
0.008501
0.081564
0.074248
0.160853
0.063040
0.012469
0.019080
0.046418
0.016377
0.063557
0.014783
0.074512
0.055912
0.116193
0.016915
0.016904
0.016829
0.012995
0.076945
0.052743
0.035677
0.091128
0.018172
0.018329
0.069427
0.016598
0.049344
0.034887
0.006673
0.104147
0.057445
0.026430
0.018136
0.031838
0.059029
0.019161
0.089165
0.025847
0.012867
0.011634
0.076904
0.068898
0.006399
0.028422
0.060886
0.152495
0.032453
0.015508
0.030928
0.021122
0.031744
0.020945
0.024682
0.061716
0.028634
0.039566
0.068272
0.049591
0.105090
0.036682
0.122551
0.054996
0.015734
0.090909
0.019513
0.035799
0.016816
0.045123
0.052713
0.089983
0.038182
0.031130
0.019615
0.080191
0.062660
0.005884
0.030975
0.034742
0.006236
0.017203
0.069856
0.073861
0.021223
0.046773
0.022191
0.135590
0.009192
0.036413
0.026570
0.029506
0.061037
0.026327
0.032610
0.044069
0.021198
0.049802
0.103117
0.077693
0.006517
0.011919
0.030881
0.083727
0.043979
0.025502
0.013558
0.013791
0.005996
0.007301
0.024076
0.022544
0.046486
0.035487
0.063870
0.077048
0.022545
0.010157
0.010042
0.015274
0.017560
0.031664
0.090942
0.046667
0.041175
0.047321
0.029178
0.027695
0.024198
0.087476
0.103074
0.011676
0.055868
0.021192
0.006447
0.047169
0.032428
0.018310
0.093469
0.045362
0.008937
0.019000
0.048943
0.013129
0.022363
0.012411
0.044010
0.037359
0.038932
0.025637
0.039139
0.027783
0.022759
0.013836
0.053168
0.042929
0.010230
0.036886
0.057226
0.020662
0.051096
0.024358
0.003110
0.061004
0.021608
0.029847
0.017959
0.026662
0.038436
0.056033
0.078886
0.096123
0.011023
0.010304
0.011074
0.061401
0.050753
0.067321
0.030201
0.020142
0.057351
0.007864
0.036261
0.041537
0.020408
0.052695
0.029831
0.056796
0.005138
0.020481
0.078663
0.020320
0.084897
0.042638
0.065617
0.053842
0.012657
0.062778
0.029744
0.070529
0.027245
0.095712
0.035076
0.060722
0.082185
0.010414
0.033884
0.045439
0.083483
0.030268
0.059072
0.041509
0.032462
0.067643
0.015585
0.049133
0.030994
0.003075
0.018388
0.072122
0.036992
0.040559
0.065096
0.085721
0.062834
0.015293
0.052435
0.018936
0.115181
0.031468
0.028277
0.024274
0.042791
0.086097
0.027550
0.062828
0.079922
0.031199
0.010622
0.042298
0.058590
0.013990
0.054525
0.058857
0.043459
0.080524
0.205297
0.037216
0.040645
0.060238
0.025466
0.025157
0.042317
0.051003
0.012935
0.017346
0.050182
0.062451
0.062105
0.031346
0.066926
0.010634
0.048560
0.044839
0.018870
0.013985
0.004004
0.060634
0.014095
0.016469
0.057581
0.035516
0.023320
0.013564
0.070112
0.006815
0.010586
0.045398
0.029270
0.032977
0.096401
0.022534
0.046876
0.015776
0.021032
0.033355
0.041498
0.026066
0.082476
0.018893
0.041842
0.023464
0.008923
0.040030
0.032417
0.040252
0.014102
0.018253
0.020595
0.031208
0.009792
0.024012
0.034417
0.016344
0.016868
0.006607
0.018132
0.049831
0.027115
0.012146
0.014687
0.010511
0.035807
0.017194
0.085639
0.087213
0.009756
0.037523
0.008926
0.011519
0.040928
0.052082
0.026147
0.001632
0.014175
0.053084
0.032949
0.017353
0.032926
0.015097
0.074057
0.063160
0.040933
0.040853
0.024299
0.046092
0.053890
0.023813
0.002636
0.005636
0.021892
0.080860
0.010064
0.034427
0.012505
0.014762
0.051659
0.060382
0.028441
0.008363
0.064810
0.047053
0.026483
0.003549
0.084479
0.012054
0.110472
0.015538
0.015179
0.014424
0.030724
0.050183
0.032490
0.129564
0.044093
0.063379
0.045796
0.050176
0.013168
0.002249
0.036991
0.006400
0.016863
0.058468
0.128411
0.025280
0.060783
0.042511
0.060540
0.045147
0.015077
0.077106
0.055307
0.051789
0.046485
0.035883
0.065668
0.079345
0.059441
0.080741
0.065705
0.015906
0.010984
0.014594
0.022450
0.053215
0.044691
0.011877
0.017205
0.030050
0.062864
0.025530
0.053447
0.039760
0.018658
0.028571
0.018549
0.066746
0.010559
0.038617
0.018813
0.010103
0.030153
0.010352
0.010433
0.015116
0.082222
0.042883
0.114437
0.032619
0.129044
0.051616
0.022393
0.045384
0.014187
0.042642
0.041418
0.030051
0.043710
0.013561
0.038029
0.047559
0.006046
0.011126
0.031199
0.026117
0.054937
0.076586
0.050086
0.072889
0.045647
0.040132
0.040589
0.020206
0.052287
0.128290
0.047401
0.019144
0.024505
0.036016
0.093776
0.012423
0.064725
0.044732
0.074487
0.031178
0.092376
0.009172
0.115676
0.021928
0.043371
0.060157
0.107942
0.022715
0.085309
0.045061
0.046389
0.159711
0.030191
0.007772
0.009631
0.057088
0.033023
0.014114
0.023925
0.022925
0.043645
0.026502
0.039841
0.021691
0.042206
0.024563
0.023219
0.030932
0.013892
0.033748
0.023323
0.036443
0.062046
0.020477
0.040216
0.048925
0.083007
0.014558
0.009985
0.006952
0.049965
0.034258
0.021330
0.033790
0.050519
0.021124
0.054060
0.026942
0.043452
0.057989
0.102641
0.087992
0.020215
0.058575
0.019119
0.037927
0.017455
0.070507
0.108762
0.104589
0.062971
0.032384
0.025093
0.006902
0.022380
0.023443
0.007344
0.034195
0.096647
0.027266
0.007206
0.022890
0.081573
0.035890
0.008704
0.090808
0.041572
0.038573
0.161922
0.047909
0.159632
0.102092
0.034038
0.024875
0.095464
0.047895
0.115593
0.173322
0.117377
0.083522
0.020305
0.059586
0.016122
0.024091
0.092613
0.046978
0.064148
0.028077
0.025832
0.064630
0.033906
0.024024
0.034594
0.051092
0.012628
0.037926
0.025788
0.019897
0.078530
0.065547
0.036481
0.016581
0.010707
0.092383
0.047669
0.044546
0.025052
0.059558
0.068917
0.008159
0.097248
0.076598
0.019590
0.034089
0.021347
0.031952
0.058019
0.036729
0.045286
0.100239
0.117247
0.095313
0.065401
0.058768
0.022614
0.016026
0.054626
0.108148
0.038220
0.014815
0.034306
0.043835
0.015042
0.046336
0.037058
0.049728
0.009825
0.013449
0.075556
0.051358
0.092292
0.067703
0.044175
0.032483
0.031729
0.027443
0.030548
0.210301
0.008849
0.064228
0.029482
0.062807
0.053866
0.049867
0.104014
0.027673
0.124178
0.042727
0.010655
0.035164
0.108855
0.048053
0.106310
0.037722
0.019583
0.116174
0.035742
0.064424
0.013982
0.010863
0.019328
0.004591
0.024102
0.022683
0.108801
0.016183
0.031971
0.008192
0.012229
0.029004
0.017691
0.074551
0.060985
0.024271
0.029094
0.049208
0.028554
0.017451
0.099084
0.016408
0.015554
