2.476863
3.435020
2.599256
2.380188
2.566831
2.324465
2.331927
2.109746
2.010167
2.041521
1.986208
1.995716
2.109904
1.866096
1.969482
1.954505
1.967286
1.972280
1.951079
1.871543
1.785814
1.926214
1.763111
1.836690
1.792791
2.003358
1.816939
1.841136
1.852876
1.775021
2.035355
1.874155
1.760689
1.767730
1.764866
1.825431
1.683688
1.845888
1.894497
1.702915
1.713566
1.642897
1.660836
1.682551
1.697027
1.658997
1.678417
1.776497
1.732540
1.550863
1.669127
1.779838
1.656254
1.664667
1.652556
1.574220
1.623723
1.588846
1.514601
1.601955
1.575626
1.545431
1.553040
1.574708
1.652042
1.700071
1.393834
1.561553
1.749189
1.628499
1.708521
1.555798
1.730739
1.585223
1.561858
1.563285
1.686127
1.500716
1.604106
1.541536
1.457462
1.487962
1.523164
1.420941
1.533368
1.471221
1.650496
1.603358
1.734349
1.437978
1.617152
1.483013
1.572058
1.467302
1.524503
1.251017
1.469763
1.377342
1.479622
1.405397
1.617916
1.337343
1.564002
1.556305
1.587388
1.671037
1.604221
1.621286
1.515889
1.487697
1.439005
1.513073
1.438621
1.477189
1.406052
1.505720
1.379102
1.413293
1.375873
1.428627
1.359467
1.354911
1.635249
1.432567
1.525944
1.340789
1.401929
1.517369
1.471953
1.325070
1.376542
1.311504
1.350020
1.420276
1.439585
1.352604
1.501973
1.357418
1.441466
1.501412
1.332373
1.438144
1.413828
1.372109
1.371575
1.485566
1.399680
1.270866
1.513149
1.352481
1.421448
1.419613
1.337260
1.268278
1.602595
1.345560
1.379481
1.372623
1.383527
1.387628
1.429793
1.375540
1.482905
1.243778
1.282126
1.268079
1.219115
1.395690
1.231843
1.417992
1.350646
1.284714
1.339729
1.177899
1.340222
1.275563
1.253942
1.233278
1.191471
1.156279
1.282685
1.284742
1.341295
1.461746
1.128220
1.515263
1.342755
1.358337
1.155924
1.276974
1.341225
1.264382
1.566694
1.447334
1.331715
1.175226
1.135132
1.243884
1.175940
1.303578
1.313470
1.470603
1.222862
1.272516
1.181738
1.344305
1.183995
1.136143
1.355146
1.030696
1.215021
1.154222
1.228372
1.340332
1.357214
1.282874
1.389611
1.199761
1.113227
1.312408
1.258253
1.163517
1.259310
1.279381
1.223432
1.287233
1.096654
1.396988
1.159473
1.142607
1.234776
1.268237
1.145891
1.341926
1.057497
1.011137
1.114716
1.207556
1.283954
1.335652
1.091918
1.183314
1.116983
1.182185
1.186958
1.071214
1.161089
1.271719
1.001430
1.382676
1.125720
1.169801
1.195157
0.974912
1.362146
1.238858
1.092647
1.216782
1.139935
1.160707
1.255238
1.200501
1.168778
1.017857
1.170454
1.366199
1.141564
1.158886
1.427714
1.360805
1.151139
1.163397
1.223301
1.107131
1.288899
1.101219
1.293603
1.159923
1.118243
1.072695
1.285038
1.165821
1.248662
1.146360
1.062560
1.149746
1.236571
1.287586
1.344124
1.023734
1.230919
1.331997
1.029714
1.105234
1.016826
1.128507
1.267937
1.036917
1.177059
1.255665
1.071316
1.089931
1.002665
0.983898
1.181938
0.949664
1.034603
1.077436
1.206878
1.182733
1.132611
0.954923
1.063835
1.118694
1.054527
1.007530
0.981461
1.126406
1.090388
1.129893
1.275925
1.285734
1.259965
0.884786
1.060151
1.213397
1.181167
1.036626
1.022142
0.986893
1.132488
1.157761
0.989883
1.235784
1.179824
1.132343
0.944766
1.168937
1.167406
1.105587
1.064843
0.986926
1.150847
0.986052
1.115847
1.086948
1.167599
0.998520
1.000538
0.959914
0.914575
1.060790
1.106789
1.182279
1.128319
1.291286
0.941347
1.162487
1.147818
1.062064
1.296044
1.069507
0.960993
1.169269
1.260436
1.151124
1.052714
1.001226
1.011117
0.995560
1.098785
1.098611
0.944227
1.085062
1.004892
1.065154
0.983265
0.971943
1.173757
1.079922
1.012241
1.124667
0.659170
0.959734
1.081905
1.145067
1.046714
1.018927
1.008598
1.014664
0.820206
0.891074
0.889614
1.068944
1.050390
1.031666
0.790827
0.884203
0.969226
0.979892
0.998668
1.028556
0.756643
1.149413
0.953962
0.927778
0.774607
0.977652
0.938873
0.948315
0.874028
0.768342
0.887198
0.944707
1.099404
0.765430
0.964976
0.883965
0.862181
1.142032
0.998888
0.750636
0.955080
1.060663
0.852401
1.057557
0.834422
0.870079
1.066929
1.005333
1.136869
1.039650
0.913706
0.927602
1.151873
0.995611
0.878925
0.972079
0.927058
0.999384
1.077047
0.754182
1.204412
0.849874
0.970405
0.887317
0.830289
1.086508
1.209943
1.031804
0.798600
1.030564
0.980734
1.049366
1.035883
1.039789
1.087111
1.055822
0.860703
1.058492
0.900910
0.965490
0.876737
0.933082
0.811443
0.829428
0.925621
0.907358
1.067483
1.122043
0.918274
0.889769
0.993499
0.987318
0.980574
0.938666
0.968671
1.062940
1.058547
0.971194
0.984919
0.870859
0.917033
1.075117
0.981750
0.885589
0.860725
0.889023
1.050432
0.873668
0.950338
0.992321
0.989945
0.912723
0.846854
0.836147
0.975731
1.137641
0.910751
0.961942
0.839705
0.689981
0.872371
1.028333
0.814366
0.942776
0.838110
0.888484
0.883621
0.841888
0.954053
0.903319
0.863729
1.092213
1.003640
1.063472
0.870180
1.063754
0.973688
0.797824
1.109074
0.986467
0.989537
0.868909
0.972136
0.868389
0.771951
0.840885
0.894319
0.920987
1.063594
0.962735
0.943230
0.856938
0.967362
0.933782
0.810305
0.963226
0.720826
0.862152
0.879691
0.872447
0.885915
0.866733
0.810400
0.779229
0.767687
0.912641
0.866946
0.780345
1.010494
0.853657
0.693942
0.750580
0.870520
0.893533
0.918155
0.938544
0.801822
0.825190
0.763436
0.960495
0.832731
0.986963
0.924567
1.084979
0.833143
0.943794
0.750308
0.891383
0.922769
0.946937
1.004353
0.944460
0.947147
0.980041
0.896043
0.701521
0.792645
0.854621
0.910896
0.982509
0.824442
0.873506
0.965461
0.869495
0.853643
0.940343
0.625887
0.894053
0.903848
0.784157
0.782435
0.920748
0.691678
0.876785
0.840176
0.722183
0.923545
0.848415
0.777157
1.042887
0.783179
0.757850
0.858728
0.869030
0.675763
1.073651
0.806615
0.644241
0.838622
0.959036
0.824755
0.863376
0.763746
0.780014
0.886812
0.882723
1.000063
0.871852
0.823243
0.881220
0.939727
0.805635
0.914130
0.967976
0.991731
1.080975
0.752225
0.849338
0.923091
0.800868
0.750061
0.835683
0.826781
0.861662
0.874504
0.773136
0.870047
0.771278
0.683268
0.680082
0.648017
0.929766
0.874614
0.858747
0.746893
1.022485
0.816540
0.822665
0.649388
0.779248
0.892112
0.906025
0.789189
0.940821
0.975659
0.848543
0.872244
1.063611
0.751885
0.872401
0.944689
0.793578
0.724237
0.824050
0.744730
0.738516
0.791976
0.853500
0.910320
0.860611
0.827035
0.696397
0.864981
0.742836
0.801140
0.750379
0.674839
0.911465
0.724564
0.679489
0.907899
0.819454
0.636275
0.791079
0.770010
0.779201
0.920682
0.725019
0.853910
0.913653
0.828006
1.143301
0.764329
0.830886
0.780918
0.857078
0.848353
0.758851
0.803469
0.748235
0.836226
0.832240
0.772954
0.639010
0.840397
0.746990
0.621489
0.798977
0.770920
0.846597
0.725837
0.720540
0.788134
0.586941
0.920622
0.802298
0.925560
0.773150
0.792934
0.764848
0.691670
0.558590
0.802300
0.756388
0.783090
0.630400
0.817646
0.677806
0.895209
0.966316
0.735049
0.740473
0.702533
0.723992
0.695778
0.935527
0.854102
0.716899
0.876567
0.653955
0.652052
0.808413
0.790823
0.901574
0.808763
0.811499
0.996654
0.763623
0.817793
0.788909
0.755733
0.748752
0.857221
0.758880
0.926917
0.967621
0.758552
0.665853
0.729493
0.985922
0.583124
0.699193
0.748859
0.955473
0.929082
0.740500
0.808165
0.641811
0.689139
0.619966
0.689849
0.945346
0.649141
0.741591
0.820386
0.827713
0.932689
0.786544
0.587259
0.785978
0.584824
0.572924
0.597051
0.626446
0.698875
0.631440
0.810578
0.655170
0.720095
0.796293
0.773461
0.753794
0.670435
0.810783
0.679674
0.707934
0.663310
0.847137
0.469287
0.662678
0.667285
0.461012
0.588857
0.559136
0.698307
0.776217
0.592474
0.682957
0.757853
0.818142
0.638558
0.706880
0.649234
0.694909
0.804370
0.713060
0.690396
0.680702
0.745749
0.764925
0.720962
0.627144
0.640991
0.605324
0.647457
0.782089
0.821676
0.803458
1.035698
0.846381
0.832137
0.668095
0.758739
0.563030
0.695131
0.694087
0.591509
0.642327
0.678890
0.489915
0.653380
0.755094
0.617663
0.895550
0.570090
0.694579
0.548780
0.753299
0.698332
0.614934
0.729879
0.692782
0.729874
0.571029
0.714209
0.611225
0.805776
0.867397
0.900926
0.622243
0.556358
0.724756
0.707321
0.908973
0.711678
0.767538
0.898008
0.752987
0.880631
0.558471
0.631223
0.639666
0.677863
0.654990
0.675620
0.605388
0.657657
0.836685
0.659741
0.638150
0.839245
0.699669
0.527702
0.593014
0.929697
0.788384
0.831092
0.735321
0.577906
0.816104
0.850015
0.824834
0.775930
0.705051
0.590201
0.764628
0.569382
0.813101
0.621695
0.622223
0.678570
0.750758
0.704878
0.671749
0.732212
0.990953
0.577034
0.869390
0.743823
0.548141
0.836434
0.679766
0.891034
0.749771
0.497078
0.620262
0.749865
0.480565
0.695357
0.768673
0.702877
0.700856
0.505217
0.722277
0.624565
0.621430
0.737959
0.736631
0.651368
0.738970
0.625518
0.695871
0.764624
0.825577
0.596381
0.591213
0.737402
0.758805
0.729700
0.663840
0.651378
0.599160
0.623278
0.839284
0.561311
1.066678
0.648808
0.633331
0.754095
0.672131
0.708445
0.531273
0.552261
0.676413
0.716167
0.661600
0.707843
0.568539
0.669050
0.651499
0.648644
0.659849
0.776226
0.509211
0.817447
0.685876
0.568112
0.539296
0.510557
0.688049
0.482976
0.562872
0.704513
0.569757
0.608302
0.686873
0.567990
0.630307
0.663735
0.647768
0.758875
0.738780
0.662483
0.619560
0.666401
0.617683
0.731318
0.607212
0.707084
0.633861
0.634056
0.540174
0.556144
0.739236
0.584535
0.877789
0.542053
0.648859
0.710112
0.778829
0.759706
0.760431
0.818662
0.635429
0.712177
0.581048
0.874548
0.635363
0.604807
0.593772
0.639074
0.585313
0.547475
0.538432
0.683403
0.824924
0.821047
0.663099
0.507790
0.475630
0.520328
0.623517
0.733578
0.593746
0.528851
0.595337
0.584002
0.572605
0.570751
0.663228
0.637139
0.689162
0.496660
0.618862
0.749366
0.612172
0.610756
0.544098
0.645635
0.529250
0.552270
0.590980
0.670011
0.712628
0.448175
0.634288
0.748420
0.562963
0.650596
0.598960
0.688388
0.653250
0.524491
0.575395
0.776822
0.594330
0.794007
0.802040
0.843554
0.542359
0.590026
0.608865
0.564093
0.658584
0.729677
0.622974
0.694641
0.636648
0.540726
0.638914
0.815202
0.658872
0.870350
0.625503
0.745655
0.540509
0.648566
0.872061
0.726949
0.695206
0.600342
0.480311
0.696270
0.549760
0.641247
0.604984
0.816937
0.540079
0.710728
0.682283
0.902133
0.514167
0.747181
0.659385
0.563039
0.686078
0.710186
0.638911
0.532389
0.593919
0.559693
0.621654
0.688129
0.675770
0.640873
0.595428
0.505486
0.490397
0.530427
0.609069
0.525625
0.694478
0.554399
0.687764
0.536828
0.624371
0.671288
0.500709
0.577239
0.744703
0.575649
0.568826
0.618740
0.515157
0.546704
0.559235
0.648289
0.574594
0.621963
0.661808
0.688574
0.711969
0.599806
0.579677
0.505307
0.758978
0.602809
0.567992
0.733022
0.504138
0.591327
0.765186
0.638308
0.535500
0.782357
0.578952
0.691123
0.589804
0.656932
0.609765
0.716729
0.612245
0.612932
0.675178
0.530717
0.579719
0.634798
0.576718
0.652213
0.479583
0.683807
0.584256
0.517789
0.591439
0.619893
0.727565
0.664602
0.574217
0.637681
0.622253
0.660325
0.517818
0.426241
0.505556
0.522502
0.540010
0.495147
0.552437
0.596330
0.540168
0.563282
0.415074
0.480802
0.535545
0.447657
0.507147
0.626624
0.421522
0.535963
0.536355
0.567094
0.533717
0.453865
0.469637
0.652152
0.661813
0.676569
0.448522
0.595965
0.483488
0.512268
0.538431
0.423683
0.443756
0.648453
0.760085
0.532335
0.585158
0.470759
0.513594
0.640019
0.536517
0.535275
0.610068
0.651608
0.631409
0.506029
0.572163
0.568016
0.475513
0.415853
0.413236
0.479535
0.486406
0.564047
0.492836
0.575733
0.415491
0.564685
0.510051
0.579449
0.514073
0.712815
0.486693
0.592280
0.792429
0.455728
0.539913
0.773229
0.579230
0.608256
0.428978
0.571231
0.608770
0.668630
0.576780
0.520973
0.497717
0.641014
0.381443
0.560517
0.372353
0.367491
0.395112
0.545543
0.522343
0.578512
0.523717
0.407633
0.641590
0.565670
0.722385
0.520203
0.660008
0.432755
0.536803
0.587535
0.509698
0.537280
0.598938
0.711394
0.610786
0.584991
0.709176
0.542954
0.401314
0.622319
0.494551
0.503401
0.642660
0.642649
0.673696
0.597623
0.493845
0.540442
0.656218
0.574746
0.485430
0.571249
0.525392
0.493324
0.511619
0.566083
0.454968
0.393203
0.596942
0.609046
0.441802
0.634587
0.590857
0.469535
0.522416
0.479839
0.565026
0.459931
0.462062
0.473062
0.435120
0.613522
0.710843
0.720599
0.420057
0.505897
0.469107
0.558196
0.459481
0.470893
0.469741
0.561095
0.515120
0.490169
0.791103
0.711850
0.456607
0.636348
0.384839
0.496488
0.505529
0.463277
0.478116
0.550199
0.621123
0.497325
0.537310
0.507181
0.437477
0.542555
0.544417
0.591806
0.359937
0.449487
0.514007
0.421418
0.420398
0.606560
0.278037
0.603763
0.675294
0.380324
0.656993
0.434896
0.483920
0.422482
0.496509
0.430081
0.486288
0.648563
0.451933
0.756190
0.379617
0.414146
0.531168
0.389960
0.468016
0.416767
0.655902
0.520235
0.709191
0.541454
0.590505
0.633595
0.618455
0.503495
0.618720
0.552854
0.415639
0.536440
0.415317
0.437563
0.526228
0.480588
0.440271
0.636642
0.541650
0.501959
0.533727
0.585835
0.561547
0.613988
0.412592
0.603656
0.544292
0.578258
0.590055
0.573862
0.598157
0.470323
0.646944
0.615217
0.633637
0.470484
0.547858
0.502086
0.485834
0.491463
0.441661
0.593892
0.508435
0.653779
0.715350
0.512822
0.600327
0.530092
0.619315
0.446596
0.585251
0.494175
0.571183
0.574944
0.641111
0.518672
0.304444
0.464415
0.312358
0.533641
0.520411
0.512093
0.321884
0.601368
0.498434
0.519297
0.510657
0.548564
0.575812
0.534968
0.665904
0.617786
0.658069
0.692753
0.455451
0.463306
0.569822
0.656802
0.616115
0.584644
0.475481
0.573398
0.407237
0.510061
0.514165
0.575891
0.626745
0.542825
0.529641
0.649281
0.348129
0.514125
0.516214
0.654910
0.489280
0.453305
0.659806
0.408896
0.473059
0.627372
0.489628
0.534009
0.515723
0.413428
0.595011
0.465531
0.630424
0.535490
0.567539
0.461956
0.741018
0.526567
0.707247
0.522628
0.520294
0.646010
0.612007
0.575700
0.612484
0.680329
0.548684
0.503442
0.692053
0.584649
0.558104
0.431630
0.499454
0.549476
0.662823
0.699627
0.471369
0.637000
0.517775
0.530635
0.485064
0.424110
0.643257
0.484873
0.454111
0.393916
0.411045
0.364108
0.721532
0.533423
0.571119
0.581783
0.513093
0.579538
0.388068
0.362330
0.386425
0.425411
0.697910
0.689994
0.583515
0.462068
0.573383
0.708922
0.376677
0.549740
0.434970
0.490171
0.588071
0.461120
0.495763
0.685128
0.624553
0.626875
0.354423
0.498198
0.449604
0.413845
0.653336
0.464916
0.628310
0.408723
0.557015
0.553360
0.438363
0.477799
0.528565
0.621450
0.690089
0.584233
0.492426
0.489910
0.551486
0.567021
0.479467
0.520336
0.583967
0.573676
0.542369
0.687650
0.354891
0.519575
0.430994
0.527960
0.367990
0.506595
0.557508
0.373329
0.486407
0.464873
0.345554
0.402087
0.359784
0.421889
0.415087
0.362493
0.528733
0.359462
0.336263
0.471621
0.341113
0.534100
0.340899
0.447563
0.373115
0.565389
0.332366
0.554018
0.497988
0.290599
0.594876
0.408970
0.342371
0.433354
0.477323
0.422802
0.564576
0.468668
0.390798
0.356975
0.358940
0.355626
0.530824
0.418101
0.350718
0.420543
0.372800
0.360706
0.388545
0.377731
0.475658
0.559298
0.431907
0.483950
0.418013
0.457550
0.407871
0.415817
0.333279
0.466372
0.303073
0.391064
0.536410
0.370727
0.466611
0.464865
0.438819
0.401574
0.416788
0.742611
0.394158
0.443832
0.302602
0.376981
0.443601
0.520662
0.418297
0.498899
0.427242
0.351849
0.402409
0.509013
0.395135
0.359075
0.302200
0.575800
0.354950
0.536564
0.452043
0.441321
0.468777
0.356213
0.306836
0.448578
0.427295
0.421086
0.530539
0.630183
0.401382
0.387770
0.315003
0.418214
0.450384
0.570029
0.462020
0.449122
0.340468
0.425816
0.393446
0.318154
0.476572
0.389928
0.438526
0.315654
0.430480
0.389901
0.490677
0.347404
0.373900
0.658528
0.322749
0.397984
0.369991
0.317794
0.334125
0.367878
0.399468
0.418857
0.405689
0.547438
0.506953
0.484261
0.453351
0.547148
0.401465
0.339928
0.296296
0.539828
0.518504
0.524283
0.495927
0.303888
0.357945
0.409475
0.462828
0.482509
0.307231
0.358348
0.358914
0.434207
0.367346
0.412864
0.412487
0.500627
0.377427
0.564945
0.370349
0.507004
0.300307
0.485682
0.311207
0.313673
0.372185
0.436075
0.451535
0.354383
0.419583
0.420612
0.423044
0.562208
0.301237
0.549219
0.595665
0.495291
0.247308
0.440923
0.392112
0.565676
0.509870
0.566525
0.486660
0.426315
0.546153
0.546580
0.522594
0.558832
0.471474
0.460533
0.316363
0.432278
0.525309
0.418114
0.419956
0.372751
0.338606
0.469042
0.437720
0.487866
0.339783
0.308007
0.581724
0.536742
0.472169
0.324644
0.429024
0.391150
0.493670
0.391146
0.493203
0.347226
0.409496
0.501539
0.482712
0.413760
0.506714
0.374274
0.328771
0.431122
0.464379
0.566434
0.499192
0.471825
0.433016
0.476440
0.502954
0.558330
0.453714
0.368716
0.463008
0.323011
0.399286
0.381062
0.360255
0.485807
0.458210
0.417756
0.469296
0.322903
0.431428
0.544128
0.350644
0.391234
0.463849
0.411876
0.374707
0.427254
0.551053
0.387152
0.462374
0.515182
0.457361
0.399392
0.610243
0.381706
0.445355
0.381684
0.466084
0.434569
0.506057
0.307518
0.404372
0.298869
0.561382
0.344882
0.348888
0.581949
0.386444
0.449458
0.567044
0.494061
0.455140
0.320869
0.410130
0.435653
0.344154
0.496659
0.484184
0.415506
0.378299
0.609529
0.304284
0.714467
0.401649
0.430567
0.358058
0.348897
0.347983
0.304251
0.415871
0.496282
0.467067
0.418184
0.360990
0.586175
0.386068
0.395219
0.299196
0.444886
0.510707
0.392571
0.385042
0.417583
0.377372
0.538217
0.411483
0.354690
0.367003
0.336973
0.387537
0.457113
0.369818
0.363485
0.323909
0.751245
0.482398
0.585707
0.365480
0.339919
0.478358
0.449643
0.322659
0.387064
0.467663
0.466077
0.376657
0.421838
0.486933
0.574974
0.445287
0.387055
0.461278
0.381567
0.372965
0.554985
0.416753
0.368500
0.477151
0.420614
0.419921
0.389376
0.466986
0.370241
0.374304
0.478690
0.530296
0.458077
0.470045
0.428857
0.437081
0.471769
0.571004
0.609213
0.461129
0.428182
0.346590
0.378052
0.262398
0.364364
0.369122
0.435705
0.302862
0.438512
0.380118
0.591475
0.482360
0.486519
0.564590
0.430680
0.328453
0.452532
0.428479
0.299027
0.431503
0.552964
0.502199
0.398516
0.333674
0.330332
0.574074
0.611685
0.406186
0.419333
0.387977
0.408799
0.393436
0.453179
0.340203
0.401875
0.467700
0.418442
0.303322
0.454873
0.416023
0.576091
0.234577
0.488304
0.386145
0.283080
0.260769
0.274002
0.252621
0.283922
0.311586
0.232950
0.347946
0.263139
0.361168
0.327886
0.274979
0.284764
0.238001
0.201852
0.214413
0.318463
0.225208
0.179288
0.342402
0.371438
0.323750
0.232949
0.436753
0.291527
0.341908
0.371582
0.334358
0.380909
0.322176
0.358339
0.278656
0.385063
0.223111
0.265308
0.447900
0.353606
0.320004
0.376769
0.281424
0.328507
0.251954
0.240389
0.445035
0.374765
0.247214
0.361109
0.381128
0.265254
0.365328
0.326669
0.671138
0.223495
0.333142
0.255371
0.237948
0.338660
0.325537
0.276398
0.449878
0.351213
0.363772
0.297877
0.454059
0.297920
0.375914
0.294596
0.272311
0.402872
0.347688
0.263110
0.400163
0.292453
0.273696
0.261443
0.436909
0.436639
0.425759
0.262002
0.391237
0.497529
0.291450
0.331573
0.271406
0.365809
0.309400
0.256267
0.298724
0.365155
0.298925
0.370433
0.497305
0.207027
0.426567
0.368697
0.548297
0.275431
0.362080
0.279490
0.293023
0.399888
0.428906
0.240649
0.388812
0.284182
0.358177
0.395230
0.462785
0.361081
0.357306
0.309124
0.277884
0.388581
0.295134
0.327925
0.304724
0.376514
0.408685
0.271102
0.407770
0.283820
0.364503
0.347287
0.344513
0.466598
0.464010
0.438108
0.366517
0.229315
0.284919
0.269245
0.355320
0.376232
0.303431
0.389934
0.295645
0.402575
0.393220
0.357114
0.412040
0.549609
0.312276
0.441380
0.217681
0.395950
0.220419
0.348680
0.519312
0.339353
0.461915
0.334650
0.236988
0.280940
0.367973
0.366492
0.358340
0.472983
0.344633
0.365495
0.347494
0.337467
0.274448
0.436933
0.342125
0.391884
0.299453
0.494340
0.448129
0.430805
0.296364
0.390250
0.306436
0.342637
0.425462
0.417337
0.410086
0.303294
0.283321
0.286298
0.310509
0.309702
0.445477
0.383872
0.332780
0.248684
0.321407
0.361229
0.273688
0.233483
0.328032
0.347119
0.331196
0.315642
0.430804
0.316231
0.458559
0.471147
0.315009
0.415369
0.470717
0.422476
0.356614
0.226781
0.437283
0.220387
0.286906
0.482838
0.280763
0.212831
0.258427
0.412971
0.452398
0.389881
0.395209
0.377476
0.244239
0.304232
0.297612
0.308271
0.265144
0.315941
0.294433
0.272147
0.311548
0.403396
0.335228
0.446643
0.390189
0.382751
0.341140
0.350979
0.451654
0.392518
0.167414
0.427500
0.212021
0.302453
0.445799
0.473825
0.289940
0.475952
0.413863
0.327064
0.396114
0.345105
0.324307
0.304206
0.307323
0.295581
0.393613
0.314428
0.493421
0.457905
0.369649
0.361602
0.312024
0.387098
0.323622
0.293124
0.242562
0.266214
0.353559
0.374344
0.310265
0.355978
0.244790
0.367828
0.341576
0.302612
0.203014
0.474185
0.304059
0.444521
0.298566
0.444241
0.426081
0.294266
0.275315
0.405537
0.359140
0.410848
0.263550
0.325080
0.342518
0.580965
0.326011
0.407825
0.325334
0.342307
0.493821
0.270023
0.314191
0.368624
0.394157
0.272641
0.484368
0.283967
0.322835
0.414294
0.292464
0.450824
0.374902
0.300637
0.230206
0.399891
0.325964
0.350669
0.359388
0.518622
0.303544
0.505520
0.411456
0.418523
0.440208
0.510678
0.477080
0.423274
0.460376
0.485757
0.381202
0.331499
0.441898
0.283085
0.340348
0.376743
0.292788
0.322089
0.340775
0.351932
0.296993
0.298948
0.389705
0.388349
0.328635
0.347880
0.352693
0.249775
0.342400
0.293277
0.414276
0.264832
0.248010
0.558567
0.264705
0.254226
0.406882
0.475461
0.248353
0.414013
0.284527
0.311233
0.355947
0.490743
0.363913
0.418929
0.240034
0.542227
0.275599
0.288353
0.239900
0.356291
0.321835
0.373878
0.486530
0.304021
0.630590
0.296023
0.273122
0.308821
0.441878
0.290518
0.408697
0.260241
0.404512
0.467722
0.388384
0.471046
0.312193
0.328637
0.295972
0.325095
0.451701
0.422425
0.317166
0.207388
0.324881
0.553591
0.334349
0.464087
0.455820
0.243490
0.202464
0.238479
0.362896
0.208680
0.213460
0.147192
0.323935
0.212266
0.256798
0.183720
0.187960
0.360484
0.146671
0.192490
0.136254
0.216965
0.194751
0.226203
0.186138
0.325445
0.180847
0.244125
0.291060
0.177507
0.247597
0.190438
0.313823
0.281560
0.235205
0.256992
0.205397
0.260807
0.263361
0.285165
0.328746
0.252276
0.375569
0.367819
0.219520
0.185454
0.117565
0.307204
0.362584
0.198455
0.277891
0.239137
0.251829
0.184971
0.130969
0.360673
0.266294
0.279757
0.198224
0.364678
0.276131
0.318480
0.233393
0.208646
0.205295
0.263647
0.174525
0.204046
0.333854
0.165416
0.207773
0.280572
0.262242
0.292589
0.203027
0.188984
0.299200
0.196799
0.284534
0.271233
0.268977
0.234194
0.313047
0.354442
0.281673
0.238390
0.263767
0.342775
0.259529
0.268580
0.194934
0.327295
0.365706
0.314470
0.179279
0.279369
0.178532
0.227762
0.247199
0.148407
0.256630
0.176858
0.244037
0.115426
0.149492
0.224370
0.151356
0.233341
0.247826
0.160258
0.204801
0.287864
0.266881
0.294464
0.224395
0.243842
0.325060
0.191332
0.132043
0.195319
0.228550
0.322963
0.190955
0.206455
0.190377
0.339099
0.245354
0.160631
0.280849
0.237890
0.202032
0.161819
0.293297
0.376771
0.305481
0.298227
0.110894
0.291070
0.181784
0.246153
0.325523
0.241163
0.257832
0.373861
0.302212
0.178310
0.291910
0.309282
0.251410
0.184513
0.241838
0.357772
0.278586
0.391295
0.414049
0.221782
0.204277
0.283713
0.298549
0.364757
0.218060
0.181185
0.231158
0.277374
0.214311
0.247074
0.293816
0.325186
0.330580
0.375847
0.165777
0.284998
0.401489
0.256242
0.274540
0.221225
0.237102
0.235499
0.412624
0.258374
0.284889
0.345078
0.244378
0.322271
0.326584
0.262831
0.169005
0.324656
0.319155
0.242954
0.295899
0.322060
0.213131
0.255798
0.230089
0.264850
0.332121
0.233146
0.307250
0.219499
0.262761
0.398435
0.342827
0.432513
0.320979
0.321401
0.243716
0.295979
0.252016
0.442528
0.158284
0.207833
0.310417
0.183693
0.254272
0.279717
0.117611
0.207737
0.265889
0.280592
0.201312
0.239926
0.234544
0.251458
0.301032
0.334405
0.158138
0.179356
0.321225
0.279703
0.370072
0.320350
0.274333
0.277194
0.244747
0.268964
0.224549
0.177172
0.319093
0.366749
0.292491
0.215615
0.243857
0.237610
0.303108
0.269153
0.234605
0.255935
0.203453
0.224874
0.134875
0.307449
0.258030
0.233800
0.319031
0.363751
0.280143
0.368936
0.268187
0.327409
0.367944
0.261458
0.326623
0.329457
0.258281
0.162513
0.394457
0.203933
0.224100
0.281579
0.389508
0.391222
0.372969
0.163620
0.320203
0.276599
0.338511
0.268902
0.267442
0.395587
0.379417
0.286435
0.270615
0.340551
0.229372
0.233894
0.143104
0.286795
0.198079
0.406354
0.300877
0.259522
0.412919
0.227525
0.188932
0.478149
0.326611
0.271094
0.376214
0.401282
0.299636
0.186771
0.448118
0.249668
0.273396
0.366769
0.165970
0.169610
0.326975
0.254922
0.330963
0.195195
0.297678
0.273216
0.319136
0.217572
0.224357
0.303691
0.261149
0.325935
0.390247
0.384251
0.383220
0.232485
0.237704
0.279233
0.224806
0.407753
0.366614
0.320559
0.317421
0.234742
0.250186
0.375765
0.266744
0.294793
0.307401
0.369256
0.423166
0.395366
0.296638
0.199488
0.370784
0.336968
0.365224
0.235204
0.312688
0.277630
0.299216
0.275309
0.351913
0.237369
0.273338
0.176215
0.265235
0.304436
0.233998
0.275459
0.257617
0.292796
0.262051
0.414403
0.325941
0.386954
0.407545
0.413678
0.365931
0.467038
0.163495
0.312402
0.281893
0.278027
0.320173
0.322855
0.366266
0.242921
0.200143
0.326085
0.350411
0.233808
0.287565
0.320700
0.220731
0.196477
0.470281
0.284244
0.283815
0.306970
0.256276
0.241273
0.362976
0.228294
0.480459
0.343487
0.154796
0.168335
0.149443
0.175842
0.207756
0.182703
0.193490
0.265725
0.199080
0.141374
0.109591
0.149788
0.147738
0.080357
0.146232
0.275411
0.128947
0.153820
0.194174
0.194831
0.101819
0.227090
0.146858
0.131185
0.247696
0.210573
0.124836
0.233512
0.253324
0.135506
0.125896
0.202423
0.206043
0.268198
0.130346
0.186846
0.205211
0.250672
0.144632
0.201438
0.252275
0.411856
0.233823
0.258644
0.162595
0.148853
0.190696
0.265428
0.144013
0.131265
0.182852
0.259195
0.285887
0.198034
0.171506
0.172658
0.098302
0.180147
0.163572
0.123933
0.142066
0.557270
0.142460
0.140066
0.150659
0.182210
0.173602
0.074423
0.112564
0.233989
0.159746
0.209243
0.195246
0.185997
0.206185
0.278578
0.170949
0.134108
0.160138
0.247713
0.155232
0.123740
0.225949
0.081867
0.267329
0.149080
0.189704
0.115612
0.081770
0.272234
0.198358
0.217693
0.204032
0.243332
0.275434
0.107379
0.234016
0.142631
0.173156
0.286083
0.180990
0.179955
0.272571
0.150650
0.163692
0.274158
0.184246
0.246449
0.164540
0.179997
0.252282
0.211676
0.207423
0.261151
0.267208
0.169992
0.192963
0.225151
0.215597
0.201105
0.316432
0.217495
0.165250
0.216308
0.327684
0.158919
0.097738
0.168885
0.203440
0.157136
0.181986
0.189967
0.223292
0.220470
0.308413
0.250386
0.271911
0.193915
0.152474
0.091957
0.243907
0.222551
0.271240
0.146629
0.257211
0.336531
0.181026
0.342073
0.173591
0.183014
0.207802
0.187871
0.267335
0.169475
0.207280
0.255615
0.190250
0.111792
0.214596
0.240649
0.148204
0.212881
0.306010
0.184123
0.177888
0.336068
0.180424
0.168113
0.149712
0.180718
0.145076
0.292721
0.200268
0.233795
0.154403
0.136573
0.231484
0.271700
0.393161
0.216879
0.138468
0.156503
0.379052
0.205928
0.205939
0.197673
0.278599
0.119883
0.161925
0.256927
0.249086
0.304373
0.248535
0.184675
0.208253
0.172373
0.433238
0.194358
0.180529
0.149828
0.215297
0.268425
0.158889
0.184220
0.250595
0.213085
0.171756
0.327081
0.282038
0.172706
0.103455
0.182164
0.181440
0.220787
0.224049
0.234264
0.129781
0.187773
0.128369
0.290840
0.265984
0.247574
0.177432
0.215250
0.164073
0.211927
0.296720
0.109576
0.268749
0.170778
0.157874
0.094721
0.225828
0.156871
0.180728
0.309941
0.267816
0.124462
0.300861
0.256173
0.154729
0.277230
0.200947
0.199194
0.136412
0.150586
0.149828
0.142838
0.129494
0.325145
0.267788
0.287549
0.178971
0.197479
0.260096
0.342073
0.268037
0.262344
0.184947
0.192097
0.262463
0.269929
0.289288
0.227922
0.385130
0.186956
0.327195
0.106043
0.260844
0.224924
0.173345
0.260699
0.392857
0.263044
0.323093
0.191700
0.269305
0.274332
0.182177
0.171426
0.181115
0.297863
0.280494
0.241064
0.185741
0.130277
0.190405
0.140821
0.246225
0.314859
0.239960
0.199769
0.254888
0.253247
0.294346
0.378361
0.139979
0.128451
0.322242
0.169094
0.214679
0.241487
0.182606
0.142959
0.134172
0.186581
0.215647
0.222405
0.138359
0.298524
0.235555
0.156943
0.189708
0.200479
0.297072
0.238920
0.209074
0.324124
0.181648
0.226187
0.231841
0.171642
0.192564
0.197483
0.230533
0.234651
0.253873
0.220805
0.190647
0.209522
0.221324
0.231400
0.247117
0.167950
0.204582
0.276955
0.262103
0.148492
0.210224
0.119654
0.207241
0.138036
0.278879
0.287416
0.219563
0.289573
0.299392
0.203908
0.284870
0.215841
0.315332
0.283179
0.274758
0.234657
0.169283
0.253288
0.182330
0.149455
0.215346
0.140190
0.129879
0.181925
0.200714
0.299659
0.149643
0.142341
0.154204
0.244478
0.179808
0.269727
0.332261
0.186130
0.156495
0.295502
0.257831
0.191990
0.203877
0.143243
0.316853
0.300444
0.235422
0.253617
0.182144
0.259461
0.183705
0.257907
0.177547
0.246607
0.285985
0.195472
0.195920
0.136739
0.167028
0.121229
0.227919
0.149973
0.160152
0.157719
0.140529
0.196763
0.202201
0.104783
0.120133
0.195727
0.181836
0.173717
0.139954
0.175677
0.134946
0.135563
0.292872
0.039799
0.073635
0.123198
0.125035
0.169716
0.147729
0.160853
0.174443
0.139748
0.230423
0.167586
0.132203
0.101652
0.133293
0.223060
0.112966
0.145276
0.110263
0.155104
0.116156
0.117310
0.175950
0.120603
0.212144
0.059405
0.174329
0.130103
0.235172
0.146066
0.182390
0.082125
0.103343
0.170649
0.185652
0.128186
0.097173
0.131740
0.156864
0.142298
0.129129
0.213177
0.123729
0.180266
0.066389
0.123613
0.143987
0.169803
0.121107
0.128820
0.121070
0.121379
0.077817
0.052718
0.145403
0.195199
0.100047
0.114926
0.077331
0.153230
0.185726
0.098145
0.096986
0.212751
0.126157
0.225138
0.099895
0.275556
0.159382
0.164686
0.192146
0.119159
0.144314
0.106905
0.094265
0.129930
0.177325
0.147407
0.178146
0.154047
0.162774
0.120274
0.264283
0.188610
0.178530
0.086566
0.153543
0.071655
0.195830
0.148195
0.149091
0.154782
0.189332
0.139284
0.189815
0.073133
0.215761
0.073273
0.145769
0.146345
0.278204
0.099314
0.177999
0.151145
0.136060
0.165057
0.150381
0.174659
0.155840
0.142490
0.154883
0.131036
0.164776
0.162138
0.096594
0.143449
0.197981
0.066378
0.295703
0.205750
0.185902
0.257455
0.155629
0.116293
0.186955
0.307452
0.302576
0.106193
0.193817
0.162789
0.336605
0.238037
0.144488
0.154880
0.155397
0.168513
0.233384
0.140521
0.204186
0.222293
0.100192
0.215960
0.144767
0.149805
0.236436
0.187145
0.124546
0.139395
0.197292
0.255669
0.184053
0.095698
0.268631
0.204286
0.081004
0.178190
0.100389
0.063527
0.108252
0.108770
0.151985
0.131594
0.243521
0.087337
0.139349
0.109124
0.151872
0.206033
0.231998
0.219050
0.217903
0.145081
0.039799
0.182978
0.179964
0.172052
0.199894
0.179940
0.182680
0.343664
0.177191
0.164883
0.122854
0.200960
0.180178
0.385001
0.202601
0.179783
0.189366
0.134999
0.141952
0.185022
0.242871
0.173095
0.201124
0.149757
0.174130
0.183836
0.183597
0.178454
0.265309
0.140525
0.187409
0.130219
0.180990
0.173692
0.214883
0.258651
0.258475
0.139872
0.198313
0.121734
0.155692
0.226019
0.198966
0.290031
0.091739
0.209804
0.182400
0.272556
0.265134
0.162404
0.188557
0.236007
0.117896
0.178233
0.180066
0.192675
0.151302
0.075798
0.242580
0.143320
0.164376
0.099431
0.133820
0.198152
0.135861
0.199830
0.160112
0.205303
0.110708
0.258761
0.151890
0.179341
0.149137
0.294745
0.229759
0.153690
0.114705
0.251143
0.160628
0.113362
0.163859
0.116358
0.204413
0.135285
0.120739
0.171476
0.270243
0.248955
0.253907
0.145392
0.178411
0.249022
0.153298
0.194817
0.133909
0.199830
0.146226
0.236811
0.215889
0.199936
0.305307
0.202826
0.246897
0.280199
0.171870
0.269108
0.209239
0.131897
0.152823
0.217422
0.153990
0.158162
0.248215
0.205413
0.217168
0.135002
0.136184
0.195987
0.094547
0.241083
0.081242
0.153670
0.112117
0.403178
0.086687
0.080199
0.099393
0.331841
0.244620
0.159783
0.309049
0.123313
0.333829
0.313701
0.111483
0.219873
0.195718
0.218279
0.306886
0.136844
0.147933
0.120636
0.156418
0.140119
0.182486
0.180177
0.250662
0.183170
0.197915
0.128089
0.155513
0.302936
0.158723
0.075522
0.125709
0.141156
0.168928
0.121737
0.090321
0.112838
0.162708
0.150448
0.249268
0.119849
0.155109
0.136555
0.097431
0.145835
0.150536
0.133565
0.240848
0.166610
0.282246
0.245809
0.178794
0.225759
0.165390
0.275464
0.196577
0.191246
0.137935
0.147360
0.177503
0.109326
0.220515
0.122981
0.118144
0.194399
0.236770
0.225845
0.184352
0.101952
0.156073
0.251671
0.171387
0.168846
0.140457
0.151240
0.252313
0.116943
0.077381
0.129541
0.051950
0.054145
0.111506
0.087811
0.170663
0.145682
0.184832
0.131225
0.101789
0.070974
0.100486
0.121131
0.166582
0.109256
0.163413
0.058475
0.080870
0.153795
0.063879
0.045687
0.080997
0.060120
0.113510
0.025560
0.112366
0.132631
0.211974
0.147504
0.060948
0.084669
0.074861
0.066033
0.052994
0.079633
0.101007
0.088511
0.147790
0.087977
0.131627
0.064957
0.055904
0.139842
0.188740
0.123446
0.058388
0.116660
0.136214
0.020525
0.080981
0.180269
0.096527
0.064250
0.132416
0.110844
0.069616
0.047887
0.067405
0.151890
0.084212
0.059629
0.117608
0.088678
0.178800
0.092795
0.142865
0.069573
0.116316
0.157409
0.066107
0.185031
0.109723
0.068195
0.146320
0.167352
0.085914
0.092619
0.083356
0.122653
0.131196
0.125174
0.148731
0.154063
0.182133
0.152745
0.084827
0.172661
0.276015
0.238044
0.176457
0.174110
0.170016
0.116016
0.145382
0.161069
0.127544
0.144143
0.182605
0.080190
0.105749
0.114498
0.068140
0.131580
0.079866
0.066913
0.140521
0.137394
0.158041
0.183285
0.149574
0.130227
0.142985
0.096289
0.137133
0.164582
0.146744
0.189483
0.172873
0.205463
0.117865
0.155017
0.222260
0.165600
0.129282
0.222828
0.149128
0.085680
0.120178
0.163300
0.213499
0.145205
0.128656
0.090258
0.059864
0.104265
0.168001
0.195157
0.243899
0.114585
0.114703
0.115093
0.239026
0.178947
0.083099
0.145787
0.093535
0.068951
0.161619
0.048303
0.234026
0.075279
0.147392
0.122262
0.095021
0.133918
0.125704
0.162040
0.084670
0.173958
0.161440
0.095985
0.100210
0.156647
0.168372
0.189215
0.156186
0.126375
0.059829
0.110552
0.148125
0.158689
0.176275
0.058891
0.138377
0.151404
0.148225
0.080862
0.084811
0.152566
0.071498
0.098029
0.063884
0.075817
0.199991
0.224063
0.168385
0.082883
0.130401
0.128045
0.067265
0.165702
0.180117
0.135526
0.109394
0.115724
0.164150
0.201114
0.146357
0.139953
0.092303
0.148373
0.123638
0.147734
0.157390
0.083777
0.114761
0.179834
0.159624
0.180116
0.205158
0.173804
0.181517
0.100301
0.121887
0.097739
0.136145
0.113348
0.162074
0.087768
0.145700
0.083681
0.119033
0.138675
0.121590
0.149052
0.115563
0.189041
0.156958
0.146302
0.063389
0.129202
0.178928
0.179458
0.155490
0.182584
0.105267
0.139083
0.273734
0.088137
0.058151
0.122890
0.120877
0.242249
0.173611
0.191180
0.218388
0.163463
0.219268
0.241903
0.061467
0.286505
0.128201
0.231940
0.135090
0.072823
0.129348
0.074771
0.132067
0.106363
0.154067
0.127046
0.136660
0.101746
0.191914
0.053453
0.186120
0.141920
0.103447
0.162539
0.059571
0.146752
0.078845
0.057233
0.142371
0.139637
0.069366
0.107568
0.184812
0.139622
0.082260
0.105460
0.098236
0.112096
0.073503
0.149889
0.178504
0.181456
0.088022
0.119028
0.114745
0.144997
0.178459
0.102223
0.113413
0.135396
0.092046
0.141858
0.114235
0.063817
0.188121
0.221958
0.082013
0.085155
0.157868
0.118742
0.092934
0.120697
0.092930
0.108151
0.124162
0.129616
0.193304
0.131255
0.160540
0.138635
0.163462
0.200892
0.149410
0.096236
0.157052
0.099062
0.132654
0.140825
0.109051
0.078909
0.238040
0.220819
0.240040
0.161002
0.196389
0.085316
0.065657
0.185258
0.101168
0.188869
0.183605
0.133546
0.238375
0.177079
0.239611
0.191888
0.255490
0.178747
0.217762
0.165701
0.092170
0.114235
0.119985
0.132289
0.159356
0.143412
0.097529
0.124481
0.275684
0.223167
0.065955
0.146516
0.113646
0.122693
0.282671
0.080662
0.080357
0.219577
0.161375
0.152500
0.127925
0.128226
0.168390
0.164604
0.176568
0.103188
0.162133
0.197981
0.133621
0.204450
0.117769
0.126773
0.107662
0.140690
0.110967
0.122290
0.067263
0.126591
0.190605
0.160018
0.079245
0.145739
0.185008
0.067191
0.048257
0.075679
0.082038
0.112770
0.087172
0.117987
0.046817
0.096061
0.045320
0.029544
0.056937
0.074077
0.049635
0.049594
0.073304
0.070918
0.052784
0.024426
0.078434
0.095293
0.155063
0.189554
0.083018
0.117277
0.038088
0.090467
0.093543
0.056775
0.174965
0.033027
0.117588
0.115633
0.066146
0.105324
0.046005
0.122170
0.279014
0.114265
0.055252
0.055691
0.085019
0.070838
0.089790
0.094876
0.083175
0.121893
0.144416
0.137607
0.064016
0.044136
0.063941
0.057816
0.087013
0.043314
0.120077
0.062890
0.134437
0.070276
0.092809
0.138655
0.132603
0.169610
0.053474
0.040539
0.096904
0.068749
0.121265
0.083442
0.229286
0.122466
0.097418
0.134614
0.225006
0.094643
0.087838
0.044219
0.109990
0.158595
0.082949
0.036837
0.123317
0.144105
0.176179
0.122718
0.060058
0.081160
0.139049
0.049241
0.182483
0.211037
0.055671
0.099976
0.164871
0.042891
0.054417
0.036995
0.115816
0.118782
0.045105
0.137034
0.189368
0.118027
0.090233
0.037773
0.127572
0.083041
0.041861
0.062930
0.064655
0.062602
0.090353
0.071194
0.074225
0.072320
0.092932
0.079397
0.209641
0.106054
0.046168
0.066052
0.092603
0.149830
0.055594
0.145169
0.100117
0.100310
0.160351
0.107173
0.063704
0.120914
0.125148
0.170469
0.082471
0.094406
0.133210
0.077466
0.131030
0.118892
0.051961
0.164510
0.139550
0.039688
0.064056
0.066372
0.244216
0.223138
0.166939
0.080413
0.108677
0.136655
0.074169
0.037764
0.074143
0.038808
0.092952
0.114406
0.093670
0.145719
0.074670
0.049022
0.081629
0.058820
0.131097
0.057465
0.147217
0.152009
0.059788
0.067130
0.085617
0.063726
0.078839
0.063117
0.095792
0.062913
0.139659
0.048771
0.194615
0.103524
0.044287
0.071278
0.170385
0.131246
0.055772
0.158498
0.105639
0.109483
0.096527
0.113572
0.095851
0.050805
0.107297
0.066154
0.114357
0.121530
0.124480
0.141658
0.067487
0.184224
0.055263
0.077274
0.063515
0.099446
0.069189
0.134954
0.085516
0.210983
0.102699
0.127355
0.117290
0.069172
0.070286
0.061362
0.028384
0.173336
0.042159
0.231346
0.190693
0.316393
0.174510
0.093229
0.126800
0.102319
0.079179
0.199598
0.126373
0.084393
0.089761
0.196610
0.066865
0.180992
0.171074
0.138014
0.153830
0.085920
0.112206
0.109103
0.187100
0.095387
0.096060
0.120683
0.085681
0.124726
0.122108
0.105663
0.072607
0.151006
0.151613
0.036569
0.220012
0.198795
0.116409
0.101594
0.225555
0.086050
0.179239
0.141126
0.121357
0.162504
0.068165
0.101149
0.156202
0.174967
0.115702
0.189261
0.112674
0.118648
0.071075
0.138478
0.192429
0.083707
0.087290
0.114548
0.170806
0.113410
0.114291
0.109803
0.106788
0.199321
0.035489
0.053912
0.116698
0.054846
0.043103
0.107727
0.102375
0.124653
0.053207
0.122525
0.036989
0.093558
0.160838
0.078050
0.095290
0.140734
0.091364
0.101606
0.091877
0.064807
0.101921
0.053252
0.102490
0.158362
0.089819
0.108837
0.225487
0.115420
0.034166
0.146137
0.111349
0.103368
0.078173
0.142848
0.052030
0.153790
0.183448
0.098089
0.123122
0.115096
0.140105
0.070564
0.075906
0.080645
0.298018
0.090971
0.101517
0.065677
0.098410
0.107029
0.065482
0.160956
0.110639
0.068363
0.147731
0.052248
0.083712
0.128328
0.080033
0.089602
0.071340
0.116499
0.029363
0.045660
0.144215
0.058837
0.094049
0.165419
0.223518
0.144125
0.129474
0.118316
0.147800
0.125559
0.100637
0.104132
0.054251
0.092381
0.034364
0.144661
0.243652
0.170336
0.118129
0.110453
0.253867
0.084642
0.074659
0.059778
0.122301
0.142044
0.115802
0.048629
0.121434
0.117312
0.093647
0.083726
0.083978
0.150382
0.063566
0.135061
0.093349
0.077626
0.179824
0.047642
0.116888
0.089870
0.129675
0.180556
0.162305
0.092259
0.099688
0.108092
0.141384
0.032893
0.150262
0.082318
0.085380
0.115514
0.057461
0.070576
0.131454
0.063989
0.214726
0.023918
0.118595
0.125645
0.127973
0.079273
0.105398
0.124098
0.082595
0.072139
0.096657
0.073506
0.038597
0.061427
0.091238
0.057008
0.100623
0.151665
0.132983
0.084005
0.086904
0.037285
0.101655
0.023343
0.080246
0.085584
0.071343
0.052783
0.031426
0.045602
0.129308
0.100084
0.049299
0.032844
0.098460
0.040201
0.041305
0.060412
0.117145
0.070205
0.083670
0.029181
0.121953
0.050647
0.121139
0.035740
0.080981
0.083826
0.032605
0.100296
0.058351
0.102438
0.169843
0.110888
0.030487
0.098558
0.096546
0.041733
0.132386
0.106984
0.148325
0.039610
0.091833
0.222760
0.090423
0.049067
0.102965
0.067040
0.039719
0.094163
0.080759
0.059238
0.048143
0.131098
0.099271
0.064010
0.133075
0.064269
0.089764
0.145032
0.143841
0.124658
0.057208
0.064165
0.066016
0.054476
0.056779
0.145444
0.080418
0.074879
0.128210
0.133547
0.112527
0.058763
0.101355
0.105024
0.057638
0.080654
0.123325
0.066863
0.112609
0.029741
0.030540
0.069746
0.033769
0.085030
0.061029
0.099808
0.086756
0.077636
0.120454
0.063037
0.053406
0.078438
0.087729
0.108171
0.070810
0.023983
0.118969
0.098537
0.033907
0.050906
0.068010
0.107331
0.072674
0.050104
0.035976
0.155839
0.107118
0.056642
0.033457
0.078995
0.167542
0.050849
0.193663
0.061734
0.122027
0.053535
0.121122
0.064878
0.116783
0.044162
0.039936
0.069872
0.082363
0.065316
0.065088
0.044630
0.046915
0.168814
0.063661
0.171977
0.082618
0.036821
0.082247
0.093953
0.041065
0.094578
0.058298
0.024425
0.038276
0.063930
0.144152
0.161975
0.100091
0.069187
0.095223
0.077975
0.028165
0.130552
0.071505
0.096418
0.031367
0.088749
0.131692
0.089035
0.153977
0.144714
0.091855
0.186186
0.095149
0.121207
0.238887
0.124040
0.197262
0.049200
0.107540
0.184945
0.160587
0.219862
0.169035
0.067003
0.086686
0.151844
0.128376
0.080000
0.112696
0.120220
0.100115
0.132521
0.086044
0.230769
0.151581
0.104472
0.197352
0.053840
0.082033
0.053380
0.127717
0.134206
0.112990
0.112888
0.086293
0.097317
0.068496
0.076177
0.053792
0.071942
0.100631
0.156157
0.052113
0.063561
0.050080
0.119584
0.080769
0.089296
0.074375
0.080444
0.120400
0.079969
0.064440
0.112679
0.032633
0.066636
0.128031
0.118732
0.101370
0.124333
0.040067
0.123032
0.072477
0.107120
0.223619
0.029954
0.106194
0.081897
0.076681
0.086457
0.075207
0.125723
0.197420
0.103455
0.155938
0.061142
0.042022
0.107246
0.048046
0.095124
0.112553
0.102854
0.076803
0.102570
0.161092
0.103350
0.115684
0.061926
0.124847
0.106379
0.051055
0.032326
0.157855
0.123785
0.107225
0.158247
0.111671
0.105522
0.070073
0.070951
0.107141
0.088283
0.086970
0.208124
0.171123
0.145270
0.070296
0.086935
0.119777
0.080442
0.150669
0.120608
0.043950
0.073909
0.083801
0.088793
0.126807
0.048827
0.040538
0.122300
0.106154
0.088349
0.064141
0.117629
0.075218
0.043261
0.075276
0.056903
0.036544
0.079168
0.045536
0.066648
0.052716
0.123961
0.058691
0.090053
0.080414
0.091272
0.107986
0.107938
0.092657
0.029943
0.065233
0.086786
0.139519
0.044004
0.034538
0.159229
0.055506
0.077213
0.081328
0.147647
0.114473
0.142566
0.035950
0.077666
0.097243
0.034781
0.128134
0.199071
0.072605
0.122924
0.073680
0.044151
0.127324
0.077618
0.140863
0.087983
0.094451
0.086460
0.093820
0.126572
0.061709
0.185288
0.064348
0.094352
0.093170
0.090991
0.120690
0.093985
0.132423
0.169597
0.051607
0.106060
0.121293
0.022601
0.039530
0.132287
0.043361
0.084516
0.097842
0.101784
0.105188
0.136061
0.079893
0.082690
0.080057
0.075640
0.087625
0.045011
0.152298
0.097249
0.067067
0.067977
0.132604
0.085850
0.053126
0.112047
0.011757
0.084491
0.150906
0.042246
0.022733
0.025639
0.053833
0.038509
0.072512
0.105753
0.054382
0.103499
0.095733
0.053768
0.037522
0.061078
0.033783
0.060091
0.072170
0.072137
0.034511
0.046361
0.112519
0.069832
0.061868
0.042194
0.069418
0.033729
0.075049
0.060179
0.051673
0.247526
0.050829
0.041811
0.088166
0.042210
0.052454
0.067008
0.057952
0.102765
0.021380
0.103162
0.051935
0.043894
0.091872
0.017732
0.085200
0.019135
0.031212
0.035967
0.055606
0.056967
0.052121
0.089886
0.058970
0.114675
0.024503
0.020805
0.081673
0.066381
0.058126
0.043080
0.080360
0.038107
0.073861
0.033667
0.024780
0.048098
0.114353
0.083826
0.086774
0.075209
0.125181
0.094792
0.041655
0.041500
0.151942
0.091038
0.081948
0.324408
0.052360
0.041707
0.042317
0.090971
0.111337
0.129325
0.086283
0.041491
0.085598
0.102986
0.088191
0.056509
0.085686
0.152431
0.057445
0.157503
0.054514
0.058447
0.052040
0.057143
0.091846
0.126059
0.131990
0.079127
0.089470
0.036258
0.103222
0.132323
0.071889
0.098224
0.143694
0.022331
0.030843
0.172516
0.089747
0.124442
0.059264
0.069253
0.088089
0.037625
0.176704
0.068754
0.096519
0.115180
0.067146
0.115685
0.082358
0.116393
0.122854
0.060297
0.093892
0.041669
0.051177
0.099666
0.055766
0.059136
0.077737
0.126934
0.181633
0.069058
0.101598
0.024746
0.042717
0.134193
0.075537
0.065275
0.023998
0.039720
0.083081
0.142832
0.111424
0.125775
0.097923
0.039799
0.018620
0.049164
0.105295
0.142070
0.178418
0.049334
0.038574
0.052354
0.070932
0.046597
0.123995
0.076672
0.071057
0.070335
0.087669
0.096003
0.087676
0.145402
0.104289
0.071833
0.092150
0.057927
0.102796
0.120802
0.065396
0.131084
0.096112
0.108444
0.094534
0.048812
0.100162
0.060844
0.070257
0.035924
0.188045
0.196388
0.093195
0.124655
0.054435
0.039795
0.065108
0.046085
0.032148
0.128335
0.073420
0.035462
0.099404
0.047910
0.104972
0.092011
0.087675
0.111808
0.114845
0.084189
0.090521
0.118261
0.081836
0.085372
0.085235
0.083507
0.056948
0.081873
0.051745
0.037301
0.067649
0.105176
0.083314
0.107623
0.070317
0.073535
0.091537
0.164190
0.061819
0.048732
0.050404
0.101035
0.104033
0.063942
0.082295
0.105187
0.134284
0.054515
0.149924
0.071878
0.024025
0.062856
0.152732
0.054458
0.073294
0.020073
0.056911
0.074930
0.067742
0.083220
0.059750
0.088115
0.139106
0.164373
0.064161
0.032063
0.040422
0.111277
0.117817
0.054876
0.058574
0.074790
0.111039
0.099234
0.076093
0.073504
0.070431
0.092591
0.076062
0.082079
0.131834
0.053717
0.074210
0.067196
0.045915
0.065033
0.078224
0.231367
0.096367
0.132241
0.104168
0.126809
0.082120
0.039377
0.102297
0.103578
0.083417
0.040593
0.042488
0.082304
0.034476
0.110460
0.133767
0.152751
0.098073
0.086927
0.060019
0.121218
0.020102
0.069649
0.067887
0.112179
0.150550
0.202228
0.071855
0.069060
0.125650
0.111714
0.084776
0.073829
0.086406
0.078211
0.195143
0.098827
0.134650
0.160062
0.078454
0.069067
0.034385
0.117007
0.058157
0.126162
0.049537
0.113080
0.152280
0.106169
0.170032
0.048036
0.091689
0.087816
0.149858
0.080409
0.098686
0.041212
0.051184
0.065184
0.097197
0.146606
0.068917
0.137355
0.076591
0.116948
0.129417
0.155760
0.078074
0.075454
0.088623
0.132475
0.063688
0.066778
0.042595
0.041784
0.054051
0.060034
0.064343
0.062639
0.217015
0.116069
0.078365
0.120649
0.032571
0.113590
0.035575
0.044739
0.041048
0.037213
0.030486
0.103127
0.047309
0.070017
0.109312
0.065179
0.150239
0.049605
0.073308
0.074087
0.050938
0.059279
0.112074
0.041900
0.078915
0.089128
0.085755
0.077276
0.018447
0.048324
0.026040
0.142756
0.070272
0.149489
0.049964
0.032201
0.071167
0.038629
0.054391
0.054647
0.056994
0.076210
0.076761
0.050914
0.037435
0.016404
0.033802
0.078312
0.038397
0.099573
0.016440
0.095941
0.140275
0.069253
0.032085
0.105190
0.045323
0.012670
0.082444
0.089886
0.060464
0.044651
0.038492
0.016437
0.010869
0.116431
0.061433
0.099720
0.052956
0.020381
0.082603
0.051745
0.045279
0.044831
0.053964
0.081995
0.111612
0.030479
0.076080
0.040650
0.084254
0.069242
0.017427
0.032777
0.182723
0.049026
0.030130
0.079650
0.090082
0.067372
0.044925
0.033039
0.133053
0.110225
0.050431
0.074625
0.065488
0.075478
0.086294
0.140076
0.014156
0.130097
0.082099
0.022623
0.041633
0.058091
0.055802
0.064049
0.059720
0.025482
0.058701
0.130807
0.130074
0.021703
0.041269
0.095019
0.077041
0.028382
0.041118
0.099053
0.062381
0.069648
0.046131
0.060029
0.057574
0.046548
0.024546
0.078016
0.043145
0.053195
0.069740
0.054408
0.021150
0.037740
0.051826
0.034592
0.034278
0.055246
0.057188
0.075397
0.052631
0.124415
0.025158
0.046002
0.105170
0.113637
0.060692
0.011138
0.017689
0.062943
0.023888
0.109961
0.055508
0.037449
0.033761
0.059705
0.023619
0.021636
0.012782
0.033771
0.032944
0.036590
0.027540
0.086648
0.054284
0.007437
0.122661
0.085294
0.095743
0.047688
0.078105
0.083042
0.075382
0.033193
0.071463
0.044894
0.077800
0.023610
0.045381
0.085666
0.054365
0.072188
0.052569
0.071036
0.124990
0.035511
0.046941
0.035390
0.091092
0.058935
0.096616
0.016821
0.090790
0.064491
0.149337
0.092469
0.013930
0.057266
0.041151
0.037223
0.095390
0.033736
0.069710
0.042513
0.046290
0.063489
0.151011
0.115474
0.037271
0.069682
0.061465
0.077103
0.030152
0.088037
0.125527
0.068002
0.062692
0.018491
0.112738
0.068050
0.028656
0.040681
0.055647
0.040106
0.014680
0.032736
0.034964
0.077034
0.118958
0.089724
0.077865
0.072808
0.054948
0.141801
0.029383
0.114017
0.038396
0.038392
0.038559
0.112767
0.078042
0.068860
0.161066
0.056738
0.196350
0.026874
0.128108
0.036631
0.128303
0.084220
0.037160
0.010258
0.052874
0.137849
0.025325
0.083144
0.062767
0.055610
0.067218
0.062258
0.015464
0.044370
0.053799
0.035169
0.068043
0.030220
0.086142
0.117528
0.049102
0.104202
0.063948
0.018947
0.071273
0.104015
0.124976
0.105551
0.053501
0.015900
0.047637
0.159615
0.035526
0.047124
0.016136
0.082170
0.032725
0.094700
0.012911
0.045702
0.066202
0.090221
0.063607
0.031369
0.122427
0.028122
0.053265
0.081101
0.075358
0.122783
0.034690
0.017327
0.103645
0.033530
0.035424
0.072733
0.027460
0.105464
0.094590
0.124124
0.090457
0.042232
0.052066
0.102800
0.103546
0.019923
0.012844
0.112928
0.047497
0.114160
0.156003
0.060931
0.088351
0.075313
0.045869
0.047206
0.112719
0.035015
0.041162
0.107828
0.078333
0.058193
0.131113
0.142309
0.022964
0.088756
0.036608
0.095198
0.116992
0.093799
0.128195
0.096295
0.045530
0.052285
0.075781
0.102129
0.023959
0.055652
0.028728
0.049374
0.062723
0.072309
0.078380
0.057087
0.062267
0.121377
0.037580
0.050446
0.054040
0.084403
0.013363
0.025491
0.068181
0.041364
0.048454
0.078119
0.033177
0.036593
0.063254
0.030996
0.017365
0.124604
0.120017
0.151092
0.054856
0.119011
0.029322
0.056682
0.047468
0.077841
0.071911
0.058029
0.167168
0.009236
0.092797
0.074544
0.051049
0.048570
0.289982
0.057783
0.118297
0.110791
0.079087
0.065280
0.102786
0.086358
0.107052
0.099793
0.021499
0.077239
0.065747
0.127353
0.059260
0.095367
0.059269
0.125350
0.087473
0.111727
0.049821
0.104631
0.033653
0.084356
0.052998
0.118272
0.082000
0.076612
0.095726
0.089812
0.100962
0.085996
0.055177
0.092779
0.059632
0.074058
0.107146
0.120362
0.130647
0.080184
0.041842
0.107590
0.013061
0.039274
0.091797
0.060449
0.091392
0.076108
0.068154
0.033881
0.043794
0.053404
0.070220
0.040451
0.080781
0.067003
0.031743
0.012419
0.031430
0.119504
0.016150
0.029029
0.102186
0.022676
0.074325
0.175388
0.010555
0.077551
0.053359
0.112621
0.076766
0.122541
0.044539
0.085926
0.040210
0.030120
0.042170
0.037163
0.038214
0.072958
0.069567
0.014007
0.006240
0.104834
0.055708
0.045309
0.069080
0.057039
0.059872
0.042404
0.105825
0.048291
0.037557
0.014270
0.026503
0.035181
0.052896
0.066586
0.072151
0.022711
0.058092
0.060000
0.032128
0.089551
0.056778
0.027851
0.018226
0.079004
0.050506
0.015297
0.016949
0.101604
0.012885
0.049156
0.071288
0.056395
0.023814
0.041440
0.014594
0.016399
0.076521
0.008646
0.042979
0.021026
0.036917
0.056174
0.054672
0.024781
0.036239
0.033035
0.072072
0.097969
0.020742
0.022972
0.031402
0.020086
0.034491
0.020589
0.031939
0.012578
0.038187
0.106065
0.031899
0.026127
0.012907
0.041183
0.064526
0.053978
0.088008
0.018259
0.010439
0.057879
0.086738
0.073367
0.040789
0.030708
0.076927
0.034280
0.017000
0.052699
0.011380
0.069612
0.016330
0.052822
0.027578
0.048357
0.021942
0.123050
0.101841
0.029896
0.055749
0.028499
0.043176
0.077254
0.056027
0.021727
0.034902
0.021667
0.147149
0.050649
0.034890
0.025335
0.030866
0.037228
0.095166
0.071324
0.062535
0.095392
0.037425
0.045311
0.049021
0.005321
0.057498
0.029315
0.004961
0.055777
0.055376
0.029020
0.053741
0.076461
0.055315
0.073287
0.076438
0.058036
0.036973
0.053822
0.043999
0.093116
0.069930
0.039352
0.116993
0.104358
0.077146
0.042391
0.037413
0.035952
0.036009
0.051565
0.054862
0.074840
0.052836
0.025864
0.080615
0.059697
0.018689
0.139150
0.038214
0.071015
0.016958
0.092101
0.076638
0.038588
0.054286
0.109033
0.127063
0.081044
0.072458
0.039399
0.041237
0.134683
0.085813
0.004682
0.094509
0.112785
0.098953
0.072903
0.077474
0.046651
0.192053
0.133103
0.137890
0.039645
0.065123
0.128446
0.030014
0.038155
0.091194
0.060292
0.026598
0.069597
0.054553
0.071169
0.108912
0.076212
0.073436
0.110011
0.112816
0.100092
0.112594
0.053982
0.022349
0.107654
0.033983
0.048771
0.056486
0.035433
0.037391
0.184738
0.039352
0.098854
0.054033
0.013608
0.060508
0.096230
0.043600
0.099902
0.125397
0.110985
0.064227
0.051166
0.032470
0.114758
0.083748
0.150029
0.061553
0.063370
0.074477
0.039783
0.040164
0.022011
0.057336
0.032574
0.035627
0.062706
0.100516
0.022254
0.031819
0.045044
0.031015
0.083653
0.030669
0.043450
0.036158
0.036792
0.015005
0.072487
0.098697
0.048477
0.023495
0.086762
0.019164
0.042381
0.010555
0.034580
0.090594
0.087922
0.036472
0.125515
0.072803
0.124414
0.123538
0.026386
0.049775
0.023630
0.052267
0.110242
0.047939
0.080443
0.090794
0.032089
0.019792
0.016494
0.034176
0.062209
0.077893
0.053584
0.096036
0.021594
0.047078
0.066427
0.085012
0.059363
0.050280
0.074758
0.053247
0.093532
0.061125
0.024076
0.111611
0.034577
0.069587
0.101866
0.090470
0.050229
0.018582
0.110307
0.040790
0.046641
0.130417
0.065867
0.019382
0.033098
0.030060
0.053427
0.113067
0.050719
0.151515
0.100374
0.064248
0.045608
0.063101
0.026897
0.030584
0.056516
0.043619
0.066405
0.099729
0.049647
0.062803
0.042523
0.042548
0.049544
0.067221
0.018186
0.028067
0.118160
0.027671
0.043207
0.104648
0.062201
0.100281
0.094604
0.035152
0.106072
0.083050
0.092197
0.094221
0.029272
0.057695
0.215170
0.101389
0.056436
0.028329
0.153733
0.033426
0.037926
0.046212
0.068911
0.043729
0.061204
0.065677
0.104028
0.059088
0.071295
0.089871
0.089494
0.151894
0.073568
0.040017
0.209729
0.090810
0.050692
0.169382
0.084873
0.020571
0.131348
0.062415
0.092630
0.144031
0.015012
0.070364
0.048438
0.058842
0.063929
0.105437
0.117404
0.089620
0.044190
0.026911
0.107121
0.048792
0.045131
0.043933
0.019892
0.037465
0.007542
0.058254
0.031347
0.082691
0.019140
0.028824
0.039285
0.077814
0.104897
0.130636
0.037630
0.009310
0.052391
0.027676
0.012228
0.035566
0.032882
0.024519
0.017038
0.072040
0.064823
0.031238
0.042534
0.011694
0.031036
0.029629
0.048634
0.030490
0.011299
0.085170
0.103213
0.017708
0.019156
0.033519
0.054973
0.021473
0.048484
0.026660
0.053245
0.088518
0.013366
0.026592
0.072858
0.123469
0.056810
0.042299
0.019367
0.017658
0.026949
0.127116
0.026893
0.036784
0.012087
0.038935
0.023186
0.078556
0.104679
0.002413
0.066333
0.025769
0.031834
0.026975
0.060677
0.135548
0.024002
0.061089
0.020469
0.043939
0.077781
0.060938
0.054431
0.059492
0.089400
0.036262
0.041045
0.031848
0.010272
0.068262
0.083031
0.025288
0.028565
0.083969
0.130700
0.069599
0.037906
0.148973
0.027562
0.036019
0.033878
0.102829
0.043272
0.034697
0.073527
0.077474
0.042980
0.031915
0.058248
0.035894
0.051133
0.049109
0.051651
0.027816
0.087887
0.041803
0.046395
0.055991
0.031570
0.048437
0.024664
0.052095
0.073341
0.018605
0.028879
0.026243
0.177580
0.021584
0.045041
0.090003
0.080018
0.028718
0.062769
0.020609
0.041106
0.035328
0.051862
0.036978
0.038412
0.012568
0.041470
0.095629
0.014616
0.036798
0.025526
0.057846
0.048509
0.062645
0.057582
0.063872
0.041611
0.149190
0.089366
0.089422
0.048912
0.032680
0.035073
0.027558
0.082826
0.052823
0.092088
0.032198
0.139215
0.114536
0.033213
0.045358
0.027720
0.074341
0.065718
0.024092
0.070477
0.053668
0.025990
0.056886
0.022576
0.088544
0.022112
0.068628
0.036406
0.091840
0.113208
0.048813
0.046177
0.028634
0.068146
0.038433
0.135418
0.028671
0.063458
0.003234
0.124550
0.010881
0.075052
0.026204
0.082238
0.042391
0.062892
0.022328
0.211875
0.118318
0.040118
0.042683
0.069015
0.042034
0.078627
0.060349
0.075659
0.044967
0.034978
0.046897
0.064424
0.069925
0.061971
0.054660
0.059964
0.137552
0.126056
0.094388
0.061966
0.146205
0.041114
0.032903
0.066693
0.103725
0.079015
0.026650
0.049991
0.027536
0.063707
0.044852
0.144077
0.135188
0.041265
0.023201
0.075242
0.034512
0.053027
0.056036
0.022082
0.055110
0.054753
0.070355
0.095713
0.108820
0.061331
0.153396
0.107557
0.082355
0.096404
0.021056
0.014433
0.055954
0.069500
0.090166
0.034644
0.102789
0.087164
0.080722
0.072967
0.063953
0.047905
0.058896
0.053851
0.031027
0.046067
0.108622
0.090043
0.034294
0.066855
0.017527
0.083300
0.029833
0.031959
0.045441
0.017040
0.026114
0.086110
0.160983
0.096534
0.043882
0.046619
0.055732
0.064693
0.021426
0.078148
0.074470
0.036811
0.075425
0.007226
0.059742
0.042011
0.041203
0.019057
0.047348
0.032511
0.132111
0.052691
0.144640
0.101891
0.066715
0.091962
0.065953
0.035548
0.033174
0.050229
0.028856
0.093730
0.095076
0.077649
0.020232
0.019011
0.107677
0.052641
0.033745
0.032272
0.045536
0.046348
0.113868
0.064418
0.048683
0.031684
0.008598
0.034321
0.047774
0.083044
0.060054
0.091828
0.010889
0.040893
0.037870
0.035362
0.008065
0.046127
0.131570
0.066825
0.071026
0.019126
0.033978
0.048068
0.037224
0.043463
0.083096
0.084951
0.052192
0.032615
0.045811
0.045212
0.139799
0.066238
0.066881
0.057023
0.031319
0.057283
0.075526
0.004425
0.082848
0.016642
0.019372
0.022368
0.027596
0.038304
0.017408
0.148398
0.025714
0.062592
0.030822
0.096491
0.027861
0.039279
0.062715
0.039140
0.122364
0.022901
0.035283
0.036512
0.045197
0.006067
0.083911
0.036201
0.023020
0.028328
0.142607
0.006663
0.058421
0.112945
0.090461
0.098059
0.075384
0.026386
0.037219
0.022657
0.032011
0.073609
0.069981
0.043560
0.014676
0.046128
0.123832
0.035061
0.023729
0.006487
0.025595
0.033306
0.060973
0.056527
0.011383
0.078565
0.015667
0.031527
0.052393
0.009858
0.018591
0.055334
0.088304
0.004881
0.031965
0.054367
0.058258
0.034203
0.051056
0.061711
0.063844
0.011237
0.015995
0.037523
0.017273
0.043868
0.006122
0.030122
0.049306
0.043728
0.008076
0.023328
0.049044
0.044220
0.041538
0.012999
0.013869
0.069670
0.116345
0.065826
0.010118
0.065147
0.008763
0.035431
0.014313
0.080475
0.066841
0.005901
0.077111
0.030852
0.054740
0.022606
0.078511
0.047333
0.059778
0.026938
0.089683
0.038163
0.007526
0.066476
0.058257
0.034452
0.020034
0.093182
0.036957
0.113474
0.039451
0.022760
0.125722
0.027130
0.066050
0.018936
0.094687
0.061395
0.022176
0.023842
0.007878
0.047673
0.088856
0.034378
0.025768
0.038609
0.010241
0.068737
0.020545
0.118795
0.023952
0.016073
0.017324
0.103496
0.050267
0.081263
0.023521
0.023905
0.051674
0.091720
0.034831
0.105100
0.037344
0.021300
0.023450
0.011322
0.092915
0.041609
0.046808
0.072524
0.050473
0.055727
0.055644
0.055311
0.037845
0.016904
0.035066
0.051861
0.079784
0.070408
0.170226
0.074745
0.018813
0.045097
0.051589
0.055849
0.076085
0.093493
0.059741
0.034621
0.065652
0.029304
0.039664
0.020276
0.008347
0.026791
0.119457
0.054627
0.042169
0.035745
0.017511
0.082334
0.053013
0.063256
0.076296
0.017381
0.102267
0.052693
0.038929
0.056500
0.085159
0.066344
0.110682
0.040306
0.064617
0.081830
0.026280
0.062149
0.023093
0.029572
0.038819
0.166704
0.125372
0.087182
0.015888
0.036436
0.082625
0.047143
0.037689
0.051558
0.052658
0.039166
0.104899
0.103117
0.089178
0.052417
0.018163
0.009591
0.076543
0.046318
0.134083
0.095959
0.041366
0.013004
0.040557
0.033386
0.069137
0.056395
0.015069
0.062747
0.038949
0.068887
0.100808
0.048325
0.026764
0.113188
0.038097
0.081438
0.055559
0.054291
0.019192
0.065048
0.058340
0.101958
0.061382
0.059363
0.053335
0.070296
0.061090
0.032347
0.130660
0.045050
0.101387
0.058382
0.038201
0.039304
0.126680
0.075658
0.188425
0.087977
0.104248
0.062128
0.025221
0.066059
0.061448
0.083015
0.034979
0.033467
0.036985
0.060634
0.021907
0.026180
0.054621
0.062529
0.052540
0.043234
0.104943
0.026296
0.040721
0.148556
0.051221
0.089286
0.040503
0.159535
0.036572
0.026868
0.046769
0.040421
0.022423
0.091353
0.073456
0.040080
0.054427
0.071972
0.011933
0.068552
0.035771
0.019620
0.164260
0.049970
0.118144
0.079252
0.087226
0.050805
0.076795
0.043359
0.024852
0.048534
0.022456
0.032205
0.066905
0.052294
0.027061
0.051645
0.075777
0.050384
0.064264
0.072807
0.018260
0.037417
0.035278
0.021094
0.025468
0.030481
0.087430
0.020842
0.059973
0.056092
0.018867
0.118713
0.110465
0.047035
0.023099
0.013428
0.022694
0.079414
0.069861
0.021386
0.024673
0.037947
0.057218
0.070419
0.041049
0.033830
0.044615
0.028437
0.017082
0.047500
0.113569
0.024680
0.028041
0.038125
0.083544
0.064962
0.020916
0.036545
0.032760
0.061398
0.041409
0.081681
0.014953
0.038878
0.074868
0.132219
0.029506
0.050562
0.027866
0.043777
0.035338
0.051170
0.044252
0.111743
0.046498
0.034779
0.033951
0.044275
0.070094
0.058577
0.039852
0.043943
0.041846
0.052533
0.021474
0.147658
0.103314
0.049618
0.099633
0.048716
0.081367
0.023739
0.025528
0.109448
0.109434
0.082992
0.093280
0.113730
0.079081
0.065635
0.096964
0.032617
0.056089
0.055816
0.027307
0.020320
0.044331
0.081191
0.113690
0.048299
0.056109
0.121034
0.057635
0.024518
0.032928
0.032095
0.039256
0.075939
0.011521
0.085681
0.020184
0.019877
0.099322
0.020550
0.019940
0.013358
0.051695
0.008370
0.013811
0.011692
0.025770
0.019059
0.040093
0.028642
0.025774
0.027790
0.106940
0.044785
0.009658
0.006992
0.117291
0.019963
0.018278
0.045295
0.041196
0.033137
0.015260
0.020711
0.054470
0.009335
0.009182
0.023085
0.041759
0.031700
0.064988
0.012541
0.053781
0.046222
0.085384
0.024499
0.002800
0.004040
0.033420
0.048077
0.063324
0.030512
0.043771
0.020055
0.020247
0.037431
0.022991
0.050557
0.057388
0.006529
0.060405
0.025552
0.018237
0.053191
0.017353
0.150595
0.037357
0.008203
0.031190
0.020808
0.023547
0.027536
0.050678
0.011180
0.112229
0.064138
0.115399
0.058053
0.140782
0.038254
0.020577
0.027622
0.041014
0.035209
0.087016
0.041111
0.031030
0.055510
0.201430
0.057490
0.059986
0.051333
0.016437
0.051069
0.059996
0.127046
0.025557
0.048051
0.045052
0.050973
0.115201
0.024332
0.134501
0.111250
0.030356
0.129442
0.091777
0.130342
0.083254
0.042419
0.104997
0.058575
0.082363
0.041659
0.016691
0.025439
0.037887
0.069683
0.023758
0.067783
0.081004
0.074803
0.018657
0.026335
0.024261
0.038284
0.017999
0.030075
0.084713
0.050942
0.045502
0.044730
0.022624
0.058431
0.103078
0.040210
0.035483
0.100191
0.015869
0.047288
0.050571
0.027045
0.022860
0.076889
0.028292
0.030745
0.034133
0.062455
0.098134
0.195744
0.012975
0.022861
0.058627
0.107053
0.028380
0.109328
0.016995
0.042986
0.101317
0.058847
0.041265
0.029596
0.045391
0.088620
0.052112
0.066178
0.014141
0.009979
0.018402
0.024001
0.046342
0.046811
0.090351
0.098707
0.019133
0.027326
0.027139
0.075868
0.042633
0.041426
0.033227
0.043256
0.110996
0.064307
0.035214
0.070923
0.060832
0.044151
0.046852
0.088900
0.071493
0.020727
0.023624
0.075354
0.048164
0.047672
0.068303
0.056910
0.054021
0.049282
0.071474
0.015168
0.061768
0.020840
0.074738
0.141651
0.021074
0.085775
0.082160
0.224958
0.029925
0.055647
0.027535
0.124729
0.043621
0.025327
0.067239
0.032819
0.056716
0.039063
0.045463
0.093387
0.013958
0.017862
0.032146
0.046212
0.033221
0.020828
0.034118
0.061023
0.056133
0.018950
0.126503
0.078488
0.091396
0.063181
0.070152
0.077701
0.027219
0.025930
0.029572
0.047448
0.122856
0.038874
0.072899
0.045081
0.054080
0.019309
0.103370
0.072586
0.026251
0.083409
0.059397
0.090994
0.018273
0.048136
0.039538
0.030073
0.034412
0.030894
0.010682
0.063652
0.047322
0.036973
0.024897
0.053479
0.028944
0.071626
0.028871
0.051560
0.095741
0.089054
0.015467
0.057320
0.078832
0.009451
0.072289
0.071949
0.018175
0.046325
0.024628
0.034167
0.007679
0.035508
0.015806
0.044394
0.016891
0.070539
0.056018
0.024690
0.022747
0.016305
0.090860
0.063925
0.032043
0.077366
0.032013
0.028168
0.014048
0.013047
0.023962
0.055105
0.024214
0.022609
0.015355
0.053566
0.065079
0.074683
0.013652
0.019561
0.015643
0.012092
0.043144
0.019030
0.070081
0.052508
0.055193
0.074572
0.014253
0.015062
0.018693
0.042332
0.079306
0.057742
0.049459
0.054652
0.052084
0.102858
0.104330
0.060554
0.098721
0.018628
0.079967
0.022584
0.075384
0.063975
0.130922
0.106401
0.142540
0.040916
0.068522
0.042807
0.042187
0.086299
0.098011
0.088923
0.050369
0.050635
0.126727
0.081907
0.053674
0.087135
0.118126
0.108089
0.090646
0.105323
0.037498
0.050885
0.084604
0.034515
0.086275
0.025667
0.074247
0.093437
0.048369
0.029348
0.062606
0.082448
0.035122
0.036142
0.013686
0.021137
0.031909
0.068176
0.036843
0.066591
0.033040
0.069145
0.136114
0.045904
0.046897
0.035210
0.110692
0.086472
0.043946
0.013454
0.018215
0.043063
0.041716
0.122087
0.047574
0.069293
0.031150
0.129802
0.049000
0.067775
0.036377
0.020638
0.087457
0.118194
0.055371
0.039859
0.007373
0.050665
0.026122
0.060733
0.026463
0.016100
0.048335
0.006734
0.009643
0.017797
0.061725
0.034599
0.049957
0.075235
0.041526
0.037163
0.015528
0.019044
0.018739
0.034999
0.011079
0.050872
0.012740
0.017372
0.090705
0.019308
0.020772
0.060216
0.052291
0.005887
0.017730
0.005683
0.022186
0.013844
0.014435
0.009575
0.049678
0.014897
0.027792
0.006773
0.045545
0.033707
0.033465
0.009179
0.010371
0.086673
0.042209
0.028143
0.014456
0.078262
0.079948
0.048664
0.006925
0.007120
0.010321
0.030809
0.088842
0.025699
0.082521
0.022396
0.021769
0.014727
0.025003
0.011412
0.063985
0.065566
0.073338
0.050790
0.143026
0.087854
0.028364
0.021922
0.014382
0.060902
0.048116
0.053920
0.088245
0.026446
0.113155
0.028786
0.026401
0.033508
0.035701
0.115465
0.023693
0.068024
0.011822
0.060329
0.009757
0.010543
0.018572
0.032645
0.013520
0.037111
0.142745
0.071726
0.068906
0.032119
0.062327
0.008180
0.052682
0.012814
0.004196
0.003246
0.025445
0.044683
0.037019
0.051391
0.061104
0.063899
0.035902
0.043766
0.047174
0.030649
0.030043
0.142537
0.072621
0.025425
0.020220
0.089494
0.038164
0.045216
0.036613
0.032346
0.088289
0.080783
0.040036
0.085091
0.030978
0.053866
0.013959
0.044144
0.008290
0.068087
0.073318
0.069618
0.032405
0.105187
0.095959
0.021344
0.128522
0.019019
0.032969
0.051353
0.069992
0.153304
0.070495
0.054099
0.051546
0.054506
0.126009
0.144498
0.021749
0.042079
0.027754
0.145629
0.081501
0.034884
0.075360
0.054526
0.053406
0.071765
0.028440
0.014212
0.061025
0.052547
0.085217
0.094646
0.031837
0.063275
0.065828
0.075666
0.053209
0.035468
0.047351
0.013003
0.042156
0.043002
0.051614
0.021436
0.033910
0.011749
0.044476
0.054486
0.054368
0.034425
0.048780
0.006296
0.005985
0.064673
0.020712
0.009235
0.054789
0.061607
0.014626
0.019195
0.011961
0.106609
0.054006
0.067725
0.130182
0.020555
0.074623
0.053640
0.032596
0.035079
0.013783
0.029565
0.032488
0.050839
0.036099
0.045761
0.009403
0.035325
0.008768
0.036676
0.047355
0.100520
0.100371
0.023987
0.041828
0.027321
0.016745
0.031708
0.007995
0.055154
0.093569
0.007403
0.011896
0.007330
0.065443
0.013514
0.030368
0.027751
0.006175
0.089874
0.027073
0.020894
0.028485
0.022701
0.045252
0.089531
0.040068
0.010426
0.109429
0.012748
0.046896
0.027152
0.017765
0.053181
0.154843
0.076165
0.053854
0.041660
0.052614
0.026939
0.004375
0.041013
0.028578
0.056196
0.101249
0.065637
0.065848
0.019884
0.005963
0.017971
0.066085
0.015148
0.033079
0.028397
0.018367
0.105049
0.094793
0.013854
0.089837
0.007024
0.060238
0.032830
0.010988
0.079256
0.024754
0.052768
0.061257
0.071326
0.067402
0.161136
0.018210
0.100547
0.028876
0.031521
0.063126
0.041997
0.019535
0.026229
0.008301
0.016380
0.014469
0.105258
0.015506
0.035115
0.028258
0.043618
0.044704
0.030494
0.016705
0.034771
0.044883
0.017876
0.019718
0.068710
0.007625
0.015261
0.052929
0.014864
0.083186
0.040570
0.005304
0.019703
0.050288
0.039733
0.024474
0.043368
0.079093
0.054560
0.027172
0.033939
0.015480
0.047132
0.124512
0.018779
0.021963
0.006099
0.059798
0.034542
0.012882
0.030386
0.079895
0.069440
0.168616
0.005875
0.023927
0.009352
0.032840
0.027702
0.025211
0.018259
0.017735
0.009929
0.085566
0.033000
0.189624
0.029450
0.003705
0.020451
0.009530
0.037486
0.075295
0.098322
0.074176
0.072786
0.056131
0.111830
0.093045
0.077156
0.095521
0.020532
0.033076
0.083726
0.073993
0.092658
0.032346
0.093370
0.018754
0.056334
0.114386
0.067316
0.049155
0.071713
0.045939
0.031198
0.102147
0.113939
0.059718
0.053301
0.035661
0.018330
0.107354
0.035813
0.016185
0.031549
0.049768
0.202449
0.019724
0.031704
0.099300
0.068528
0.023818
0.011794
0.021994
0.071888
0.041651
0.038039
0.039488
0.012615
0.054629
0.025018
0.010205
0.051273
0.055704
0.037218
0.011408
0.041945
0.012133
0.061008
0.052995
0.069664
0.015219
0.009513
0.040066
0.019301
0.031302
0.065536
0.076254
0.070102
0.019190
0.021102
0.010478
0.019492
0.017453
0.027759
0.025175
0.040819
0.049292
0.014971
0.071244
0.017110
0.031723
0.056834
0.004085
0.030242
0.036039
0.024634
0.032179
0.016267
0.004499
0.019490
0.025811
0.053824
0.050882
0.044151
0.007248
0.005138
0.019803
0.013872
0.019479
0.008870
0.027030
0.005661
0.041457
0.011152
0.037528
0.071136
0.036201
0.024066
0.054725
0.035329
0.005359
0.015317
0.028502
0.042760
0.033462
0.045140
0.052278
0.094409
0.070221
0.011279
0.034532
0.051112
0.062091
0.048752
0.056768
0.018349
0.155716
0.007901
0.007991
0.056727
0.100270
0.049760
0.052876
0.066047
0.047303
0.213061
0.099433
0.016963
0.025966
0.102319
0.029419
0.055886
0.047038
0.111464
0.088130
0.087389
0.030319
0.077478
0.025481
0.064317
0.071626
0.052280
0.049474
0.058745
0.118580
0.019198
0.034521
0.014069
0.054223
0.013669
0.094838
0.162741
0.028493
0.026347
0.061915
0.050669
0.070546
0.064031
0.036184
0.020057
0.019772
0.055189
0.018974
0.076649
0.031691
0.019761
0.029141
0.035138
0.026126
0.088925
0.016022
0.056071
0.020223
0.030667
0.056349
0.076417
0.061742
0.030288
0.042273
0.013589
0.002977
0.080972
0.032258
0.067178
0.016149
0.040230
0.062756
0.018712
0.053513
0.026673
0.002817
0.016628
0.038270
0.119029
0.023760
0.035621
0.035810
0.062391
0.034671
0.011439
0.020481
0.120703
0.013318
0.025722
0.021791
0.078463
0.051890
0.080488
0.103033
0.020522
0.009554
0.027441
0.011100
0.042694
0.068959
0.075011
0.149536
0.028285
0.017694
0.078934
0.010671
0.053895
0.048348
0.023084
0.099480
0.017844
0.100104
0.014844
0.024509
0.049293
0.030893
0.015342
0.035697
0.024801
0.040604
0.056670
0.045887
0.025853
0.020958
0.056790
0.016668
0.031374
0.010163
0.024962
0.030473
0.052076
0.007316
0.020732
0.039920
0.054976
0.023144
0.052426
0.045562
0.015558
0.038075
0.060219
0.003440
0.044010
0.014707
0.056113
0.060746
0.037958
0.010699
0.046081
0.009551
0.006886
0.095331
0.015489
0.140641
0.034562
0.024519
0.027752
0.011936
0.016161
0.033262
0.051492
0.065806
0.043408
0.026819
0.041051
0.016902
0.139954
0.035626
0.060186
0.031463
0.087234
0.101059
0.009889
0.036617
0.047116
0.101240
0.065423
0.033863
0.114760
0.084020
0.131999
0.026929
0.075523
0.037275
0.152037
0.074024
0.049529
0.031411
0.008049
0.044540
0.035148
0.027808
0.038006
0.064070
0.034776
0.037720
0.046289
0.073963
0.047286
0.025332
0.013798
0.070009
0.021811
0.030125
0.025334
0.042417
0.086688
0.016753
0.077086
0.103430
0.031396
0.080667
0.118873
0.079665
0.047954
0.054925
0.031598
0.019417
0.067182
0.065185
0.051150
0.011492
0.074954
0.016488
0.150390
0.071854
0.060929
0.022988
0.043884
0.048249
0.033637
0.048572
0.030470
0.025787
0.023212
0.031412
0.051052
0.019262
0.018699
0.082588
0.022902
0.051305
0.054142
0.116193
0.008828
0.031612
0.061763
0.025267
0.042041
0.088599
0.072496
0.005333
0.033174
0.122332
0.013327
0.043690
0.038313
0.018515
0.040326
0.084208
0.065094
0.021375
0.025097
0.030337
0.079496
0.010426
0.033644
0.086861
0.022366
0.087792
0.018523
0.104168
0.022886
0.066910
0.014975
0.040146
0.030816
0.041911
0.022683
0.020062
0.058141
0.044143
0.075784
0.029090
0.107365
0.033864
0.022332
0.031114
0.007948
0.038624
